
                       be used for evaluation purposes
                                                            20-Mar-2019 13:53
                       _________________________________

                       P E A K     F I T     R E P O R T
                       _________________________________

 Spectrum file Analysed: AA02262019_Ir01_50cm_room131.Chn 
 Sample Title :          Ir01

 Spectrum saved on 26-Feb-2019 at  0:42    Collected on 26-Feb-2019 at  0:39
 Sample  Taken  on 26-Feb-2019 at  0:39    Decayed      0 Days,     0 mins.

            Detector file number used:     7
            Energy     Calibration Performed on  8-Mar-2019 at 12:07
            Peak Shape Calibration Performed on  8-Mar-2019 at 12:08

 

   Datetime:  26-Feb-2019   0:39
   Live:        95.00 
   Mass:        177
   Shelf:       50
   Detector:      7

   Reported Activity values were rounded     
   FitzPeaks Version: 3.71 23rd January 2014           
                                                                                                     
              


 Peak   Centre   FW@HM         Goodness   Peak      %      Gammas       %      2 Sigma
Energy  Channel  (KeV)  Signif  of Fit    Area   Uncert.  per sec.   Uncert. Background

   58.8   313.0   0.93     3.6    0.98      1493   47.5   1.5712e+01   47.5    33811
   63.2   336.2   1.00    94.3    3.40    125928    2.6   1.3256e+03    2.6    38396
   64.8   344.8   1.00   131.0    3.40    205876    1.6   2.1671e+03    1.6    38396
   73.3   390.3   1.14    64.0    4.88     72524    2.4   7.6341e+02    2.4    15677
   75.4   401.3   1.14    27.5    4.88     23292    7.6   2.4518e+02    7.6    15677
   82.2   437.4   1.08    21.6    0.85      8213    4.8   8.6453e+01    4.8     5063
   84.8   451.1   1.08    10.6    0.85      3143   12.0   3.3083e+01   12.0     5063
   87.4   465.1   1.08     4.4    0.85       839   43.3   8.8293e+00   43.3     4603
   94.2   501.5   1.04    34.2    1.13     16960    2.0   1.7852e+02    2.0     4311
   96.5   513.9   1.05    10.0    1.13      2142   11.3   2.2544e+01   11.3     3919
  113.7   605.4   1.04    25.0    0.59      7996    3.4   8.4169e+01    3.4     4438
  129.5   689.4   1.01     8.8    1.11      1730   12.0   1.8211e+01   12.0     3795
  135.3   720.3   1.02     4.1    0.76       510   34.5   5.3685e+00   34.5     3256
  141.1   751.1   1.09    29.9    1.65     10521    2.8   1.1075e+02    2.8     2849
  172.3   917.3   1.17    10.6    1.25      2167    7.8   2.2812e+01    7.8     2587
  176.4   939.5   1.17    11.2    1.25      2353    7.5   2.4769e+01    7.5     2587
  179.1   953.4   1.18     3.7    1.25       807   19.3   8.4966e+00   19.3     2587
  181.3   965.4   1.18     4.2    1.25       521   30.2   5.4888e+00   30.2     2587
  186.8   994.4   1.19    34.1    1.36     15057    1.8   1.5849e+02    1.8     2329
  190.7  1015.3   1.20     3.7    1.36       462   36.9   4.8630e+00   36.9     2541
  203.8  1085.4   1.10     6.5    1.21       897   17.3   9.4471e+00   17.3     2224
  219.7  1169.9   1.27     3.8    0.98       587   23.9   6.1836e+00   23.9     2115
  223.3  1189.0   1.27    11.9    0.98      3134    5.6   3.2986e+01    5.6     2115
  243.5  1296.4   1.23    31.3    1.34     12491    2.0   1.3148e+02    2.0     1824
  258.3  1375.6   1.16     4.7    1.36       483   26.9   5.0817e+00   26.9     1572
  268.7  1430.7   1.18     4.2    1.83      1032   14.9   1.0867e+01   14.9     1664
  284.4  1514.7   1.19     3.5    1.35       286   44.2   3.0149e+00   44.2     1650
  300.5  1600.2   1.22    25.2    0.93      6042    3.4   6.3598e+01    3.4     1586
  317.5  1691.1   1.40    19.2    0.70      5429    3.5   5.7151e+01    3.5     1735
  328.6  1750.1   1.25     6.9    0.99      1102   12.9   1.1598e+01   12.9     1524
  343.3  1828.2   1.26     3.4    1.38       240   51.3   2.5297e+00   51.3     1351
  351.3  1871.1   1.27     9.5    1.12      1373    9.9   1.4456e+01    9.9     1375
  360.2  1918.1   1.30     6.1    1.22      2343    7.6   2.4660e+01    7.6     1337
  361.3  1924.1   1.30    20.8    1.22      7741    3.0   8.1489e+01    3.0     1337
  404.1  2152.1   1.39    12.2    1.41      1734    7.5   1.8248e+01    7.5     1156
  409.6  2181.6   1.40    15.2    1.41      2788    4.8   2.9348e+01    4.8     1074
  430.9  2294.9   1.37     4.1    1.49       244   42.1   2.5731e+00   42.1      964
  456.6  2431.9   1.40     8.2    1.17      1065   10.5   1.1212e+01   10.5      790
  468.3  2493.9   1.41     3.8    1.06       169   53.3   1.7746e+00   53.3      727
  493.6  2629.0   1.44     3.5    0.97       261   33.8   2.7425e+00   33.8      653
  502.8  2677.7   1.52    23.9    0.96      6099    2.8   6.4197e+01    2.8      681
  511.2  2722.4   2.92     3.7    0.91      2429    6.7   2.5570e+01    6.7     1223
  518.7  2762.7   1.47     3.5    0.91       193   39.3   2.0273e+00   39.3      634
  530.9  2827.7   1.48     4.1    0.92       229   34.9   2.4129e+00   34.9      545
  539.2  2871.5   1.55    19.2    1.70      4024    3.6   4.2356e+01    3.6      548
  545.2  2903.5   1.56    24.2    1.70      6115    2.6   6.4371e+01    2.6      548
  558.2  2972.9   1.52     4.9    0.61       262   28.3   2.7623e+00   28.3      451
  569.1  3031.0   1.57    26.5    1.10      6633    2.6   6.9818e+01    2.6      528
  607.8  3237.0   1.62    25.9    1.41      7166    2.6   7.5427e+01    2.6      458
  616.5  3283.7   1.62    21.6    1.42      5241    3.0   5.5163e+01    3.0      435
  623.9  3322.7   1.63     4.1    1.42       467   16.8   4.9208e+00   16.8      435
  627.3  3340.8   1.63    11.9    1.42      1996    5.2   2.1008e+01    5.2      435
  644.6  3433.0   1.62     7.0    1.05       604   10.9   6.3562e+00   10.9      295
  652.0  3472.5   1.63     3.7    1.05       107   48.7   1.1293e+00   48.7      277
  698.5  3720.3   1.68     4.3    1.45       131   38.4   1.3776e+00   38.4      152
  721.6  3843.1   1.76    29.6    1.22      7733    2.2   8.1400e+01    2.2      201
  726.1  3867.3   1.76     3.7    1.22       156   38.5   1.6431e+00   38.5      201
  734.1  3909.7   1.72     3.4    1.35       275   21.4   2.8939e+00   21.4      188
  736.1  3920.4   1.73     3.9    1.35       303   19.3   3.1863e+00   19.3      188
  792.9  4222.8   1.79     9.7    0.93       960    7.1   1.0102e+01    7.1      148
  798.5  4253.1   1.80     3.5    0.93       144   30.2   1.5167e+00   30.2      156
  828.3  4411.6   1.83     5.1    1.60       256   19.6   2.6948e+00   19.6      115
  885.9  4718.6   1.90     3.3    1.05        73   51.2   7.6429e-01   51.2       91
  925.1  4927.0   1.95     5.0    1.06       207   19.9   2.1815e+00   19.9       77
  986.6  5254.8   2.02     3.4    1.02        47   52.8   4.9477e-01   52.8       56
  992.8  5287.9   2.03     3.5    1.02        70   36.8   7.4100e-01   36.8       59
 1003.6  5345.2   2.04     3.5    1.02        43   59.6   4.5418e-01   59.6       59
 1026.9  5469.6   2.07     5.4    0.96       209   17.9   2.2029e+00   17.9       46
 1106.7  5894.4   2.16     3.8    1.09       129   28.9   1.3590e+00   28.9       74
 1254.2  6680.0   2.33     3.5    0.83       146   21.5   1.5339e+00   21.5       30
 1324.0  7051.9   2.42     5.1    0.85       131   20.6   1.3801e+00   20.6       28
 1333.0  7099.8   2.43     5.3    0.85       155   19.4   1.6287e+00   19.4       28
 1457.9  7765.3   2.57     4.5    0.92       109   24.7   1.1484e+00   24.7       20
 1477.3  7868.3   2.60     4.2    0.77       148   19.9   1.5577e+00   19.9       14
 1571.8  8371.9   2.71     3.4    0.59        35   58.9   3.7133e-01   58.9       12
 1791.6  9542.4   2.96     3.3    0.67        60   38.9   6.2679e-01   38.9        8

   indicates the Iterative Peak Width fitting reached a limiting value.
