
                       be used for evaluation purposes
                                                            20-Mar-2019 13:59
                       _________________________________

                       P E A K     F I T     R E P O R T
                       _________________________________

 Spectrum file Analysed: AC02262019_Ir08_22cm_room131.Chn 
 Sample Title :          Ir08

 Spectrum saved on 26-Feb-2019 at  0:54    Collected on 26-Feb-2019 at  0:48
 Sample  Taken  on 26-Feb-2019 at  0:48    Decayed      0 Days,     0 mins.

            Detector file number used:     7
            Energy     Calibration Performed on  8-Mar-2019 at 12:07
            Peak Shape Calibration Performed on  8-Mar-2019 at 12:08

 

   Datetime:  26-Feb-2019   0:48
   Live:       268.00 
   Mass:       877
   Shelf:      22
   Detector:      7

   Reported Activity values were rounded     
   FitzPeaks Version: 3.71 23rd January 2014           
                                                                                                     
              


 Peak   Centre   FW@HM         Goodness   Peak      %      Gammas       %      2 Sigma
Energy  Channel  (KeV)  Signif  of Fit    Area   Uncert.  per sec.   Uncert. Background

   63.2   336.3   1.01    87.0    7.23    109310    1.2   4.0787e+02    1.2    27907
   64.8   344.9   1.01   123.6    7.23    199747    0.9   7.4533e+02    0.9    27907
   66.7   354.8   1.01    15.4    7.23     11798    8.3   4.4022e+01    8.3    27907
   73.3   390.3   1.14    54.4   12.32     66675    3.9   2.4879e+02    3.9    22031
   75.3   400.9   1.14    24.5   12.32     27934    9.3   1.0423e+02    9.3    24034
   82.4   438.4   1.00    26.6    2.29     11151    4.6   4.1609e+01    4.6     7469
   84.8   451.2   1.00    12.0    2.29      5071   10.3   1.8920e+01   10.3     7469
   87.4   465.1   1.00     6.5    2.29      1329   36.4   4.9602e+00   36.4     7469
   96.5   513.8   1.01    21.4    0.86      7849    4.1   2.9288e+01    4.1     5774
  129.4   689.2   1.11    21.8    0.88      7512    4.3   2.8028e+01    4.3     6234
  172.3   917.3   1.12    22.3    1.42      7649    4.4   2.8541e+01    4.4     5630
  179.0   953.2   1.07     7.3    0.83      2143   12.0   7.9951e+00   12.0     5615
  187.0   995.9   1.08     3.9    2.80      1372   19.0   5.1208e+00   19.0     5400
  219.7  1170.1   1.12     7.0    0.89      1508   14.3   5.6258e+00   14.3     4658
  268.7  1430.8   1.18    10.0    2.62      3591    7.5   1.3398e+01    7.5     3924
  293.7  1564.0   1.28    30.8    0.96     11385    2.4   4.2480e+01    2.4     3507
  296.0  1576.3   1.29     3.7    0.96      1059   16.9   3.9505e+00   16.9     3800
  300.8  1602.2   1.29     7.3    0.96      1383   14.2   5.1622e+00   14.2     3507
  308.6  1643.4   1.22     5.6    0.86      1063   17.2   3.9658e+00   17.2     3392
  316.7  1686.4   1.38    13.0    1.90      2972    8.8   1.1088e+01    8.8     3673
  328.6  1750.1   1.33    69.3    2.43     53963    1.0   2.0135e+02    1.0     3933
  351.3  1871.0   1.38    15.3    0.77      4821    4.5   1.7987e+01    4.5     3039
  360.1  1917.9   1.44    23.6    1.68      8828    3.2   3.2940e+01    3.2     2943
  409.6  2181.6   1.40    30.6    1.18     10172    2.4   3.7955e+01    2.4     1951
  456.7  2432.0   1.45    18.8    1.33      3855    4.8   1.4384e+01    4.8     1614
  468.2  2493.6   1.41     8.7    0.86      1219   11.2   4.5498e+00   11.2     1550
  511.2  2722.5   2.82    28.7    2.24     69047    0.9   2.5764e+02    0.9     3357
  539.1  2871.2   1.56    35.8    1.36     13938    2.0   5.2007e+01    2.0     1648
  558.2  2972.7   1.52     3.5    0.96       263   45.3   9.8317e-01   45.3     1349
  569.3  3031.8   1.53     3.5    0.84       309   39.2   1.1528e+00   39.2     1325
  589.1  3137.5   1.55     3.5    0.89       404   26.6   1.5089e+00   26.6     1234
  594.7  3167.5   1.56     3.3    0.89       232   45.2   8.6651e-01   45.2     1234
  605.1  3222.6   1.57     3.6    0.82       376   31.6   1.4045e+00   31.6     1218
  616.5  3283.5   1.58     3.6    1.12       250   42.5   9.3171e-01   42.5     1192
  622.3  3314.2   1.59     3.6    1.12       843   13.6   3.1443e+00   13.6     1192
  624.4  3325.3   1.59     9.9    1.12      1336    9.8   4.9844e+00    9.8     1192
  645.4  3437.6   1.65    14.9    0.76      2755    5.6   1.0279e+01    5.6     1205
  826.4  4401.5   1.83     6.5    1.01       497   23.1   1.8542e+00   23.1      918
  939.0  5001.4   1.88    10.1    0.83       937   11.9   3.4960e+00   11.9      797
 1151.1  6131.2   2.21     8.6    1.03       900   11.3   3.3580e+00   11.3      513
 1175.7  6262.0   2.24     3.7    1.10       140   50.2   5.2180e-01   50.2      486
 1183.8  6305.2   2.25     4.7    1.10       468   17.0   1.7455e+00   17.0      486
 1332.9  7099.2   2.57    11.0    1.37      1386    7.0   5.1705e+00    7.0      243
 1469.3  7826.0   2.59     4.4    1.29       265   22.3   9.8774e-01   22.3      151
 1622.3  8641.0   2.77     3.3    1.04        98   32.9   3.6413e-01   32.9       46
 1791.6  9542.4   2.96     9.6    1.02       477   10.3   1.7795e+00   10.3       28
 1861.8  9916.5   3.05     3.7    0.68        51   46.4   1.8894e-01   46.4       20

   indicates the Iterative Peak Width fitting reached a limiting value.
