
                       be used for evaluation purposes
                                                             7-Mar-2019 13:16
                       _________________________________

                       P E A K     F I T     R E P O R T
                       _________________________________

 Spectrum file Analysed: AF02262019_Ir01_31.6cm_hpge.Chn  
 Sample Title :          Ir01

 Spectrum saved on 26-Feb-2019 at  6:19    Collected on 26-Feb-2019 at  5:47
 Sample  Taken  on 26-Feb-2019 at  5:47    Decayed      0 Days,     0 mins.

            Detector file number used:     1
            Energy     Calibration Performed on  6-Mar-2019 at 16:50
            Peak Shape Calibration Performed on  6-Mar-2019 at 16:52

 

   Datetime:  26-Feb-2019   5:47
   Live:       692.00 
   Mass:      177
   Shelf:     30
   Detector:      1

   Reported Activity values were rounded     
   FitzPeaks Version: 3.71 23rd January 2014           
                                                                                                     
              


 Peak   Centre   FW@HM         Goodness   Peak      %      Gammas       %      2 Sigma
Energy  Channel  (KeV)  Signif  of Fit    Area   Uncert.  per sec.   Uncert. Background

   61.3   334.5   1.05    12.1   18.72     67592   14.5   9.7676e+01   14.5   299357
   63.1   344.4   1.05   432.4   18.72   2343346    0.5   3.3863e+03    0.5   299357
   64.7   353.3   1.05   628.2   18.72   3936214    0.3   5.6882e+03    0.3   299357
   69.3   378.3   1.19     9.7   16.99      7785   41.9   1.1250e+01   41.9    87947
   71.2   388.7   1.19    15.9   16.99     59325    5.3   8.5730e+01    5.3    87947
   73.3   400.1   1.19   350.0   16.99   1483709    0.4   2.1441e+03    0.4    87947
   75.4   411.8   1.20   171.7   16.99    452014    0.7   6.5320e+02    0.7    87947
   82.1   448.3   1.08   126.2    1.47    167856    0.6   2.4257e+02    0.6    39610
   84.7   462.3   1.08    25.5    1.47     17835    4.2   2.5773e+01    4.2    39610
   87.2   476.3   1.08    10.9    1.47      5253   13.8   7.5906e+00   13.8    39610
   94.1   513.8   1.05   194.0    0.98    320342    0.4   4.6292e+02    0.4    37228
   96.4   526.4   1.05    62.7    0.98     51167    1.7   7.3941e+01    1.7    37228
  113.5   620.3   1.07   135.5    0.74    155163    0.7   2.2422e+02    0.7    38297
  119.3   651.9   1.11     3.5    0.92      1099   58.4   1.5881e+00   58.4    42841
  126.3   690.2   1.20     7.7    3.09      4581   65.8   6.6199e+00   65.8    47732
  127.8   698.3   1.20     4.3    3.09     14504   21.1   2.0959e+01   21.1    47732
  129.3   706.5   1.20    63.3    3.09     66949    4.6   9.6747e+01    4.6    51710
  136.4   745.1   1.08     3.5    2.97      2815   49.1   4.0678e+00   49.1    42261
  138.1   754.5   1.08    14.6    2.97      7654   18.5   1.1061e+01   18.5    42261
  140.9   769.9   1.08   157.7    2.97    205474    0.8   2.9693e+02    0.8    42261
  146.9   802.5   1.13     5.7    1.00      3049   34.9   4.4068e+00   34.9    36093
  172.2   941.0   1.12    68.4    1.12     52966    1.4   7.6540e+01    1.4    34441
  176.4   964.0   1.12    58.9    1.12     43315    1.5   6.2593e+01    1.5    34441
  178.9   977.9   1.13    25.9    1.12     15368    3.9   2.2208e+01    3.9    34441
  181.2   990.3   1.13    13.2    1.12      6451    9.1   9.3218e+00    9.1    31571
  186.7  1020.4   1.15   133.9    0.77    182745    0.5   2.6408e+02    0.5    30115
  187.8  1026.1   1.15     5.9    0.77      4743   14.4   6.8537e+00   14.4    32852
  190.8  1042.8   1.15    15.8    0.77      7184    9.3   1.0382e+01    9.3    32852
  197.1  1076.9   1.17     3.6    1.12      1257   45.0   1.8170e+00   45.0    30532
  203.8  1113.9   1.20    31.4    3.41     17676    4.1   2.5544e+01    4.1    29617
  208.9  1141.6   1.19     4.2    1.38      1683   27.4   2.4315e+00   27.4    24734
  212.8  1163.2   1.19    11.7    1.38      5030    9.4   7.2692e+00    9.4    24734
  216.4  1182.6   1.20     4.7    1.38      1043   41.9   1.5068e+00   41.9    26795
  219.8  1201.4   1.20    23.3    1.38     11401    4.1   1.6475e+01    4.1    24734
  223.3  1220.7   1.20    71.5    1.38     57156    1.1   8.2595e+01    1.1    24734
  225.9  1234.6   1.20     8.4    1.38      3582   12.5   5.1769e+00   12.5    26795
  243.5  1331.2   1.18   168.1    1.95    219142    0.5   3.1668e+02    0.5    21948
  252.4  1379.5   1.22     3.6    1.45      1055   41.3   1.5245e+00   41.3    18886
  258.5  1413.1   1.47    24.3    3.29     10815    4.9   1.5629e+01    4.9    17384
  263.5  1440.1   1.48     3.6    3.29      1342   28.2   1.9390e+00   28.2    17384
  268.8  1469.1   1.48    33.1    3.29     28078    2.3   4.0576e+01    2.3    17384
  284.7  1556.0   1.23    12.5    2.54      4578    7.5   6.6157e+00    7.5    12743
  288.4  1576.2   1.23     7.2    2.54      2190   14.6   3.1643e+00   14.6    12743
  293.9  1606.8   1.24    12.1    2.54      5600    7.8   8.0932e+00    7.8    13805
  296.1  1618.6   1.24     9.9    2.54      4247    8.5   6.1371e+00    8.5    13805
  300.5  1642.9   1.25   109.4    2.54    102941    0.7   1.4876e+02    0.7    12743
  306.9  1677.5   1.34     3.3    1.30      2190   17.7   3.1649e+00   17.7    13006
  308.6  1686.7   1.34    10.5    1.30      4357    9.0   6.2960e+00    9.0    13006
  317.6  1736.0   1.35    90.2    6.61     92273    1.0   1.3334e+02    1.0    13970
  324.7  1774.9   1.29     3.6    1.28       835   45.2   1.2062e+00   45.2    12505
  328.7  1796.6   1.30    44.4    1.28     24779    1.9   3.5808e+01    1.9    12505
  343.4  1877.3   1.30     8.4    1.39      3017   12.6   4.3604e+00   12.6    12610
  351.3  1920.5   1.29    49.1    1.14     31384    1.5   4.5353e+01    1.5    12840
  352.7  1928.3   1.29     8.8    1.14      3445   10.5   4.9782e+00   10.5    12840
  356.4  1948.3   1.29     3.4    1.14       648   51.8   9.3638e-01   51.8    12840
  360.1  1968.4   1.30    13.9    1.14     50848    1.3   7.3480e+01    1.3    12840
  361.2  1974.8   1.30    43.4    1.14     58428    1.1   8.4433e+01    1.1    12840
  371.4  2030.1   1.27    17.1    1.22      5577    6.7   8.0587e+00    6.7    11718
  397.5  2172.9   1.34     7.4    0.81      1714   30.6   2.4767e+00   30.6    10077
  404.0  2208.7   1.33    54.5    0.80     28322    1.6   4.0928e+01    1.6     9572
  407.3  2226.8   1.33    11.9    0.80      6451    5.7   9.3227e+00    5.7     9572
  409.6  2239.1   1.33    82.2    0.80     59299    0.9   8.5692e+01    0.9    10308
  420.9  2301.0   1.36     3.6    0.78       589   52.0   8.5098e-01   52.0    10096
  431.1  2356.6   1.49    11.9    0.93      3945    8.3   5.7002e+00    8.3     9294
  456.6  2496.3   1.36    48.0    0.80     22235    1.8   3.2132e+01    1.8     6255
  459.6  2512.9   1.36     8.4    0.80      1878   14.9   2.7136e+00   14.9     6736
  468.2  2559.8   1.47    12.2    1.11      3589    6.4   5.1866e+00    6.4     6597
  472.1  2581.3   1.48     3.3    1.11       338   60.0   4.8781e-01   60.0     6597
  477.7  2611.6   1.48     5.0    1.11       978   20.9   1.4136e+00   20.9     6597
  485.0  2651.7   1.49     3.5    1.11       554   36.5   8.0127e-01   36.5     6597
  493.6  2698.5   1.68    13.1    0.95      4833    6.3   6.9840e+00    6.3     6922
  502.7  2748.4   1.43    67.5    1.69     41513    1.3   5.9990e+01    1.3     5966
  511.1  2794.3   2.78    14.0    1.09     19197    2.5   2.7741e+01    2.5    10657
  518.6  2835.4   1.35    20.4    1.09      6057    4.4   8.7528e+00    4.4     5131
  530.7  2901.2   1.45    13.5    1.10      3299    8.1   4.7667e+00    8.1     5095
  539.1  2947.2   1.47    95.5    2.32     84120    0.7   1.2156e+02    0.7     4629
  541.7  2961.6   1.47    11.2    2.32      2846   11.4   4.1132e+00   11.4     4629
  545.1  2980.1   1.47   103.6    2.32     93037    0.7   1.3445e+02    0.7     4320
  558.1  3051.4   1.53    20.8    1.23      5273    5.1   7.6200e+00    5.1     3589
  569.0  3111.0   1.48   114.5    1.80    105242    0.7   1.5208e+02    0.7     3539
  576.8  3153.5   1.49     6.4    1.29      1559   13.4   2.2536e+00   13.4     3263
  584.9  3197.8   1.50     4.1    1.20       907   18.6   1.3102e+00   18.6     2971
  588.3  3216.4   1.50     4.7    1.20       831   19.8   1.2008e+00   19.8     2971
  594.8  3251.8   1.51     9.2    1.20      1523   11.1   2.2002e+00   11.1     2971
  602.6  3294.8   1.52     3.9    1.82      1084   19.6   1.5666e+00   19.6     2771
  605.2  3308.9   1.52     7.8    1.82      7205    3.6   1.0413e+01    3.6     2771
  607.7  3322.5   1.52   111.6    1.82    110604    0.6   1.5983e+02    0.6     2771
  612.5  3349.0   1.52     3.3    1.82       345   55.9   4.9810e-01   55.9     2956
  616.4  3370.3   1.53    61.8    1.82     35027    1.1   5.0617e+01    1.1     2771
  623.1  3406.5   1.51     6.1    1.22      2819   12.0   4.0740e+00   12.0     2419
  624.2  3412.5   1.51    19.5    1.22      7409    4.9   1.0707e+01    4.9     2419
  627.2  3429.2   1.51    59.3    1.22     31301    1.4   4.5232e+01    1.4     2419
  631.3  3451.4   1.51     4.1    1.22       775   39.7   1.1198e+00   39.7     2419
  633.5  3463.4   1.52     4.7    1.22       863   34.9   1.2466e+00   34.9     2419
  641.4  3506.8   1.72     3.5    1.52       575   31.0   8.3116e-01   31.0     2047
  644.5  3523.8   1.72    25.1    1.52      9218    2.7   1.3321e+01    2.7     2047
  651.7  3563.3   1.56     8.3    1.87      1500   10.4   2.1675e+00   10.4     1636
  655.8  3585.3   1.56     6.9    1.87       926   15.9   1.3380e+00   15.9     1636
  672.3  3675.8   1.57     3.8    2.46       643   22.4   9.2979e-01   22.4     1977
  679.2  3713.6   1.58     5.5    2.46       716   21.5   1.0342e+00   21.5     1854
  689.8  3771.5   1.59     3.6    1.23       327   35.0   4.7305e-01   35.0     1318
  691.9  3783.0   1.59     3.4    1.23       201   57.6   2.9074e-01   57.6     1406
  698.5  3818.9   1.59    15.8    1.23      2744    5.3   3.9653e+00    5.3     1406
  708.7  3875.0   1.61     4.2    1.32       559   28.6   8.0747e-01   28.6     1171
  714.5  3906.6   1.61     6.0    1.32       705   23.0   1.0184e+00   23.0     1171
  721.5  3944.7   1.59   119.4    1.93    115693    0.7   1.6719e+02    0.7     1429
  726.4  3971.4   1.60    14.0    1.93      2030    8.1   2.9334e+00    8.1     1339
  729.7  3989.7   1.60     4.4    1.93       304   47.8   4.3949e-01   47.8     1429
  733.9  4012.6   1.60    15.3    1.93      4280    4.4   6.1843e+00    4.4     1429
  735.9  4023.6   1.61    16.9    1.93      4540    4.3   6.5609e+00    4.3     1429
  743.5  4064.9   1.63     3.9    1.21       399   24.4   5.7706e-01   24.4      963
  746.1  4079.3   1.64     4.4    1.21       255   38.8   3.6788e-01   38.8      963
  751.3  4108.0   1.64     6.3    1.21       561   18.2   8.1079e-01   18.2      963
  756.1  4133.9   1.64     6.6    1.21       812   13.0   1.1727e+00   13.0      963
  765.3  4184.1   1.65     3.5    1.54       209   56.0   3.0269e-01   56.0     1020
  782.4  4278.1   1.70     3.4    1.32       520   24.5   7.5122e-01   24.5     1075
  785.6  4295.5   1.70     3.8    1.32       774   16.6   1.1181e+00   16.6     1142
  788.9  4313.6   1.71    10.2    1.32      1280   10.5   1.8491e+00   10.5     1142
  792.8  4334.5   1.71    42.1    1.32     15032    1.7   2.1723e+01    1.7     1142
  796.2  4353.5   1.71     6.1    1.32       415   28.6   6.0035e-01   28.6     1142
  798.5  4365.6   1.72    12.5    1.32      2043    6.8   2.9517e+00    6.8     1142
  809.0  4423.4   1.69     5.3    1.18       774   15.3   1.1179e+00   15.3      920
  811.3  4435.6   1.69     8.2    1.18      1245    9.9   1.7994e+00    9.9      920
  820.8  4487.8   1.82     3.3    1.28       167   44.7   2.4086e-01   44.7      832
  828.2  4528.2   1.83    17.7    1.28      3743    3.6   5.4096e+00    3.6      832
  836.0  4571.1   1.84     7.6    1.28       867   10.5   1.2535e+00   10.5      832
  839.2  4588.3   1.84     3.4    1.28       219   34.7   3.1628e-01   34.7      832
  846.7  4629.4   1.85     3.5    1.28       343   22.8   4.9637e-01   22.8      878
  850.1  4648.2   1.85     4.5    1.28       161   48.5   2.3207e-01   48.5      832
  856.1  4681.1   1.85     4.2    1.28       316   25.3   4.5655e-01   25.3      832
  880.2  4812.8   1.75     4.9    1.63       581   15.8   8.4020e-01   15.8      719
  885.7  4842.5   1.75     9.2    1.63      1339    7.9   1.9345e+00    7.9      719
  892.0  4877.3   1.76     3.9    1.63       262   33.0   3.7813e-01   33.0      719
  902.4  4934.2   1.77     3.8    0.84       283   31.9   4.0937e-01   31.9      645
  912.5  4989.5   1.78     3.4    0.98       185   50.9   2.6798e-01   50.9      650
  924.8  5056.5   1.88    16.7    1.53      2647    4.6   3.8252e+00    4.6      666
  930.7  5088.9   1.88     3.4    1.53       608   15.6   8.7847e-01   15.6      631
  934.3  5108.7   1.89     3.6    1.53       318   26.3   4.5966e-01   26.3      666
  939.0  5134.1   1.89     5.7    1.53       439   20.2   6.3493e-01   20.2      631
  951.6  5203.3   1.81     3.4    0.75       205   38.9   2.9686e-01   38.9      574
  955.7  5225.4   1.81     3.4    0.75       139   57.1   2.0079e-01   57.1      542
  986.6  5394.6   1.84     5.2    0.72       482   17.3   6.9612e-01   17.3      570
  992.7  5428.1   1.84     7.2    0.72       702   12.4   1.0144e+00   12.4      570
 1002.8  5482.9   1.85     5.6    0.97       460   18.1   6.6495e-01   18.1      508
 1007.8  5510.5   1.86     9.1    0.97       787   11.4   1.1371e+00   11.4      536
 1012.1  5533.9   1.86     6.3    0.97       394   20.7   5.6960e-01   20.7      508
 1026.7  5613.7   1.86    18.4    0.96      2912    3.9   4.2078e+00    3.9      480
 1033.7  5652.1   1.86     4.8    0.96       377   18.9   5.4447e-01   18.9      480
 1036.1  5665.1   1.87     5.7    0.96       233   27.5   3.3628e-01   27.5      480
 1044.1  5708.7   1.87     8.2    0.96       641   12.9   9.2631e-01   12.9      480
 1070.5  5853.1   1.91     5.0    0.90       501   14.0   7.2423e-01   14.0      503
 1080.7  5909.2   1.92     6.8    0.90       639   11.1   9.2307e-01   11.1      503
 1089.3  5956.2   1.93     4.4    0.90       307   21.3   4.4350e-01   21.3      503
 1106.3  6049.0   2.00    10.9    1.24      1679    6.8   2.4260e+00    6.8      477
 1108.7  6062.4   2.00     4.2    1.24       823   11.8   1.1887e+00   11.8      453
 1143.8  6253.8   1.97     5.2    1.21       296   21.0   4.2754e-01   21.0      444
 1150.7  6291.8   1.98     5.5    1.21       383   17.1   5.5396e-01   17.1      467
 1158.1  6332.0   1.98     3.4    1.21       253   26.5   3.6507e-01   26.5      467
 1168.1  6387.0   1.99     4.1    1.21       180   34.8   2.6078e-01   34.8      467
 1183.7  6472.2   2.00     6.1    1.34       426   20.7   6.1613e-01   20.7      435
 1207.4  6602.1   2.02     5.3    1.18       429   19.7   6.1929e-01   19.7      420
 1230.6  6728.7   2.04     5.4    1.00       462   15.4   6.6711e-01   15.4      426
 1240.6  6783.5   2.05     4.1    1.00       191   34.3   2.7534e-01   34.3      426
 1253.8  6855.6   2.12    15.9    1.30      2519    5.0   3.6409e+00    5.0      426
 1293.4  7072.2   2.10     3.6    0.85       103   46.9   1.4844e-01   46.9      237
 1299.7  7106.4   2.10     3.4    0.85       137   35.4   1.9810e-01   35.4      249
 1305.1  7136.0   2.11     3.9    0.85       161   30.5   2.3301e-01   30.5      237
 1312.2  7174.7   2.11     7.6    0.85       510   12.1   7.3762e-01   12.1      249
 1323.2  7235.1   2.23    13.3    0.93      1801    5.4   2.6021e+00    5.4      269
 1326.3  7252.3   2.24     5.0    0.93       324   21.9   4.6789e-01   21.9      269
 1344.3  7350.3   2.14     6.6    1.39       436   13.5   6.2994e-01   13.5      216
 1356.0  7414.6   2.15     3.5    1.39       175   26.4   2.5313e-01   26.4      216
 1362.3  7449.0   2.16     5.8    1.39       409   14.5   5.9079e-01   14.5      216
 1377.4  7531.4   2.17     6.8    1.27       331   17.9   4.7798e-01   17.9      198
 1381.3  7553.0   2.17     6.0    1.27       430   13.4   6.2146e-01   13.4      207
 1387.3  7585.5   2.18     7.9    1.27       551   11.2   7.9675e-01   11.2      198
 1394.8  7626.9   2.18     3.3    1.27       250   21.4   3.6173e-01   21.4      198
 1405.5  7685.2   2.19     7.6    1.20       408   15.4   5.9028e-01   15.4      168
 1408.1  7699.1   2.19     3.8    1.20       458   13.7   6.6227e-01   13.7      176
 1422.3  7776.8   2.21     5.3    0.75       304   17.3   4.3910e-01   17.3      129
 1445.9  7906.3   2.23     5.2    1.63       276   25.9   3.9940e-01   25.9      260
 1457.5  7969.4   2.45    11.6    1.17      1403    5.6   2.0268e+00    5.6      114
 1460.7  7987.0   2.46     4.3    1.17       336   15.5   4.8622e-01   15.5      119
 1468.4  8029.1   2.46     3.8    1.17       109   37.1   1.5775e-01   37.1      119
 1476.5  8073.3   2.47    13.3    1.17      2203    4.1   3.1833e+00    4.1      119
 1495.8  8178.9   2.27     5.4    1.01       425   11.8   6.1387e-01   11.8       99
 1500.7  8205.9   2.27     6.5    1.01       554   10.1   8.0088e-01   10.1       99
 1504.1  8224.2   2.27     6.0    1.01       145   28.5   2.0949e-01   28.5       99
 1509.0  8250.9   2.28     3.3    1.01        77   50.9   1.1191e-01   50.9       99
 1528.3  8356.6   2.29     6.9    1.09       364   13.7   5.2648e-01   13.7       81
 1557.7  8517.6   2.32     6.3    1.22       229   20.8   3.3101e-01   20.8       94
 1571.2  8591.1   2.33     8.6    1.33       478   10.3   6.9040e-01   10.3       61
 1579.0  8633.9   2.34     4.1    1.33        77   44.3   1.1129e-01   44.3       61
 1593.0  8710.5   2.35     3.7    0.97       181   16.6   2.6108e-01   16.6       40
 1600.9  8753.8   2.36     3.9    0.97        98   25.3   1.4115e-01   25.3       40
 1609.3  8799.6   2.36     5.6    0.97        98   26.4   1.4151e-01   26.4       40
 1612.8  8818.9   2.37     5.2    0.97       233   13.6   3.3637e-01   13.6       40
 1622.3  8870.5   2.37     3.4    0.97       111   23.1   1.6050e-01   23.1       40
 1637.7  8954.7   2.39     3.4    1.12       104   35.2   1.5006e-01   35.2       70
 1653.2  9039.9   2.40     5.7    1.06       289   14.0   4.1751e-01   14.0       38
 1672.8  9146.7   2.42     5.8    1.22       106   26.4   1.5305e-01   26.4       31
 1683.3  9204.1   2.42     3.7    1.22       178   16.4   2.5755e-01   16.4       32
 1688.2  9231.1   2.43     4.6    1.22       110   24.7   1.5828e-01   24.7       32
 1720.2  9406.1   2.46     4.1    1.03       106   30.7   1.5255e-01   30.7       36
 1740.1  9514.7   2.47     3.6    0.71        90   29.8   1.2949e-01   29.8       27
 1766.9  9661.6   2.50     6.3    0.85       273   14.4   3.9436e-01   14.4       38
 1797.8  9830.2   2.52     4.4    1.55       138   23.3   1.9894e-01   23.3       48
 1811.2  9903.6   2.53     3.3    1.55        48   52.4   6.9164e-02   52.4       50
 2613.5 14290.9   3.21     4.0    0.51        55   43.3   8.0199e-02   43.3        4

   indicates the Iterative Peak Width fitting reached a limiting value.
