
                       be used for evaluation purposes
                                                             8-Mar-2019 14:46
                       _________________________________

                       P E A K     F I T     R E P O R T
                       _________________________________

 Spectrum file Analysed: AF022619_Ir02_34.8cm_hpge2.Chn   
 Sample Title :          Ir02

 Spectrum saved on 26-Feb-2019 at  6:17    Collected on 26-Feb-2019 at  5:47
 Sample  Taken  on 26-Feb-2019 at  5:47    Decayed      0 Days,     0 mins.

            Detector file number used:     2
            Energy     Calibration Performed on  8-Mar-2019 at 11:34
            Peak Shape Calibration Performed on  8-Mar-2019 at 11:35

 

   Datetime:  26-Feb-2019   5:47
   Live:      1001.00 
   Mass:      277
   Shelf:     30
   Detector:      2

   Reported Activity values were rounded     
   FitzPeaks Version: 3.71 23rd January 2014           
                                                                                                     
              


 Peak   Centre   FW@HM         Goodness   Peak      %      Gammas       %      2 Sigma
Energy  Channel  (KeV)  Signif  of Fit    Area   Uncert.  per sec.   Uncert. Background

   61.9   337.2   1.12     9.7   31.57     57725   60.9   5.7667e+01   60.9   256625
   63.4   345.5   1.12   310.4   31.57   1632294    2.2   1.6307e+03    2.2   256625
   65.0   354.3   1.12   483.2   31.57   2730696    1.3   2.7280e+03    1.3   256625
   69.8   380.4   1.26     5.9    7.62      6604   29.4   6.5975e+00   29.4    87387
   71.4   389.6   1.26     7.1    7.62     41715    4.4   4.1673e+01    4.4    87387
   73.5   401.0   1.26   283.4    7.62   1118821    0.3   1.1177e+03    0.3    80665
   75.7   412.7   1.26   135.2    7.62    345623    0.6   3.4528e+02    0.6    87387
   82.3   449.3   1.15   105.4    1.62    134447    0.8   1.3431e+02    0.8    37851
   84.9   463.3   1.15    19.5    1.62     13773    5.7   1.3759e+01    5.7    41292
   87.6   477.9   1.15     7.1    1.62      3949   19.6   3.9450e+00   19.6    41292
   94.3   514.9   1.12   156.5    1.00    245097    0.5   2.4485e+02    0.5    38442
   96.6   527.5   1.12    55.5    1.00     47236    1.9   4.7189e+01    1.9    35239
  113.8   621.4   1.15   109.1    1.02    123396    0.8   1.2327e+02    0.8    34481
  129.5   707.5   1.29    57.9    4.31     54228    4.7   5.4174e+01    4.7    46675
  138.3   755.8   1.16     6.8    0.77      3416   21.0   3.4125e+00   21.0    37113
  141.1   771.0   1.17   132.4    0.77    165945    0.6   1.6578e+02    0.6    37113
  147.1   803.5   1.17     4.6    0.98      2374   25.6   2.3720e+00   25.6    31872
  172.3   941.7   1.17    63.7    1.02     49950    1.4   4.9901e+01    1.4    31788
  176.5   964.6   1.18    45.9    1.02     33842    1.9   3.3808e+01    1.9    31788
  179.0   978.6   1.18    23.9    1.02     14125    4.3   1.4111e+01    4.3    31788
  181.3   991.0   1.18    13.2    1.02      5510   11.2   5.5044e+00   11.2    31788
  186.8  1020.8   1.21   110.8    1.11    139785    0.7   1.3965e+02    0.7    30046
  187.9  1027.0   1.21     5.6    1.11      4734   15.0   4.7289e+00   15.0    30046
  190.8  1043.2   1.22    13.1    1.11      6047   11.3   6.0405e+00   11.3    30046
  197.1  1077.4   1.22     4.8    1.33      1891   29.4   1.8889e+00   29.4    29509
  203.8  1114.3   1.23    24.8    1.99     14140    4.6   1.4126e+01    4.6    26014
  208.9  1142.2   1.23     3.6    1.60      1216   56.4   1.2143e+00   56.4    22796
  212.8  1163.4   1.23     6.8    1.60      3890   17.8   3.8866e+00   17.8    24696
  219.8  1201.9   1.28    20.0    1.71     10442    5.5   1.0431e+01    5.5    22510
  223.3  1221.1   1.29    55.2    1.71     47241    1.4   4.7194e+01    1.4    22510
  225.8  1234.8   1.29     6.1    1.71      2908   18.4   2.9051e+00   18.4    22510
  243.5  1331.4   1.27   120.4    2.22    177841    0.6   1.7766e+02    0.6    20523
  252.2  1378.8   1.52     3.3    2.27      1091   35.9   1.0899e+00   35.9    17271
  258.5  1413.3   1.53    18.0    2.27      8063    5.4   8.0548e+00    5.4    17271
  263.3  1439.6   1.53     3.8    2.27       832   44.1   8.3122e-01   44.1    17271
  268.7  1469.3   1.54    29.9    2.27     26973    2.1   2.6946e+01    2.1    17271
  284.6  1556.2   1.31    11.4    1.65      3762    9.2   3.7579e+00    9.2    12121
  288.4  1577.0   1.31     6.6    1.65      1413   22.0   1.4113e+00   22.0    13053
  293.8  1606.8   1.32    15.5    1.65      6948    5.3   6.9412e+00    5.3    12121
  296.0  1618.7   1.32     7.5    1.65      3937    8.8   3.9334e+00    8.8    12121
  300.5  1643.3   1.33    93.8    1.65     83184    0.7   8.3101e+01    0.7    12121
  308.5  1687.1   1.32     8.4    1.98      2614   25.2   2.6113e+00   25.2    13266
  317.5  1736.5   1.43    80.9    2.79     75564    1.2   7.5489e+01    1.2    12694
  324.7  1776.0   1.33     3.4    1.29       683   52.3   6.8258e-01   52.3    11765
  328.6  1797.2   1.34    54.0    1.29     29786    1.6   2.9756e+01    1.6    10924
  343.3  1877.9   1.35     8.1    1.01      2286   15.1   2.2833e+00   15.1    11739
  351.3  1921.6   1.47    48.7    4.63     29451    4.6   2.9421e+01    4.6    14395
  360.0  1969.3   1.40    36.7    1.18     47896    1.3   4.7848e+01    1.3    12490
  361.2  1975.7   1.40     8.3    1.18     40713    1.5   4.0673e+01    1.5    12490
  371.3  2031.1   1.32    15.6    1.18      4559    7.7   4.5545e+00    7.7    10605
  397.4  2173.8   1.40     6.6    1.72      1227   27.0   1.2262e+00   27.0     8989
  404.0  2209.8   1.42    45.8    0.95     23026    1.9   2.3003e+01    1.9     8704
  407.2  2227.3   1.43     7.7    0.95      5613    6.5   5.6073e+00    6.5     8704
  409.5  2240.2   1.43    75.3    0.95     56556    1.0   5.6500e+01    1.0     8704
  420.5  2300.2   1.42     3.6    0.90       502   56.9   5.0150e-01   56.9     8217
  430.9  2357.3   1.43     9.4    1.38      2932   10.4   2.9290e+00   10.4     7199
  456.5  2497.3   1.45    44.6    0.92     20808    1.8   2.0787e+01    1.8     6127
  459.5  2513.9   1.45     5.6    0.92      1385   19.8   1.3841e+00   19.8     5719
  468.0  2560.5   1.47    11.4    1.13      2948    8.9   2.9446e+00    8.9     5604
  477.5  2612.5   1.47     4.9    0.97       635   31.9   6.3428e-01   31.9     5350
  484.8  2652.4   1.48     3.9    0.97       686   29.3   6.8551e-01   29.3     5350
  493.4  2699.5   1.79    11.7    1.01      4025    7.3   4.0213e+00    7.3     5750
  502.5  2749.3   1.50    54.2    1.23     28158    1.6   2.8130e+01    1.6     5246
  510.9  2795.4   2.90    13.9    1.60     17697    2.8   1.7679e+01    2.8     9487
  518.5  2836.5   1.41    18.3    1.60      4909    4.7   4.9040e+00    4.7     5082
  530.5  2902.4   1.52    12.5    1.19      2688    9.7   2.6852e+00    9.7     4757
  538.9  2948.3   1.53    88.1    3.50     75733    1.0   7.5657e+01    1.0     7946
  544.9  2981.3   1.53    86.9    3.50     71595    1.1   7.1523e+01    1.1     7946
  557.9  3052.5   1.58    16.8    1.21      4339    5.4   4.3348e+00    5.4     3135
  568.8  3112.3   1.58    97.6    1.76     84196    0.8   8.4112e+01    0.8     3707
  576.7  3155.2   1.56     5.9    0.89      1147   16.0   1.1457e+00   16.0     2904
  584.8  3199.7   1.57     3.8    1.58       644   24.7   6.4317e-01   24.7     2464
  588.3  3218.7   1.57     3.7    1.58       822   18.7   8.2080e-01   18.7     2464
  594.6  3253.1   1.58     8.0    1.58      1177   13.3   1.1756e+00   13.3     2628
  605.0  3310.5   1.59     8.2    1.84      4788   15.4   4.7828e+00   15.4     4111
  607.5  3324.0   1.60    96.0    1.84     87240    1.1   8.7153e+01    1.1     4385
  616.3  3371.8   1.62    48.4    1.35     23757    1.4   2.3733e+01    1.4     2541
  622.7  3406.9   1.61     5.9    1.67      2081   10.6   2.0788e+00   10.6     2114
  623.9  3413.8   1.61    19.6    1.67      7767    3.3   7.7588e+00    3.3     2114
  627.0  3430.6   1.62    49.5    1.67     24870    1.3   2.4845e+01    1.3     2114
  631.1  3453.2   1.62     3.7    1.67       375   49.8   3.7486e-01   49.8     2114
  644.4  3525.7   1.87    22.6    1.79      7777    2.8   7.7696e+00    2.8     1732
  651.5  3564.9   1.88     9.6    1.79      1144   14.0   1.1431e+00   14.0     1732
  655.6  3587.0   1.88     5.1    1.79       698   21.7   6.9717e-01   21.7     1732
  673.5  3685.0   1.65     3.4    1.33       359   34.6   3.5892e-01   34.6     1384
  678.9  3714.7   1.66     4.8    1.33       494   24.6   4.9380e-01   24.6     1384
  698.3  3820.7   1.78    13.5    1.12      2205    6.9   2.2030e+00    6.9     1117
  708.5  3876.7   1.68     3.3    1.84       428   43.6   4.2799e-01   43.6     1296
  714.1  3907.4   1.69     3.8    1.84       430   44.6   4.2935e-01   44.6     1296
  721.3  3946.6   1.71    95.1    2.21     92424    0.8   9.2331e+01    0.8     1050
  726.2  3973.8   1.71    10.9    2.21      1944   12.1   1.9425e+00   12.1     1050
  729.5  3991.7   1.72     4.0    2.21       638   35.2   6.3775e-01   35.2     1050
  733.6  4014.2   1.72    11.2    2.21      3510    7.2   3.5062e+00    7.2     1050
  735.7  4025.5   1.72    10.8    2.21      3815    6.6   3.8107e+00    6.6     1050
  743.6  4068.9   1.72     4.2    1.39       316   28.6   3.1571e-01   28.6      859
  751.0  4109.4   1.72     4.0    1.39       425   21.6   4.2486e-01   21.6      859
  756.0  4136.7   1.73     6.2    1.39       655   14.6   6.5392e-01   14.6      859
  782.2  4280.0   1.80     5.2    1.04       485   23.3   4.8428e-01   23.3      850
  785.6  4298.9   1.80     6.4    1.04       432   25.9   4.3107e-01   25.9      850
  788.7  4315.9   1.80     8.3    1.04      1236    9.6   1.2346e+00    9.6      850
  792.6  4337.1   1.81    36.1    1.04     12135    2.0   1.2123e+01    2.0      850
  796.2  4356.7   1.81     5.3    1.04       357   30.1   3.5684e-01   30.1      850
  798.3  4368.2   1.81    10.0    1.04      1628    7.7   1.6268e+00    7.7      850
  808.7  4425.2   1.78     4.7    1.07       603   17.7   6.0201e-01   17.7      778
  810.9  4437.5   1.78     7.3    1.07       993   11.4   9.9193e-01   11.4      734
  828.0  4530.8   1.93    16.4    1.15      3156    4.3   3.1526e+00    4.3      760
  835.9  4574.2   1.94     6.0    1.15       737   14.0   7.3602e-01   14.0      760
  846.7  4633.4   1.81     6.4    1.35       694   13.7   6.9366e-01   13.7      674
  855.8  4683.2   1.82     4.0    1.35       160   49.9   1.5982e-01   49.9      674
  880.0  4815.7   2.07     5.6    1.00       554   17.2   5.5367e-01   17.2      661
  885.5  4845.3   2.08    10.0    1.00      1195    9.7   1.1935e+00    9.7      661
  902.6  4939.2   1.86     3.7    0.96       202   35.5   2.0229e-01   35.5      565
  911.7  4989.2   1.87     3.5    0.96       153   48.5   1.5272e-01   48.5      565
  924.7  5060.3   2.04    14.3    1.56      2163    5.7   2.1608e+00    5.7      576
  930.9  5094.2   2.05     5.3    1.56       849   11.6   8.4799e-01   11.6      576
  934.3  5112.5   2.05     5.9    1.56       283   30.7   2.8256e-01   30.7      576
  938.8  5137.6   2.05     7.7    1.56       541   17.9   5.4015e-01   17.9      576
  951.7  5207.7   1.91     4.4    1.29       149   55.3   1.4884e-01   55.3      490
  986.5  5398.3   1.94     4.7    1.08       447   17.9   4.4667e-01   17.9      502
  992.6  5431.8   1.94     6.5    1.08       507   16.3   5.0652e-01   16.3      502
 1002.7  5487.1   1.95     5.4    0.90       350   21.7   3.4945e-01   21.7      470
 1007.8  5515.3   1.96     6.3    0.90       567   14.5   5.6652e-01   14.5      470
 1012.1  5538.3   1.96     3.5    0.90       291   26.5   2.9106e-01   26.5      470
 1026.7  5618.7   2.06    15.1    1.42      2294    5.2   2.2914e+00    5.2      477
 1034.4  5660.4   2.07     3.4    1.42       291   23.9   2.9046e-01   23.9      477
 1044.0  5713.3   2.07     4.5    1.42       430   16.7   4.2974e-01   16.7      477
 1070.7  5859.1   2.01     6.1    0.90       378   17.5   3.7766e-01   17.5      462
 1080.6  5913.6   2.02     4.8    0.90       415   15.5   4.1497e-01   15.5      439
 1089.4  5961.6   2.03     3.4    0.90       193   32.4   1.9288e-01   32.4      462
 1106.4  6054.9   2.05     8.7    1.00      1233    8.6   1.2318e+00    8.6      434
 1108.9  6068.4   2.05     8.3    1.00       576   15.4   5.7540e-01   15.4      434
 1144.1  6260.9   2.08     3.3    1.31       249   28.1   2.4904e-01   28.1      381
 1150.6  6296.8   2.09     6.4    1.31       431   17.6   4.3063e-01   17.6      381
 1167.9  6391.5   2.10     3.6    1.37       185   40.3   1.8460e-01   40.3      375
 1183.9  6479.1   2.12     4.4    1.00       449   17.6   4.4879e-01   17.6      341
 1207.5  6608.0   2.14     3.7    1.03       386   20.1   3.8560e-01   20.1      337
 1230.7  6735.2   2.16     5.8    1.06       395   17.5   3.9426e-01   17.5      356
 1240.3  6787.9   2.17     3.6    1.06       154   39.4   1.5427e-01   39.4      356
 1254.0  6862.5   2.22    14.6    1.34      1916    5.8   1.9137e+00    5.8      353
 1312.3  7181.6   2.27     6.6    1.18       416   15.1   4.1601e-01   15.1      245
 1323.4  7242.6   2.28    10.7    1.18      1314    6.3   1.3126e+00    6.3      257
 1326.5  7259.3   2.29     5.9    1.18       251   22.8   2.5064e-01   22.8      245
 1344.4  7357.7   2.26     5.3    0.87       284   23.0   2.8410e-01   23.0      247
 1362.5  7456.5   2.28     6.2    0.99       328   19.5   3.2809e-01   19.5      225
 1377.7  7539.7   2.29     4.0    1.00       277   20.1   2.7637e-01   20.1      181
 1381.7  7561.5   2.30     4.8    1.00       338   16.1   3.3799e-01   16.1      189
 1387.6  7593.9   2.30     6.1    1.00       455   12.5   4.5413e-01   12.5      181
 1394.8  7633.6   2.31     3.9    1.00       161   30.5   1.6047e-01   30.5      189
 1407.1  7700.8   2.32     3.5    3.37       441   17.7   4.4098e-01   17.7      233
 1422.8  7786.5   2.34     4.3    1.18       240   21.8   2.3957e-01   21.8      126
 1445.8  7912.8   2.65     3.7    1.08       308   16.6   3.0815e-01   16.6      157
 1457.6  7977.3   2.66     9.5    1.08      1103    7.2   1.1022e+00    7.2      157
 1460.8  7994.7   2.67     5.4    1.08       632    9.8   6.3134e-01    9.8      157
 1469.0  8039.7   2.67     3.7    1.08       109   37.1   1.0923e-01   37.1      157
 1476.6  8081.4   2.68    10.2    1.08      1721    4.9   1.7191e+00    4.9      157
 1495.9  8186.9   2.40     4.4    0.97       320   17.3   3.1986e-01   17.3      150
 1501.3  8216.4   2.41     5.2    0.97       392   15.0   3.9138e-01   15.0      144
 1528.6  8365.7   2.43     5.7    0.81       265   16.9   2.6432e-01   16.9       69
 1558.1  8527.3   2.46     4.4    1.18       146   31.1   1.4622e-01   31.1      100
 1571.4  8600.1   2.47     6.9    1.09       359   12.4   3.5839e-01   12.4       68
 1579.5  8644.6   2.48     3.5    1.09        69   49.5   6.8936e-02   49.5       68
 1592.8  8717.2   2.49     3.4    1.03       139   21.2   1.3842e-01   21.2       50
 1601.3  8763.5   2.50     3.4    1.03        71   33.0   7.0908e-02   33.0       52
 1613.4  8829.7   2.51     3.5    1.03       169   17.6   1.6835e-01   17.6       50
 1622.5  8879.6   2.52     3.7    1.03        82   30.9   8.1441e-02   30.9       52
 1653.5  9049.6   2.55     5.2    1.07       237   16.1   2.3696e-01   16.1       40
 1673.0  9156.2   2.56     4.5    1.13       100   26.9   1.0034e-01   26.9       31
 1683.3  9212.8   2.57     3.5    1.13       125   21.6   1.2466e-01   21.6       31
 1688.6  9241.6   2.58     3.5    1.13        68   36.9   6.8385e-02   36.9       31
 1720.8  9417.8   2.61     3.6    1.20        99   29.2   9.8987e-02   29.2       26
 1740.3  9524.8   2.63     3.5    0.84        66   37.8   6.6145e-02   37.8       24
 1766.8  9669.8   2.65     3.5    1.33       226   16.3   2.2626e-01   16.3       34
 1798.6  9843.8   2.68     3.3    1.10        82   34.9   8.1471e-02   34.9       54
 1810.7  9909.6   2.69     4.2    1.10        73   40.9   7.3381e-02   40.9       54
 2113.1 11565.0   2.97     3.9    0.67        44   50.6   4.4302e-02   50.6       14
 2613.6 14304.6   3.42     3.6    0.48        65   39.2   6.4772e-02   39.2        3

   indicates the Iterative Peak Width fitting reached a limiting value.
