
                       be used for evaluation purposes
                                                            20-Mar-2019 14:10
                       _________________________________

                       P E A K     F I T     R E P O R T
                       _________________________________

 Spectrum file Analysed: AH02262019_Ir09_18cm_room131.Chn 
 Sample Title :          Ir09

 Spectrum saved on 26-Feb-2019 at  1:25    Collected on 26-Feb-2019 at  1:20
 Sample  Taken  on 26-Feb-2019 at  1:20    Decayed      0 Days,     0 mins.

            Detector file number used:     7
            Energy     Calibration Performed on  8-Mar-2019 at 12:07
            Peak Shape Calibration Performed on  8-Mar-2019 at 12:08

 

   Datetime:  26-Feb-2019   1:20
   Live:       278.00 
   Mass:       977
   Shelf:      18
   Detector:      7

   Reported Activity values were rounded     
   FitzPeaks Version: 3.71 23rd January 2014           
                                                                                                     
              


 Peak   Centre   FW@HM         Goodness   Peak      %      Gammas       %      2 Sigma
Energy  Channel  (KeV)  Signif  of Fit    Area   Uncert.  per sec.   Uncert. Background

   63.2   336.4   0.98    63.5    2.79     54806    3.2   1.9714e+02    3.2    16838
   64.8   345.0   0.98    95.5    2.79    100652    1.9   3.6206e+02    1.9    16838
   66.8   355.3   0.98    16.3    2.79      6058   28.4   2.1793e+01   28.4    16838
   73.3   390.3   1.14    40.0    8.41     35656    5.2   1.2826e+02    5.2    12028
   75.3   400.8   1.14    17.3    8.41     16734   11.4   6.0195e+01   11.4    12028
   82.4   438.4   0.98    21.0    1.29      5809    6.5   2.0897e+01    6.5     4729
   84.7   451.1   0.99    11.3    1.29      3492   10.9   1.2560e+01   10.9     4729
   87.3   464.5   0.99     3.6    1.29       748   46.9   2.6897e+00   46.9     4729
   96.5   513.8   1.03    15.6    0.83      4065    5.7   1.4622e+01    5.7     3884
  129.5   689.3   1.06    14.4    0.53      3679    5.9   1.3232e+01    5.9     3984
  172.3   917.4   1.18    13.1    0.65      3938    5.9   1.4166e+01    5.9     3954
  179.0   953.4   1.07     5.7    0.87      1117   18.1   4.0179e+00   18.1     4004
  187.1   996.4   1.08     3.5    1.32       665   29.5   2.3905e+00   29.5     3668
  219.7  1169.9   1.12     5.5    1.38       762   23.0   2.7421e+00   23.0     2927
  268.7  1430.7   1.18     7.0    2.21      1808   11.2   6.5054e+00   11.2     2189
  283.2  1508.4   1.19     3.4    0.95       307   48.0   1.1060e+00   48.0     2193
  293.7  1564.1   1.26    33.8    1.18     11906    2.3   4.2829e+01    2.3     2069
  296.1  1576.7   1.27     5.4    1.18       981   14.9   3.5290e+00   14.9     2241
  300.9  1602.7   1.27     8.9    1.18      1634    9.4   5.8792e+00    9.4     2241
  308.6  1643.5   1.22     5.6    1.05       905   16.4   3.2543e+00   16.4     2064
  316.7  1686.6   1.20    13.7    1.07      2370    6.8   8.5237e+00    6.8     2092
  328.6  1750.2   1.33    69.6    1.59     56227    1.0   2.0226e+02    1.0     2254
  351.4  1871.3   1.43    11.3    0.50      2577    6.4   9.2683e+00    6.4     1955
  360.1  1917.9   1.38    18.3    1.54      4313    4.4   1.5514e+01    4.4     1956
  409.7  2181.7   1.42    21.4    0.85      5034    3.7   1.8110e+01    3.7     1532
  456.7  2432.2   1.44    12.2    1.33      1958    7.6   7.0422e+00    7.6     1329
  468.3  2493.8   1.41     7.9    0.94      1097   11.7   3.9474e+00   11.7     1293
  502.8  2678.0   1.33     3.5    1.81       199   51.6   7.1612e-01   51.6     1189
  511.2  2722.5   2.80    20.0    1.81     27527    1.4   9.9018e+01    1.4     2470
  539.1  2871.4   1.54    26.6    1.16      7238    2.9   2.6035e+01    2.9     1301
  589.3  3138.5   1.55     4.0    1.09       519   22.5   1.8663e+00   22.5     1124
  622.2  3313.6   1.59     7.7    0.99       928   13.3   3.3364e+00   13.3     1068
  624.4  3325.3   1.59     4.5    0.99       723   16.4   2.6004e+00   16.4     1068
  645.4  3437.5   1.68    15.4    1.15      2929    5.4   1.0535e+01    5.4     1152
  656.4  3495.8   1.63     3.6    0.96       189   58.2   6.8005e-01   58.2     1083
  890.1  4740.9   1.91     3.5    0.76       181   55.0   6.4947e-01   55.0      833
  939.0  5001.3   1.96     9.1    1.20      1006   12.8   3.6200e+00   12.8      890
 1151.1  6130.8   2.16    10.4    1.18       981   10.7   3.5298e+00   10.7      513
 1184.0  6306.5   2.25     4.2    1.25       461   20.3   1.6580e+00   20.3      499
 1469.1  7824.6   2.59     3.9    0.97       224   24.4   8.0727e-01   24.4      152
 1622.6  8642.6   2.77     3.5    1.07        88   34.4   3.1487e-01   34.4       29

   indicates the Iterative Peak Width fitting reached a limiting value.
