
                       be used for evaluation purposes
                                                             7-Mar-2019 13:27
                       _________________________________

                       P E A K     F I T     R E P O R T
                       _________________________________

 Spectrum file Analysed: AH02262019_Ir09_31.6cm_hpge.Chn  
 Sample Title :          Ir09

 Spectrum saved on 26-Feb-2019 at  7:35    Collected on 26-Feb-2019 at  6:55
 Sample  Taken  on 26-Feb-2019 at  6:55    Decayed      0 Days,     0 mins.

            Detector file number used:     1
            Energy     Calibration Performed on  6-Mar-2019 at 16:50
            Peak Shape Calibration Performed on  6-Mar-2019 at 16:52

 

   Datetime:  26-Feb-2019   6:55
   Live:      1529.00 
   Mass:      977
   Shelf:     30
   Detector:      1

   Reported Activity values were rounded     
   FitzPeaks Version: 3.71 23rd January 2014           
                                                                                                     
              


 Peak   Centre   FW@HM         Goodness   Peak      %      Gammas       %      2 Sigma
Energy  Channel  (KeV)  Signif  of Fit    Area   Uncert.  per sec.   Uncert. Background

   61.2   334.2   1.03    12.4   21.69     55038   20.5   3.5996e+01   20.5   229802
   63.1   344.2   1.03   429.0   21.69   2134943    0.6   1.3963e+03    0.6   252783
   64.7   353.1   1.04   635.4   21.69   3609767    0.4   2.3609e+03    0.4   229802
   69.1   377.2   1.17    10.4   13.11      6551   31.6   4.2847e+00   31.6    77248
   71.1   388.5   1.17    14.9   13.11     44581    4.5   2.9157e+01    4.5    70810
   73.2   399.9   1.17   344.7   13.11   1355105    0.3   8.8627e+02    0.3    77248
   75.4   411.7   1.18   169.5   13.11    413754    0.6   2.7060e+02    0.6    77248
   82.1   448.4   1.06   131.9    1.70    170831    0.6   1.1173e+02    0.6    34846
   84.7   462.3   1.07    22.0    1.70     15390    5.0   1.0066e+01    5.0    34846
   87.2   476.1   1.07     9.9    1.70      4563   15.3   2.9841e+00   15.3    34846
   94.1   513.7   1.03   169.6    1.34    239685    0.5   1.5676e+02    0.5    32827
   96.3   526.3   1.03    82.2    1.34     69245    1.3   4.5288e+01    1.3    32827
  113.5   620.3   1.05   109.6    0.66    117053    0.8   7.6555e+01    0.8    32550
  129.3   706.4   1.13    75.4    8.87     74438    2.2   4.8684e+01    2.2    38387
  138.2   755.2   1.07     7.1    0.72      3992   16.1   2.6110e+00   16.1    32884
  140.9   770.0   1.08   126.7    0.72    156020    0.7   1.0204e+02    0.7    32884
  146.9   802.9   1.13     4.2    1.25      2348   25.9   1.5355e+00   25.9    34011
  172.2   941.1   1.10    88.0    0.99     70445    1.1   4.6073e+01    1.1    31121
  176.4   964.0   1.14    49.9    0.82     32650    1.8   2.1354e+01    1.8    29216
  179.0   978.2   1.14    36.4    0.82     20668    2.7   1.3517e+01    2.7    29216
  181.3   990.5   1.14    11.6    0.82      5972    8.2   3.9061e+00    8.2    26781
  183.6  1003.3   1.14     3.5    0.82      1769   27.3   1.1570e+00   27.3    29216
  186.7  1020.4   1.15   115.2    0.82    132591    0.7   8.6717e+01    0.7    26781
  187.9  1026.7   1.15     8.6    0.82      6812    8.1   4.4553e+00    8.1    29216
  190.8  1042.8   1.15    14.1    0.82      5680    9.2   3.7151e+00    9.2    29216
  197.2  1077.8   1.17     3.6    1.02      1948   27.6   1.2742e+00   27.6    26734
  203.8  1113.9   1.02    28.7    1.30     11481    7.7   7.5088e+00    7.7    22451
  209.0  1142.0   1.23     5.8    2.40      2590   18.6   1.6937e+00   18.6    21374
  212.8  1162.9   1.23     7.3    2.40      3645   12.6   2.3840e+00   12.6    21374
  216.5  1183.2   1.23     3.4    2.40       736   59.5   4.8114e-01   59.5    21374
  219.8  1201.5   1.23    27.9    2.40     14950    3.3   9.7777e+00    3.3    23155
  223.4  1220.8   1.24    58.6    2.40     44558    1.4   2.9142e+01    1.4    21374
  225.8  1234.3   1.24     6.8    2.40      2539   17.8   1.6606e+00   17.8    23155
  243.5  1331.2   1.17   132.9    1.57    163457    0.6   1.0690e+02    0.6    18039
  258.5  1413.1   1.46    17.4    2.76      7983    5.4   5.2212e+00    5.4    14589
  263.2  1438.9   1.46     3.8    2.76      1068   34.8   6.9860e-01   34.8    14589
  268.7  1469.0   1.47    42.3    2.76     37605    2.0   2.4595e+01    2.0    14589
  284.6  1555.5   1.33    10.3    1.10      3698    9.4   2.4187e+00    9.4    11971
  288.4  1576.2   1.34     6.6    1.10      1682   20.2   1.0998e+00   20.2    11971
  293.8  1606.0   1.24    31.5    3.95     14895    3.1   9.7416e+00    3.1    10609
  296.0  1618.0   1.24    11.7    3.95      5625    7.5   3.6786e+00    7.5    10609
  300.5  1642.8   1.24    95.5    3.95     77507    0.9   5.0691e+01    0.9    10609
  308.6  1686.7   1.38    15.2    2.58      5378    7.6   3.5171e+00    7.6    11809
  317.5  1735.5   1.42    74.8   11.14     74986    1.8   4.9042e+01    1.8    12139
  324.9  1776.0   1.24     3.5    1.08       844   40.6   5.5194e-01   40.6     9863
  328.6  1796.4   1.24    85.2    1.08     66065    0.9   4.3208e+01    0.9    10685
  343.4  1877.4   1.30     7.8    1.05      2233   15.1   1.4601e+00   15.1    10729
  351.3  1920.4   1.30    58.8    1.17     41041    1.2   2.6841e+01    1.2    10355
  352.8  1928.7   1.30     7.5    1.17      2317   14.4   1.5156e+00   14.4    10355
  356.1  1946.8   1.31     3.9    1.17       717   40.6   4.6903e-01   40.6    10355
  360.0  1968.2   1.31    62.1    1.17     68258    0.9   4.4642e+01    0.9    10355
  361.2  1974.7   1.31     9.6    1.17     33284    1.5   2.1769e+01    1.5    10355
  365.0  1995.4   1.31     3.3    1.17       534   58.9   3.4953e-01   58.9    10355
  371.4  2030.1   1.33    20.8    0.65      6749    5.4   4.4140e+00    5.4     9995
  380.2  2078.6   1.33     4.4    0.78       737   39.8   4.8192e-01   39.8     8743
  397.4  2172.6   1.34     8.6    1.17      1805   16.8   1.1804e+00   16.8     7729
  404.0  2208.5   1.33    47.0    1.34     21173    2.1   1.3847e+01    2.1     7515
  407.3  2226.5   1.33    13.5    1.34      7330    4.7   4.7940e+00    4.7     7515
  409.6  2239.0   1.33    98.6    1.34     79046    0.8   5.1698e+01    0.8     8093
  431.0  2356.3   1.42    12.3    1.07      3172    9.3   2.0746e+00    9.3     6652
  437.9  2394.1   1.38     3.6    0.74       363   55.0   2.3731e-01   55.0     5717
  445.1  2433.5   1.38     3.3    0.74       616   31.1   4.0261e-01   31.1     5309
  448.0  2448.9   1.39     3.6    0.74       552   35.2   3.6097e-01   35.2     5717
  456.6  2496.2   1.38    59.0    1.03     29854    1.4   1.9525e+01    1.4     5152
  459.5  2512.4   1.38     7.1    1.03      1499   18.0   9.8020e-01   18.0     5152
  468.2  2559.6   1.39    18.9    0.97      5278    5.0   3.4520e+00    5.0     4767
  477.6  2610.9   1.41     5.6    1.06       861   23.5   5.6281e-01   23.5     4617
  479.9  2623.8   1.41     3.6    1.06       432   45.2   2.8275e-01   45.2     4617
  484.9  2651.0   1.42     4.5    1.06       717   28.4   4.6883e-01   28.4     4617
  493.6  2698.7   1.71    12.9    1.65      3841    7.5   2.5122e+00    7.5     5283
  502.7  2748.3   1.41    47.4    1.11     22415    1.7   1.4660e+01    1.7     4261
  511.1  2794.2   2.74    14.6    1.39     19973    2.3   1.3063e+01    2.3     7902
  518.6  2835.4   1.30    24.9    1.39      7005    3.5   4.5815e+00    3.5     3951
  530.7  2901.3   1.48    12.3    0.86      2853    7.9   1.8661e+00    7.9     4016
  539.0  2947.0   1.45   109.6    2.16    110030    0.6   7.1962e+01    0.6     3244
  541.7  2961.9   1.45     7.1    2.16      3213    9.0   2.1013e+00    9.0     3244
  545.1  2980.0   1.45    87.3    2.16     69379    0.8   4.5375e+01    0.8     3244
  558.1  3051.3   1.42    26.3    0.89      6049    3.8   3.9562e+00    3.8     2400
  569.0  3111.0   1.49    98.8    1.29     80558    0.7   5.2687e+01    0.7     2326
  576.8  3153.7   1.49     8.8    0.99      1535    9.2   1.0039e+00    9.2     2164
  583.5  3190.0   1.50     4.6    0.99       727   17.0   4.7575e-01   17.0     2020
  585.1  3199.2   1.50     3.4    0.99       663   18.6   4.3330e-01   18.6     2164
  588.5  3217.7   1.50     6.2    0.99      1551    9.2   1.0144e+00    9.2     2164
  594.7  3251.2   1.51     8.2    0.99      1207   10.8   7.8930e-01   10.8     2164
  602.4  3293.6   1.51     5.4    1.67       799   20.6   5.2250e-01   20.6     1843
  605.2  3308.9   1.52     9.9    1.67      7875    3.1   5.1504e+00    3.1     1843
  607.7  3322.4   1.52    96.1    1.67     82800    0.7   5.4153e+01    0.7     1843
  612.6  3349.2   1.52     4.8    1.67       552   27.4   3.6072e-01   27.4     1843
  616.4  3370.2   1.53    45.1    1.67     19193    1.6   1.2552e+01    1.6     1843
  622.5  3403.5   1.53     8.5    1.46      1994    9.5   1.3038e+00    9.5     1685
  624.1  3412.3   1.53    26.6    1.46     11031    2.4   7.2145e+00    2.4     1685
  627.2  3429.0   1.53    49.8    1.46     23222    1.3   1.5187e+01    1.3     1797
  631.2  3450.8   1.53     4.5    1.46       526   30.4   3.4384e-01   30.4     1685
  641.1  3505.1   1.86     3.5    1.58       406   37.4   2.6559e-01   37.4     1481
  644.7  3525.0   1.86    20.7    1.58      9271    2.8   6.0636e+00    2.8     1481
  651.7  3563.0   1.56     9.3    1.25      1186   11.1   7.7568e-01   11.1     1283
  655.7  3584.8   1.56     7.1    1.25       737   17.1   4.8213e-01   17.1     1283
  671.9  3673.7   1.57     3.5    1.06       390   28.4   2.5496e-01   28.4     1225
  674.1  3685.9   1.58     5.1    1.06       300   36.0   1.9638e-01   36.0     1225
  679.2  3713.3   1.58     6.3    1.06       562   20.7   3.6736e-01   20.7     1225
  698.5  3818.8   1.66    12.9    1.07      2073    6.6   1.3559e+00    6.6      965
  708.7  3875.0   1.61     4.8    1.18       386   36.2   2.5227e-01   36.2      887
  714.3  3905.5   1.61     5.6    1.18       564   25.6   3.6889e-01   25.6      887
  721.5  3944.6   1.60   100.3    1.17     86641    0.7   5.6665e+01    0.7      764
  726.3  3971.1   1.60    13.6    1.17      1847   11.1   1.2080e+00   11.1      764
  733.9  4012.5   1.58    12.3    1.45      3040    4.3   1.9880e+00    4.3      757
  735.9  4023.4   1.58    14.4    1.45      3328    4.0   2.1763e+00    4.0      757
  743.8  4066.9   1.59     4.5    1.45       271   28.1   1.7701e-01   28.1      808
  751.2  4107.1   1.59     5.3    1.45       400   19.1   2.6188e-01   19.1      808
  756.1  4134.2   1.60     6.1    1.45       615   13.1   4.0196e-01   13.1      808
  765.6  4185.9   1.65     3.3    1.13       186   49.6   1.2187e-01   49.6      677
  768.7  4203.0   1.66     3.7    1.13       324   27.6   2.1179e-01   27.6      677
  772.1  4221.4   1.66     3.7    1.13       157   56.2   1.0300e-01   56.2      719
  782.1  4276.4   1.64     3.7    1.18       400   24.2   2.6181e-01   24.2      765
  786.0  4297.6   1.65     5.3    1.18       316   29.5   2.0635e-01   29.5      765
  788.9  4313.6   1.65     9.4    1.18       959   11.2   6.2693e-01   11.2      765
  792.8  4334.4   1.65    38.1    1.18     11038    2.0   7.2191e+00    2.0      765
  796.6  4355.3   1.66     5.5    1.18       346   27.2   2.2645e-01   27.2      765
  798.5  4365.7   1.66    11.3    1.18      1399    8.2   9.1499e-01    8.2      720
  809.0  4423.2   1.69     3.7    0.99       540   18.6   3.5331e-01   18.6      695
  811.2  4435.5   1.69     6.9    0.99       960   10.8   6.2806e-01   10.8      695
  828.2  4528.5   1.97    14.4    1.18      3103    4.2   2.0294e+00    4.2      683
  836.0  4571.1   1.98     5.7    1.18       759   13.6   4.9621e-01   13.6      719
  846.8  4629.8   1.72     4.9    1.12       472   17.1   3.0878e-01   17.1      600
  855.8  4679.3   1.73     3.5    1.12       198   36.6   1.2950e-01   36.6      600
  880.0  4811.6   1.75     5.2    1.42       398   22.0   2.6061e-01   22.0      578
  885.5  4841.7   1.75     7.5    1.42       909   10.8   5.9428e-01   10.8      578
  902.7  4935.4   1.77     3.8    0.96       221   30.2   1.4441e-01   30.2      490
  911.9  4985.8   1.78     3.4    0.96       204   33.1   1.3317e-01   33.1      518
  924.8  5056.4   1.88    15.3    1.45      1921    5.9   1.2566e+00    5.9      523
  931.1  5091.2   1.88     7.7    1.45      1210    8.0   7.9110e-01    8.0      496
  934.7  5110.7   1.89     3.3    1.45       287   26.9   1.8761e-01   26.9      523
  938.8  5132.9   1.89    10.9    1.45      1188    8.4   7.7693e-01    8.4      496
  986.6  5394.7   1.84     5.9    1.20       376   21.5   2.4588e-01   21.5      429
  992.8  5428.2   1.84     6.7    1.20       483   15.6   3.1583e-01   15.6      429
 1002.9  5483.4   1.85     5.3    1.05       293   25.1   1.9138e-01   25.1      402
 1007.7  5510.0   1.86     8.1    1.05       599   12.9   3.9190e-01   12.9      402
 1012.1  5534.0   1.86     5.0    1.05       326   22.1   2.1295e-01   22.1      402
 1026.7  5613.6   1.86    16.2    1.13      2177    4.7   1.4238e+00    4.7      430
 1033.8  5652.4   1.87     3.5    1.13       253   25.9   1.6556e-01   25.9      430
 1036.0  5664.4   1.87     3.4    1.13       273   23.8   1.7842e-01   23.8      430
 1043.9  5708.0   1.88     5.3    1.13       454   15.5   2.9687e-01   15.5      407
 1070.4  5852.6   1.91     5.3    1.04       376   16.5   2.4620e-01   16.5      394
 1080.7  5909.1   1.92     6.6    1.04       499   12.8   3.2631e-01   12.8      373
 1089.3  5956.0   1.93     4.1    1.04       209   28.2   1.3684e-01   28.2      373
 1106.3  6048.9   1.81    11.2    1.21      1079    9.1   7.0588e-01    9.1      391
 1108.7  6062.4   1.81     4.3    1.21       484   18.1   3.1654e-01   18.1      391
 1120.6  6127.4   1.92     3.6    1.03       164   33.3   1.0723e-01   33.3      338
 1124.2  6146.7   1.92     3.6    1.03       112   41.8   7.2949e-02   41.8      338
 1134.0  6200.4   1.93     3.3    1.03       136   36.9   8.9110e-02   36.9      338
 1143.8  6254.3   1.94     4.0    1.03       226   23.8   1.4805e-01   23.8      338
 1150.6  6291.5   1.94    10.2    1.03       892    8.8   5.8344e-01    8.8      338
 1167.8  6385.1   1.99     3.5    1.12       173   33.7   1.1320e-01   33.7      351
 1175.6  6427.8   2.00     3.9    1.12       138   39.2   9.0459e-02   39.2      351
 1183.6  6471.5   2.00     8.0    1.12       688   10.4   4.5002e-01   10.4      334
 1198.6  6553.9   2.02     3.5    1.13        98   59.8   6.3919e-02   59.8      339
 1207.4  6601.8   2.02     6.3    1.13       368   18.1   2.4084e-01   18.1      339
 1230.6  6728.5   2.04     3.9    1.12       344   19.2   2.2503e-01   19.2      334
 1240.2  6781.5   2.05     3.4    1.12       140   41.8   9.1576e-02   41.8      334
 1253.8  6855.7   2.14    13.9    1.40      1838    6.1   1.2023e+00    6.1      358
 1293.1  7070.6   2.10     4.7    1.41       110   52.9   7.2120e-02   52.9      206
 1305.1  7135.9   2.28     3.4    1.19       129   39.7   8.4453e-02   39.7      203
 1312.3  7175.5   2.28     5.6    1.19       352   15.9   2.3021e-01   15.9      213
 1316.7  7199.8   2.29     3.5    1.19       104   47.7   6.7784e-02   47.7      203
 1323.2  7235.3   2.29    11.1    1.19      1383    6.0   9.0457e-01    6.0      203
 1326.3  7251.9   2.30     6.0    1.19       239   22.8   1.5652e-01   22.8      203
 1344.3  7350.4   2.14     5.3    1.06       296   19.9   1.9363e-01   19.9      194
 1362.3  7448.8   2.15     5.0    1.33       292   21.3   1.9075e-01   21.3      190
 1377.3  7531.2   2.17     5.8    1.35       411   13.7   2.6908e-01   13.7      154
 1381.3  7552.6   2.17     5.6    1.35       317   16.2   2.0726e-01   16.2      154
 1387.4  7586.0   2.18     5.3    1.35       444   12.5   2.9054e-01   12.5      162
 1394.9  7627.0   2.18     3.4    1.35       171   27.5   1.1152e-01   27.5      162
 1405.8  7686.9   2.19     6.6    1.21       321   18.6   2.0981e-01   18.6      158
 1408.3  7700.5   2.19     3.6    1.21       384   15.0   2.5121e-01   15.0      151
 1422.2  7776.4   2.21     5.6    1.07       210   23.1   1.3764e-01   23.1      109
 1446.0  7906.5   2.32     4.2    1.11       279   15.6   1.8216e-01   15.6      115
 1457.4  7969.2   2.33     9.1    1.11      1031    6.4   6.7414e-01    6.4      115
 1460.6  7986.3   2.34    10.2    1.11       828    7.9   5.4180e-01    7.9      115
 1468.7  8031.0   2.34     5.1    1.11       222   17.5   1.4545e-01   17.5      110
 1476.5  8073.3   2.35    11.2    1.11      1680    4.9   1.0988e+00    4.9      115
 1495.8  8178.8   2.27     4.8    1.19       252   19.5   1.6465e-01   19.5      109
 1500.9  8206.8   2.27     6.5    1.19       370   14.8   2.4229e-01   14.8      109
 1528.1  8355.6   2.29     5.9    0.99       284   15.9   1.8575e-01   15.9       54
 1557.8  8518.0   2.32     3.7    0.89       166   24.3   1.0837e-01   24.3       81
 1571.1  8590.6   2.33     5.9    1.33       358   13.5   2.3414e-01   13.5       50
 1593.0  8710.7   2.35     3.7    0.97       147   23.2   9.6405e-02   23.2       44
 1613.0  8819.8   2.37     4.6    1.16       158   21.4   1.0337e-01   21.4       49
 1622.1  8869.5   2.37     3.6    1.16       114   26.0   7.4352e-02   26.0       49
 1653.2  9039.7   2.40     5.6    0.99       226   15.3   1.4783e-01   15.3       25
 1672.9  9147.4   2.42     3.5    0.94        83   30.2   5.4267e-02   30.2       26
 1683.1  9203.0   2.42     3.8    0.94        97   25.4   6.3220e-02   25.4       28
 1688.4  9231.9   2.43     3.4    0.94        77   29.9   5.0379e-02   29.9       28
 1720.5  9407.9   2.46     3.8    0.92        62   42.6   4.0515e-02   42.6       32
 1740.0  9514.2   2.47     3.5    0.80        80   32.0   5.2010e-02   32.0       20
 1766.7  9660.4   2.50     3.8    1.36       204   16.9   1.3364e-01   16.9       34
 1797.6  9829.4   2.52     3.4    1.24        69   38.4   4.5184e-02   38.4       47
 1811.2  9903.5   2.53     3.7    1.24        74   35.9   4.8367e-02   35.9       47
 2613.6 14291.3   3.21     5.0    0.63       141   21.4   9.1987e-02   21.4        5

   indicates the Iterative Peak Width fitting reached a limiting value.
