
                       be used for evaluation purposes
                                                            14-Oct-2019 14:01
                       _________________________________

                       P E A K     F I T     R E P O R T
                       _________________________________

 Spectrum file Analysed: AI_32cm_Ir05_jobscript_045-059 
 Sample Title :                                                  

 Spectrum saved on 14-Oct-2019 at 14:01    Collected on 26-Feb-2019 at 21:46
 Sample  Taken  on 26-Feb-2019 at 19:14    Decayed      0 Days,     0 mins.

            Detector file number used:     1
            Energy     Calibration Performed on  6-Mar-2019 at 16:50
            Peak Shape Calibration Performed on  6-Mar-2019 at 16:52

 

   Datetime:  26-Feb-2019  19:14
   Live:      9000.00 
   Mass:      577
   Shelf:     30
   Detector:      1

   Reported Activity values were rounded     
   FitzPeaks Version: 3.71 23rd January 2014           
                                                                                                     
              


 Peak   Centre   FW@HM         Goodness   Peak      %      Gammas       %      2 Sigma
Energy  Channel  (KeV)  Signif  of Fit    Area   Uncert.  per sec.   Uncert. Background

   61.2   334.0   1.10     8.7   13.40     54854    4.6   6.0949e+00    4.6   109512
   63.0   344.1   1.10   256.6   13.40   1012753    0.4   1.1253e+02    0.4   109512
   64.7   353.1   1.10   388.7   13.40   1699910    0.3   1.8888e+02    0.3   109512
   66.6   363.6   1.10    48.4   13.40     80807    3.1   8.9786e+00    3.1   100386
   71.1   388.4   1.23    16.1    5.01     28292    4.6   3.1435e+00    4.6    56253
   73.2   399.9   1.23   210.5    5.01    619721    0.4   6.8858e+01    0.4    51926
   75.4   411.6   1.23   109.4    5.01    223626    0.7   2.4847e+01    0.7    56253
   77.7   424.4   1.24    10.6    5.01      7995   15.3   8.8830e-01   15.3    56253
   82.2   449.0   1.07    99.7    1.33    102884    0.9   1.1432e+01    0.9    30362
   84.6   462.2   1.07    17.7    1.33     12124    5.8   1.3472e+00    5.8    33399
   87.1   475.9   1.07     6.2    1.33      3141   20.5   3.4897e-01   20.5    33399
   94.0   513.7   1.09     5.7    0.77      3352   19.3   3.7243e-01   19.3    31476
   96.3   526.3   1.09    78.2    0.77     72260    1.1   8.0289e+00    1.1    31476
  113.6   620.6   1.10     3.4    1.02      1516   38.6   1.6847e-01   38.6    32498
  129.3   706.4   1.11    81.3    0.96     71990    1.2   7.9989e+00    1.2    32495
  135.6   741.2   1.12     3.5    0.83      1178   45.3   1.3089e-01   45.3    34994
  138.0   753.8   1.12     3.5    0.83      1462   36.3   1.6241e-01   36.3    34994
  140.9   769.7   1.13     8.5    0.83      4130   13.3   4.5890e-01   13.3    32078
  172.2   941.1   1.17    81.3    0.72     73963    1.2   8.2181e+00    1.2    35454
  179.0   978.3   1.16    33.6    0.71     19923    3.3   2.2137e+00    3.3    33809
  186.8  1020.7   1.18    73.4    1.05     68567    1.2   7.6186e+00    1.2    28411
  187.8  1026.1   1.18     6.0    1.05      8040    8.8   8.9333e-01    8.8    28411
  197.1  1077.0   1.17     9.4    3.02      5061   11.7   5.6234e-01   11.7    24300
  205.9  1125.2   1.18     7.1    1.56      2819   15.6   3.1326e-01   15.6    21007
  208.7  1140.5   1.18     4.2    1.56      2714   17.3   3.0154e-01   17.3    21007
  219.8  1201.4   1.20    31.4    1.08     14803    3.3   1.6448e+00    3.3    16824
  222.0  1213.4   1.20     7.4    1.08      2352   19.3   2.6137e-01   19.3    16824
  223.9  1223.6   1.20    16.2    1.08      6866    6.5   7.6290e-01    6.5    16824
  235.6  1287.8   1.21     3.6    1.32       601   53.0   6.6725e-02   53.0    14292
  238.7  1304.7   1.21     5.6    1.32      1987   16.7   2.2073e-01   16.7    14292
  243.5  1331.1   1.21     8.6    1.32      3339   10.1   3.7103e-01   10.1    14292
  268.7  1468.9   1.48    39.5    4.64     38518    1.9   4.2798e+00    1.9    12066
  283.2  1548.3   1.25     3.7    1.34       841   34.1   9.3393e-02   34.1    10383
  288.4  1576.5   1.25     4.0    1.34       804   36.8   8.9288e-02   36.8    10383
  293.8  1605.7   1.34    82.9    2.81     76214    1.1   8.4683e+00    1.1     9306
  296.0  1618.2   1.34    32.5    2.81     22363    2.2   2.4848e+00    2.2    10022
  300.8  1644.5   1.35    27.8    2.81     11874    3.2   1.3193e+00    3.2     9306
  308.6  1687.1   1.28    42.4    1.17     19755    2.2   2.1950e+00    2.2     8705
  316.7  1731.1   1.31    73.2    1.20     54481    1.1   6.0534e+00    1.1     9112
  328.6  1796.3   1.29   191.5    1.65    338888    0.4   3.7654e+01    0.4     7936
  351.3  1920.5   1.35    65.1    0.99     41804    1.2   4.6449e+00    1.2     7020
  360.0  1968.1   1.32    81.5    0.95     69777    0.8   7.7530e+00    0.8     7005
  361.2  1974.5   1.32    10.7    0.95     10581    3.5   1.1757e+00    3.5     6505
  365.2  1996.5   1.32     5.1    0.95      1569   17.6   1.7428e-01   17.6     6505
  371.3  2029.9   1.32    38.4    1.08     15789    2.3   1.7543e+00    2.3     5874
  380.2  2078.4   1.33     5.5    1.50      1390   17.7   1.5446e-01   17.7     5003
  397.5  2172.8   1.35    15.8    1.03      4261    5.8   4.7346e-01    5.8     4757
  404.2  2209.5   1.37     3.5    1.27       715   34.6   7.9442e-02   34.6     4158
  407.3  2226.5   1.37    31.7    1.27     18100    1.9   2.0111e+00    1.9     4158
  409.5  2238.9   1.37    96.5    1.27     82714    0.8   9.1905e+00    0.8     4478
  416.6  2277.5   1.36     3.3    1.28       420   44.3   4.6684e-02   44.3     3664
  421.0  2301.4   1.36     6.0    1.28       769   26.4   8.5468e-02   26.4     3664
  431.7  2360.2   1.37     7.7    1.08      1552   13.1   1.7241e-01   13.1     3477
  445.2  2433.8   1.38     3.5    0.97       547   31.9   6.0759e-02   31.9     3036
  447.9  2448.5   1.39     7.6    0.97      1562   11.8   1.7361e-01   11.8     2819
  456.6  2496.1   1.39    56.9    1.22     30757    1.3   3.4175e+00    1.3     3086
  468.2  2559.6   1.42    44.6    0.98     20852    1.5   2.3169e+00    1.5     2559
  477.5  2610.7   1.41     8.5    1.30      2194    8.2   2.4382e-01    8.2     2320
  479.8  2623.1   1.41     5.2    1.30       488   34.6   5.4199e-02   34.6     2320
  482.9  2640.0   1.41     4.1    1.30       861   18.4   9.5679e-02   18.4     2320
  484.8  2650.6   1.42     6.5    1.30      1504   11.1   1.6713e-01   11.1     2486
  494.8  2705.0   1.42     3.4    1.13       462   34.0   5.1367e-02   34.0     2127
  502.7  2748.1   1.43     9.8    0.71      1618    9.7   1.7975e-01    9.7     1947
  511.1  2794.2   2.87    12.7    2.08     19653    2.2   2.1837e+00    2.2     3566
  518.6  2835.3   1.44    38.7    2.08     17630    1.7   1.9589e+00    1.7     1783
  530.4  2899.8   1.46     3.3    0.90       394   34.4   4.3794e-02   34.4     1560
  539.0  2946.9   1.47   117.6    1.45    112722    0.6   1.2525e+01    0.6     1345
  541.8  2962.1   1.48    11.4    1.45      3091    6.6   3.4343e-01    6.6     1345
  545.1  2979.9   1.48    12.6    1.45      1980    9.2   2.2005e-01    9.2     1345
  558.1  3051.1   1.47    41.2    0.97     14713    1.7   1.6348e+00    1.7     1149
  569.3  3112.8   1.54    40.3    0.71     16238    1.6   1.8042e+00    1.6     1182
  576.6  3152.2   1.79     5.9    1.34       992   12.1   1.1017e-01   12.1     1262
  583.4  3189.7   1.80    10.3    1.34      1765    7.3   1.9614e-01    7.3     1262
  588.9  3219.5   1.80    11.4    1.34      4701    4.2   5.2230e-01    4.2     1191
  594.4  3249.8   1.81     7.2    1.34      1187   10.0   1.3184e-01   10.0     1262
  605.2  3308.9   1.60    42.2    1.30     21336    1.5   2.3706e+00    1.5     1140
  607.7  3322.3   1.61     6.2    1.30      2528    6.4   2.8086e-01    6.4     1140
  609.4  3331.6   1.61     8.7    1.30      1795    8.7   1.9943e-01    8.7     1140
  612.5  3348.9   1.61    10.2    1.30      1710    8.5   1.9000e-01    8.5     1140
  616.3  3369.5   1.61     6.7    1.30      1053   13.5   1.1697e-01   13.5     1140
  622.1  3401.2   1.54    12.5    1.33      4679    3.9   5.1988e-01    3.9     1114
  624.2  3412.5   1.54    29.7    1.33     10157    2.2   1.1285e+00    2.2     1114
  627.3  3429.5   1.54     4.5    1.33       622   21.1   6.9161e-02   21.1     1114
  631.1  3450.6   1.55     9.8    1.33      1344   10.4   1.4937e-01   10.4     1114
  645.3  3528.0   1.55    41.1    0.95     16255    1.6   1.8061e+00    1.6      916
  656.1  3587.3   1.56     6.4    0.89       510   21.2   5.6674e-02   21.2      859
  700.8  3831.4   1.60     3.7    0.83       265   37.6   2.9419e-02   37.6      872
  721.4  3944.3   1.63    17.8    1.22      2755    5.0   3.0614e-01    5.0      831
  726.5  3972.3   1.64    12.2    1.22      1658    7.7   1.8420e-01    7.7      831
  768.7  4202.8   1.66     8.3    0.90       930   11.2   1.0333e-01   11.2      683
  792.7  4334.1   1.68     4.6    1.09       306   30.4   3.3977e-02   30.4      625
  810.9  4433.8   1.69     6.1    1.01       578   17.2   6.4172e-02   17.2      647
  822.4  4496.8   1.79     3.4    0.90       179   43.0   1.9924e-02   43.0      629
  829.1  4533.1   1.79    11.6    0.90      1431    7.4   1.5903e-01    7.4      629
  839.1  4588.2   1.71     6.3    1.17       364   25.2   4.0493e-02   25.2      587
  860.3  4703.8   1.73     3.3    1.48       191   46.8   2.1223e-02   46.8      539
  890.0  4866.3   1.76     5.8    0.86       501   18.3   5.5668e-02   18.3      579
  911.2  4982.3   1.78     7.3    0.64       667   14.0   7.4068e-02   14.0      542
  925.1  5057.9   1.82     3.7    1.32       240   34.9   2.6720e-02   34.9      547
  931.3  5092.0   1.82    16.6    1.32      2732    4.4   3.0360e-01    4.4      547
  935.1  5112.7   1.83     5.5    1.32       236   36.1   2.6188e-02   36.1      547
  938.7  5132.7   1.83    25.3    1.32      5692    2.8   6.3248e-01    2.8      547
  969.1  5298.6   1.82     5.4    0.99       328   26.1   3.6497e-02   26.1      542
 1000.2  5469.1   1.85     4.5    1.06       463   18.2   5.1457e-02   18.2      434
 1035.9  5664.0   1.88     6.9    1.18       682   12.7   7.5744e-02   12.7      374
 1048.9  5735.1   1.89     3.5    0.96       196   38.1   2.1752e-02   38.1      365
 1104.1  6036.9   1.94     4.2    0.70       245   30.8   2.7188e-02   30.8      398
 1120.3  6125.6   1.95     7.5    1.02       612   14.3   6.7967e-02   14.3      376
 1150.7  6291.6   1.95    23.9    1.18      4803    3.2   5.3370e-01    3.2      371
 1175.1  6425.3   2.02     5.3    1.21       444   16.7   4.9383e-02   16.7      385
 1183.4  6470.5   2.03    15.7    1.21      2226    4.8   2.4734e-01    4.8      366
 1218.6  6663.3   2.03     5.2    0.96       473   16.8   5.2553e-02   16.8      351
 1237.9  6768.5   2.05     3.9    0.84       224   32.0   2.4930e-02   32.0      362
 1273.8  6965.0   2.08     4.1    0.92       139   45.2   1.5409e-02   45.2      255
 1293.6  7073.5   2.10     4.8    0.83       324   19.6   3.6025e-02   19.6      229
 1316.4  7198.0   2.12     4.0    0.77       192   26.0   2.1332e-02   26.0      191
 1323.8  7238.6   2.12     3.4    0.77       149   32.9   1.6558e-02   32.9      201
 1341.9  7337.5   2.14     3.3    0.83       302   18.8   3.3500e-02   18.8      168
 1369.3  7486.9   2.16     3.3    0.92       116   37.1   1.2900e-02   37.1      155
 1377.3  7531.2   2.17     6.4    0.92       505   11.6   5.6140e-02   11.6      155
 1408.2  7699.8   2.19     6.1    0.93       478   12.2   5.3130e-02   12.2      125
 1460.5  7986.1   2.33    20.6    1.17      4923    2.8   5.4702e-01    2.8      128
 1468.7  8030.6   2.33     9.8    1.17      1151    6.7   1.2790e-01    6.7      134
 1486.7  8128.9   2.26     3.4    1.07       107   33.7   1.1886e-02   33.7       81
 1494.9  8174.0   2.27     3.4    1.07        66   47.7   7.3729e-03   47.7       81
 1512.0  8267.3   2.28     4.8    1.33       213   22.7   2.3688e-02   22.7      103
 1564.7  8555.8   2.33     3.7    0.88       124   29.5   1.3751e-02   29.5       63
 1621.8  8867.9   2.37     5.5    0.97       386   12.0   4.2855e-02   12.0       57
 1729.2  9455.0   2.46     3.5    0.87        74   43.1   8.2374e-03   43.1       48
 1764.2  9646.7   2.49     7.6    0.94       569    9.1   6.3244e-02    9.1       41
 1797.7  9829.8   2.52     3.5    1.09        71   38.6   7.8354e-03   38.6       37
 1805.1  9870.2   2.53     3.7    1.09       149   21.2   1.6548e-02   21.2       37
 1847.4 10101.6   2.56     3.4    1.00        68   38.9   7.6008e-03   38.9       32
 1919.6 10496.3   2.62     3.5    0.98        48   56.8   5.3583e-03   56.8       38
 2103.1 11499.9   2.78     3.5    0.73        73   32.7   8.1659e-03   32.7       38
 2118.4 11583.4   2.79     3.5    0.73        52   43.3   5.7356e-03   43.3       38
 2203.4 12048.2   2.86     4.5    1.10       187   18.7   2.0791e-02   18.7       28
 2613.5 14290.7   3.17    10.0    1.32       872    7.5   9.6879e-02    7.5        9

   indicates the Iterative Peak Width fitting reached a limiting value.
