
                       be used for evaluation purposes
                                                            14-Oct-2019 14:39
                       _________________________________

                       P E A K     F I T     R E P O R T
                       _________________________________

 Spectrum file Analysed: AI_30cm_Ir04_HPGE2_jobscript_000-014 
 Sample Title :                                                  

 Spectrum saved on 14-Oct-2019 at 14:39    Collected on 26-Feb-2019 at 13:36
 Sample  Taken  on 26-Feb-2019 at 11:02    Decayed      0 Days,     0 mins.

            Detector file number used:     2
            Energy     Calibration Performed on  8-Mar-2019 at 11:34
            Peak Shape Calibration Performed on  8-Mar-2019 at 11:35

 

   Datetime:  26-Feb-2019  11:02
   Live:      9000.00 
   Mass:      477
   Shelf:     30
   Detector:      2

   Reported Activity values were rounded     
   FitzPeaks Version: 3.71 23rd January 2014           
                                                                                                     
              


 Peak   Centre   FW@HM         Goodness   Peak      %      Gammas       %      2 Sigma
Energy  Channel  (KeV)  Signif  of Fit    Area   Uncert.  per sec.   Uncert. Background

   61.4   334.9   1.13     5.2   42.49    110303    5.2   1.2256e+01    5.2   238380
   63.3   345.1   1.13   369.9   42.49   2312325    0.3   2.5692e+02    0.3   238380
   64.9   354.0   1.13   587.0   42.49   3931998    0.3   4.3689e+02    0.3   238380
   66.9   364.7   1.13    14.3   42.49     49958    9.1   5.5509e+00    9.1   218515
   69.3   377.9   1.25     8.1    9.04      6479   58.8   7.1992e-01   58.8   112137
   71.3   389.1   1.25    13.1    9.04     54749    6.6   6.0833e+00    6.6   112137
   73.5   400.8   1.25     7.9    9.04   1535985    0.4   1.7066e+02    0.4   121482
   75.6   412.5   1.25   164.4    9.04    492046    0.8   5.4672e+01    0.8   121482
   82.4   449.7   1.12   147.5    1.39    237085    0.6   2.6343e+01    0.6    58591
   84.9   463.3   1.12    25.4    1.39     21892    4.3   2.4325e+00    4.3    58591
   87.5   477.7   1.13     8.1    1.39      6467   14.3   7.1853e-01   14.3    58591
   94.3   514.7   1.12   112.4    0.64    148036    0.8   1.6448e+01    0.8    55849
   96.6   527.3   1.12   111.1    0.64    143632    0.8   1.5959e+01    0.8    55849
  113.8   621.4   1.14    68.6    0.83     73879    1.5   8.2087e+00    1.5    57661
  129.5   707.4   1.16   117.2    0.49    145452    0.8   1.6161e+01    0.8    59434
  141.1   771.1   1.14    96.7    0.98    101698    1.1   1.1300e+01    1.1    61393
  172.3   941.8   1.18   123.9    0.79    151357    0.7   1.6817e+01    0.7    58677
  176.5   964.7   1.18    28.5    0.79     20695    3.7   2.2995e+00    3.7    58677
  179.1   978.8   1.19    52.9    0.79     42119    2.0   4.6798e+00    2.0    58677
  181.4   991.3   1.19     4.2    0.79      3445   22.1   3.8278e-01   22.1    58677
  186.8  1021.0   1.21   111.9    1.14    145786    0.8   1.6198e+01    0.8    50958
  187.8  1026.6   1.21     8.0    1.14     16726    5.5   1.8585e+00    5.5    55205
  190.9  1043.7   1.21     7.9    1.14      3862   23.0   4.2916e-01   23.0    50958
  197.2  1077.8   1.22     9.4    1.86      5170   25.7   5.7440e-01   25.7    47094
  203.9  1114.4   1.28    14.6    1.26      8692    7.0   9.6578e-01    7.0    42557
  205.9  1125.8   1.28     4.5    1.26      3163   18.7   3.5142e-01   18.7    42557
  208.9  1142.1   1.28     8.5    1.26      5870   10.1   6.5224e-01   10.1    42557
  212.9  1163.8   1.29     4.9    1.26      2387   24.3   2.6518e-01   24.3    42557
  219.8  1201.7   1.24    44.5    2.06     30515    2.4   3.3905e+00    2.4    37183
  222.2  1214.7   1.25     5.6    2.06      4991   13.7   5.5452e-01   13.7    37183
  223.5  1221.8   1.25    38.0    2.06     32021    2.5   3.5579e+00    2.5    34322
  238.6  1304.6   1.25     4.0    2.04      1197   55.2   1.3304e-01   55.2    31473
  243.5  1331.5   1.25   102.0    2.04    105898    0.9   1.1766e+01    0.9    31473
  258.4  1413.1   1.27     8.9    1.14      3925   21.1   4.3607e-01   21.1    24502
  268.7  1469.4   1.53    59.1    8.29     81672    1.6   9.0747e+00    1.6    24303
  277.7  1518.6   1.29     3.7    0.84      1486   29.6   1.6508e-01   29.6    20302
  284.3  1554.5   1.38     3.7    2.37      2467   17.3   2.7406e-01   17.3    18866
  288.5  1577.5   1.38     6.3    2.37      1922   20.3   2.1360e-01   20.3    18866
  293.7  1606.5   1.39    77.0    2.37     71501    1.1   7.9445e+00    1.1    18866
  296.0  1618.7   1.39    26.3    2.37     21167    2.7   2.3519e+00    2.7    20317
  300.5  1643.7   1.39    70.3    2.37     59517    1.0   6.6130e+00    1.0    20317
  308.6  1687.6   1.35    33.3    0.98     18536    2.8   2.0596e+00    2.8    17089
  316.6  1731.7   1.33    46.6    0.76     48415    1.5   5.3795e+00    1.5    16779
  317.6  1736.8   1.33     8.0    0.76     41254    1.6   4.5838e+00    1.6    18070
  328.6  1797.2   1.33   180.9    2.68    310410    0.5   3.4490e+01    0.5    17102
  338.8  1853.1   1.35     3.4    0.91       627   57.9   6.9671e-02   57.9    16766
  343.3  1877.4   1.35     5.7    0.91      2058   17.6   2.2861e-01   17.6    15568
  351.3  1921.5   1.40    84.0    1.18     86603    0.8   9.6226e+00    0.8    17309
  360.0  1969.2   1.37   102.4    0.85    143001    0.6   1.5889e+01    0.6    16366
  361.2  1975.6   1.37    10.3    0.85     29030    2.1   3.2256e+00    2.1    15197
  365.3  1998.2   1.37     3.9    0.85      1432   30.0   1.5908e-01   30.0    16366
  371.3  2031.1   1.36    36.1    0.85     18993    2.4   2.1103e+00    2.4    13616
  380.2  2079.5   1.38     6.2    0.94      1644   21.4   1.8271e-01   21.4    11265
  397.4  2173.9   1.44    14.6    1.06      5362    6.9   5.9576e-01    6.9    11025
  404.0  2209.8   1.42    30.8    1.56     14569    3.3   1.6188e+00    3.3    10306
  407.2  2227.6   1.42    22.7    1.56     22438    2.3   2.4931e+00    2.3    11042
  409.5  2240.1   1.42   134.6    1.56    171714    0.6   1.9079e+01    0.6    10306
  420.6  2301.0   1.42     4.3    1.18       992   33.0   1.1021e-01   33.0     9249
  431.3  2359.2   1.43     6.8    2.06      3167   10.7   3.5184e-01   10.7     8110
  445.1  2435.1   1.44     5.6    0.86      1245   21.8   1.3831e-01   21.8     6921
  447.8  2449.8   1.45     6.4    0.86      1689   16.2   1.8771e-01   16.2     6921
  456.5  2497.3   1.45    77.9    1.89     62553    1.0   6.9503e+00    1.0     7409
  468.1  2560.6   1.47    39.7    1.04     18803    2.0   2.0893e+00    2.0     6004
  477.4  2611.9   1.47     9.0    1.98      2698   10.0   2.9975e-01   10.0     5546
  480.0  2625.8   1.48     5.0    1.98       701   35.5   7.7870e-02   35.5     5942
  484.6  2651.3   1.48     5.4    1.98      1504   17.1   1.6710e-01   17.1     5942
  493.7  2701.0   1.49     5.6    1.17      1885   24.1   2.0949e-01   24.1     5736
  502.5  2749.3   1.52    31.8    0.65     14554    2.4   1.6171e+00    2.4     5256
  510.9  2795.2   2.95    17.7    3.44     33889    2.1   3.7655e+00    2.1     9503
  518.5  2836.5   1.45    40.2    3.44     20908    1.9   2.3231e+00    1.9     5091
  530.4  2902.0   1.52     7.3    1.14      1692   14.9   1.8801e-01   14.9     5329
  538.9  2948.2   1.54   139.8    1.69    230702    0.5   2.5634e+01    0.5     4900
  541.6  2963.4   1.54     8.5    1.69      5724    6.1   6.3598e-01    6.1     4900
  544.9  2981.2   1.54    61.3    1.69     45440    1.1   5.0489e+00    1.1     5227
  557.9  3052.5   1.53    36.7    1.08     17583    1.8   1.9536e+00    1.8     3106
  568.9  3112.7   1.62    67.7    1.34     66645    0.9   7.4050e+00    0.9     3203
  576.5  3154.2   1.88     9.5    1.31      2550    7.5   2.8338e-01    7.5     2940
  583.5  3192.4   1.88     8.7    1.31      2418    7.9   2.6865e-01    7.9     3104
  588.5  3220.0   1.89    10.3    1.31      5183    4.1   5.7590e-01    4.1     2940
  594.3  3251.4   1.89     6.7    1.31      1666   10.7   1.8509e-01   10.7     3104
  605.0  3310.4   1.63    27.9    2.06     23833    1.7   2.6482e+00    1.7     2858
  607.5  3323.9   1.63    58.0    2.06     55546    0.8   6.1718e+00    0.8     2690
  609.1  3332.9   1.64     6.2    2.06      1351   19.6   1.5012e-01   19.6     2690
  612.3  3350.3   1.64     7.0    2.06      1424   15.8   1.5818e-01   15.8     2690
  616.2  3371.8   1.64    28.7    2.06     12330    2.6   1.3700e+00    2.6     2690
  622.0  3403.5   1.62    12.3    1.85      5033    5.2   5.5923e-01    5.2     2338
  624.0  3414.1   1.62    34.5    1.85     21701    1.7   2.4112e+00    1.7     2338
  627.0  3430.6   1.62    30.2    1.85     15434    1.8   1.7148e+00    1.8     2338
  631.0  3452.7   1.62     8.7    1.85      1551   13.0   1.7229e-01   13.0     2338
  644.9  3528.8   1.78    38.2    2.05     18606    1.7   2.0674e+00    1.7     1878
  651.4  3564.0   1.79     6.1    2.05       749   20.3   8.3191e-02   20.3     1878
  655.8  3588.1   1.79     7.5    2.05      1081   14.8   1.2013e-01   14.8     1878
  673.6  3685.4   1.65     3.5    1.47       262   48.3   2.9149e-02   48.3     1572
  678.8  3714.3   1.66     3.5    1.47       369   34.5   4.0954e-02   34.5     1572
  698.2  3820.4   1.67     8.4    1.15      1358   10.7   1.5090e-01   10.7     1444
  700.4  3832.6   1.68     6.6    1.15       424   31.8   4.7096e-02   31.8     1444
  714.4  3909.1   1.70     5.0    2.11       487   27.2   5.4080e-02   27.2     1480
  721.3  3946.6   1.71    80.7    2.11     57029    0.9   6.3366e+00    0.9     1572
  726.3  3974.2   1.71    15.4    2.11      2709    5.5   3.0097e-01    5.5     1572
  733.7  4014.6   1.72     8.6    2.11      1883    8.3   2.0927e-01    8.3     1572
  735.7  4025.6   1.72     9.9    2.11      2280    6.7   2.5331e-01    6.7     1572
  743.8  4069.8   1.72     3.4    1.13       170   57.2   1.8878e-02   57.2     1168
  751.3  4111.0   1.72     3.8    1.13       238   41.0   2.6456e-02   41.0     1168
  755.9  4136.4   1.73     4.1    1.13       398   25.8   4.4185e-02   25.8     1168
  768.6  4205.4   1.74     9.5    1.40      1034   13.5   1.1485e-01   13.5     1189
  782.0  4279.1   1.79     3.7    1.38       185   57.1   2.0545e-02   57.1     1161
  788.7  4315.7   1.80     5.5    1.38       655   16.9   7.2779e-02   16.9     1161
  792.6  4337.0   1.80    26.4    1.38      7208    2.7   8.0094e-01    2.7     1161
  798.2  4367.8   1.81     8.1    1.38       981   12.3   1.0896e-01   12.3     1161
  811.0  4437.6   1.78     7.2    1.79       923   14.7   1.0254e-01   14.7     1095
  828.4  4533.3   2.13    10.8    1.21      3334    4.4   3.7042e-01    4.4     1105
  835.8  4573.3   2.14     5.0    1.21       563   19.1   6.2539e-02   19.1     1105
  839.2  4591.9   2.14     5.2    1.21       533   20.1   5.9189e-02   20.1     1105
  846.6  4632.8   2.15     3.4    1.21       216   48.3   2.4027e-02   48.3     1105
  880.2  4816.3   1.84     5.5    1.43       304   33.2   3.3789e-02   33.2      918
  885.5  4845.6   1.85     4.8    1.43       630   17.5   7.0005e-02   17.5      918
  890.0  4870.1   1.85     3.8    1.43       415   25.7   4.6102e-02   25.7      918
  911.4  4987.2   1.87     6.7    0.82       729   15.6   8.0949e-02   15.6      862
  924.8  5060.9   1.98     9.3    1.45      1455    8.6   1.6164e-01    8.6      943
  931.2  5095.8   1.99    15.3    1.45      3568    4.3   3.9643e-01    4.3      943
  934.8  5115.6   1.99     7.5    1.45       502   23.3   5.5827e-02   23.3      896
  938.7  5137.0   1.99    23.2    1.45      5246    3.4   5.8290e-01    3.4      943
  969.0  5302.7   1.92     4.4    0.95       349   30.6   3.8808e-02   30.6      871
  986.3  5397.1   1.94     3.7    1.32       276   29.0   3.0629e-02   29.0      754
  992.7  5432.5   1.94     4.2    1.32       258   30.8   2.8684e-02   30.8      754
 1000.7  5475.9   1.95     3.3    1.32       344   24.4   3.8252e-02   24.4      754
 1007.8  5514.9   1.96     5.3    1.32       294   27.6   3.2717e-02   27.6      754
 1026.7  5618.7   1.97    11.3    1.00      1394    7.8   1.5486e-01    7.8      667
 1035.9  5668.8   1.98     6.7    1.00       768   10.9   8.5297e-02   10.9      703
 1044.0  5713.0   1.99     3.3    1.00       224   33.0   2.4922e-02   33.0      703
 1048.3  5736.6   1.99     3.5    1.00       179   41.3   1.9916e-02   41.3      667
 1070.3  5857.1   2.01     3.5    1.07       266   28.0   2.9517e-02   28.0      621
 1080.7  5914.2   2.02     5.4    1.07       322   22.0   3.5748e-02   22.0      621
 1089.4  5961.5   2.03     3.4    1.07       183   38.0   2.0387e-02   38.0      590
 1106.5  6055.4   2.05     5.3    2.62       632   21.6   7.0174e-02   21.6      843
 1120.4  6131.3   2.06     6.7    0.88       674   15.2   7.4851e-02   15.2      621
 1150.8  6297.8   2.06    20.1    1.11      4174    3.8   4.6376e-01    3.8      718
 1175.4  6432.3   2.27     5.5    1.25       452   21.1   5.0178e-02   21.1      662
 1183.6  6477.3   2.28    12.4    1.25      2264    5.8   2.5151e-01    5.8      662
 1207.7  6609.1   2.14     3.8    1.02       277   28.7   3.0742e-02   28.7      601
 1219.0  6671.1   2.15     3.6    1.02       277   28.0   3.0748e-02   28.0      601
 1231.1  6737.3   2.16     3.7    0.89       264   32.7   2.9370e-02   32.7      598
 1238.4  6777.1   2.17     3.5    0.89       320   26.3   3.5545e-02   26.3      598
 1254.0  6862.7   2.18     8.3    1.26      1147    9.5   1.2744e-01    9.5      535
 1293.4  7078.5   2.22     3.4    0.79       246   31.8   2.7312e-02   31.8      385
 1312.3  7181.9   2.24     3.4    1.13       182   38.1   2.0226e-02   38.1      400
 1316.6  7205.4   2.24     4.8    1.13       211   33.3   2.3464e-02   33.3      400
 1323.6  7243.7   2.25     7.7    1.13       846   10.0   9.3964e-02   10.0      400
 1342.7  7348.1   2.26     4.3    1.48       286   27.9   3.1799e-02   27.9      338
 1362.6  7457.0   2.28     3.4    1.27       228   24.7   2.5282e-02   24.7      273
 1370.1  7498.0   2.29     3.4    1.27        86   59.1   9.6086e-03   59.1      273
 1377.5  7538.7   2.29     6.2    1.27       868    9.0   9.6421e-02    9.0      273
 1381.8  7562.1   2.30     5.2    1.27       174   32.1   1.9317e-02   32.1      273
 1387.4  7593.0   2.30     4.2    1.27       277   22.1   3.0723e-02   22.1      273
 1405.6  7692.7   2.32     5.4    1.01       202   34.3   2.2441e-02   34.3      269
 1408.3  7707.4   2.32     7.2    1.01       775   10.1   8.6162e-02   10.1      269
 1422.4  7784.5   2.34     3.5    1.07       129   45.6   1.4322e-02   45.6      216
 1446.3  7915.5   2.36     4.5    1.00       155   44.0   1.7247e-02   44.0      303
 1457.7  7977.5   2.42     8.5    1.15       770   10.7   8.5597e-02   10.7      224
 1460.8  7994.5   2.42    24.3    1.15      5799    2.7   6.4430e-01    2.7      224
 1468.9  8038.9   2.43     9.7    1.15       985    8.0   1.0940e-01    8.0      234
 1476.7  8081.7   2.44     9.7    1.15      1085    7.5   1.2060e-01    7.5      234
 1486.5  8135.5   2.39     3.7    1.22       120   33.3   1.3372e-02   33.3      155
 1496.2  8188.4   2.40     3.4    1.22       166   24.8   1.8420e-02   24.8      155
 1501.3  8216.3   2.41     4.4    1.22       280   16.6   3.1161e-02   16.6      155
 1511.3  8271.3   2.42     3.6    1.22       193   24.3   2.1451e-02   24.3      155
 1528.5  8365.2   2.43     3.5    0.89       172   28.3   1.9079e-02   28.3      131
 1558.3  8528.5   2.46     4.6    1.16        87   49.2   9.6385e-03   49.2      111
 1565.2  8565.9   2.47     3.7    1.16        92   42.3   1.0192e-02   42.3      116
 1571.4  8600.0   2.47     4.3    1.16       245   19.6   2.7264e-02   19.6      116
 1592.6  8715.9   2.49     3.7    1.18       118   42.4   1.3095e-02   42.4      143
 1612.8  8826.9   2.51     3.7    0.88       115   32.9   1.2766e-02   32.9      104
 1622.1  8877.8   2.52     3.8    0.88       351   14.4   3.9009e-02   14.4      104
 1653.8  9050.8   2.55     4.2    1.21       164   23.3   1.8208e-02   23.3       57
 1683.8  9215.2   2.57     3.4    1.21        82   48.1   9.1283e-03   48.1       82
 1729.7  9466.5   2.62     3.5    1.01       108   36.7   1.2049e-02   36.7       73
 1764.6  9657.4   2.65     6.7    1.32       600   11.2   6.6717e-02   11.2      126
 1797.7  9838.6   2.68     3.5    0.95       117   31.5   1.3000e-02   31.5       80
 1805.2  9880.0   2.68     3.6    0.95       161   24.3   1.7866e-02   24.3       80
 1847.2 10109.6   2.72     3.4    1.00        54   55.0   5.9847e-03   55.0       48
 1919.5 10505.4   2.79     3.8    0.81        86   34.1   9.5103e-03   34.1       38
 2103.0 11509.7   2.96     3.9    1.02        90   34.2   9.9448e-03   34.2       38
 2203.9 12062.1   3.05     4.4    0.97       172   20.2   1.9082e-02   20.2       32
 2614.1 14307.6   3.42     9.1    1.00       745    7.8   8.2828e-02    7.8       18

   indicates the Iterative Peak Width fitting reached a limiting value.
