
                       be used for evaluation purposes
                                                            14-Oct-2019 13:51
                       _________________________________

                       P E A K     F I T     R E P O R T
                       _________________________________

 Spectrum file Analysed: AI_32cm_Ir05_jobscript_015-029 
 Sample Title :                                                  

 Spectrum saved on 14-Oct-2019 at 13:51    Collected on 26-Feb-2019 at 16:20
 Sample  Taken  on 26-Feb-2019 at 13:47    Decayed      0 Days,     0 mins.

            Detector file number used:     1
            Energy     Calibration Performed on  6-Mar-2019 at 16:50
            Peak Shape Calibration Performed on  6-Mar-2019 at 16:52

 

   Datetime:  26-Feb-2019  13:47
   Live:      9000.00 
   Mass:      577
   Shelf:     30
   Detector:      1

   Reported Activity values were rounded     
   FitzPeaks Version: 3.71 23rd January 2014           
                                                                                                     
              


 Peak   Centre   FW@HM         Goodness   Peak      %      Gammas       %      2 Sigma
Energy  Channel  (KeV)  Signif  of Fit    Area   Uncert.  per sec.   Uncert. Background

   61.2   334.1   1.10     7.9   12.09     55360    4.5   6.1511e+00    4.5   119644
   63.0   344.1   1.10   263.0   12.09   1074502    0.3   1.1939e+02    0.3   119644
   64.7   353.1   1.10   400.1   12.09   1806787    0.3   2.0075e+02    0.3   119644
   66.6   363.6   1.10    50.4   12.09     87443    3.2   9.7159e+00    3.2   109674
   71.2   388.5   1.23    15.2    5.43     31540    4.6   3.5044e+00    4.6    61348
   73.2   399.8   1.24   215.8    5.43    660338    0.4   7.3371e+01    0.4    56629
   75.4   411.5   1.24   110.6    5.43    240027    0.8   2.6670e+01    0.8    61348
   77.7   424.3   1.24    12.2    5.43      8688   15.6   9.6528e-01   15.6    61348
   82.2   449.0   1.06   104.3    1.38    108197    0.8   1.2022e+01    0.8    33695
   84.7   462.3   1.06    19.3    1.38     13323    5.7   1.4803e+00    5.7    37065
   87.2   476.0   1.06     8.7    1.38      4060   17.3   4.5109e-01   17.3    33695
   94.1   513.7   1.10     7.0    0.83      4443   15.4   4.9362e-01   15.4    34657
   96.3   526.2   1.10    78.5    0.83     76820    1.1   8.5355e+00    1.1    34657
  113.6   620.4   1.10     6.3    0.64      2525   23.6   2.8055e-01   23.6    36001
  129.3   706.3   1.12    82.7    0.87     75928    1.2   8.4365e+00    1.2    36295
  135.5   740.4   1.07     3.4    1.57       995   51.4   1.1058e-01   51.4    36182
  140.9   769.8   1.07    10.4    1.57      5317   10.6   5.9076e-01   10.6    36182
  172.2   941.1   1.16    84.1    1.24     77179    1.3   8.5754e+00    1.3    39977
  179.0   978.3   1.14    34.5    1.37     20577    3.8   2.2864e+00    3.8    34991
  186.8  1020.7   1.18    77.1    0.64     74403    1.1   8.2670e+00    1.1    31702
  187.8  1026.1   1.18     6.6    0.64      8074    9.0   8.9716e-01    9.0    31702
  197.1  1077.4   1.17     9.8    2.65      5114   13.0   5.6819e-01   13.0    26895
  205.9  1125.4   1.18     7.4    2.02      2719   17.9   3.0210e-01   17.9    23049
  208.8  1140.9   1.18     4.7    2.02      3357   14.4   3.7303e-01   14.4    23049
  219.8  1201.4   1.22    30.8    0.84     16156    3.3   1.7951e+00    3.3    20226
  222.0  1213.4   1.22     7.0    0.84      2409   18.9   2.6762e-01   18.9    20226
  223.8  1223.3   1.22    14.6    0.84      7364    6.4   8.1828e-01    6.4    20226
  238.7  1304.9   1.36     5.7    1.19      1771   21.9   1.9681e-01   21.9    18330
  243.5  1331.2   1.36    11.3    1.19      4961    8.5   5.5122e-01    8.5    18330
  268.7  1468.9   1.48    39.9    4.36     40686    1.9   4.5207e+00    1.9    13372
  283.4  1548.9   1.32     3.9    2.11       909   31.1   1.0099e-01   31.1    10873
  288.5  1577.0   1.32     5.2    2.11      1205   24.9   1.3386e-01   24.9    11709
  293.7  1605.7   1.33    92.2    2.11     92447    1.1   1.0272e+01    1.1    10873
  296.0  1618.2   1.33    33.9    2.11     22309    2.1   2.4788e+00    2.1    10873
  300.8  1644.4   1.33    30.0    2.11     14514    2.4   1.6126e+00    2.4    10873
  308.6  1686.9   1.29    39.0    0.63     20064    2.1   2.2293e+00    2.1     9659
  316.7  1731.1   1.31    72.1    1.82     55053    1.1   6.1171e+00    1.1     9521
  328.6  1796.3   1.29   206.6    1.52    411903    0.3   4.5767e+01    0.3     8653
  351.3  1920.4   1.34    67.3    1.09     44140    1.2   4.9045e+00    1.2     7520
  360.0  1968.1   1.31    83.2    1.58     73702    0.8   8.1891e+00    0.8     7523
  361.2  1974.6   1.31    11.9    1.58     14266    2.9   1.5851e+00    2.9     6986
  365.2  1996.6   1.31     5.5    1.58      1962   15.7   2.1805e-01   15.7     6986
  371.3  2029.9   1.30    39.5    1.16     15715    2.3   1.7461e+00    2.3     6134
  380.1  2077.9   1.33     6.9    0.76      1435   16.5   1.5950e-01   16.5     5913
  397.5  2172.8   1.33    16.5    0.93      4140    6.1   4.6005e-01    6.1     4968
  404.0  2208.4   1.36     4.7    0.76       881   28.5   9.7882e-02   28.5     4537
  407.3  2226.5   1.37    30.8    0.76     18355    1.9   2.0394e+00    1.9     4537
  409.5  2238.9   1.37    96.9    0.76     86928    0.7   9.6587e+00    0.7     4886
  420.7  2300.0   1.36     5.9    1.20       645   33.7   7.1612e-02   33.7     4475
  431.7  2360.2   1.37     7.8    0.86      1582   12.8   1.7574e-01   12.8     3886
  445.3  2434.5   1.38     3.4    0.95       555   33.9   6.1656e-02   33.9     3149
  447.9  2448.9   1.39     7.2    0.95      1438   13.5   1.5977e-01   13.5     3391
  456.6  2496.1   1.40    56.8    1.32     32324    1.2   3.5916e+00    1.2     3386
  468.2  2559.5   1.43    42.5    0.86     20992    1.5   2.3325e+00    1.5     2869
  477.6  2610.9   1.49    10.0    1.00      2555    7.0   2.8390e-01    7.0     2600
  479.9  2623.6   1.49     5.9    1.00       590   24.1   6.5608e-02   24.1     2600
  482.9  2640.3   1.49     4.4    1.00      1098   13.8   1.2200e-01   13.8     2600
  484.8  2650.2   1.49     5.9    1.00      1643    9.6   1.8259e-01    9.6     2600
  490.7  2682.8   1.50     3.5    1.00       425   32.4   4.7175e-02   32.4     2600
  494.7  2704.3   1.50     4.2    1.00       633   22.7   7.0347e-02   22.7     2600
  502.7  2748.3   1.42    17.5    1.06      3991    4.9   4.4339e-01    4.9     2141
  511.1  2794.1   2.84    14.5    2.25     24547    2.0   2.7275e+00    2.0     4083
  518.6  2835.2   1.41    38.3    2.25     17657    1.7   1.9619e+00    1.7     2041
  530.1  2898.0   1.45     4.1    0.69       500   27.9   5.5539e-02   27.9     1752
  539.0  2946.9   1.47   102.4    1.22    118568    0.6   1.3174e+01    0.6     1654
  541.8  2962.0   1.48    10.7    1.22      3013    6.8   3.3472e-01    6.8     1654
  545.1  2980.0   1.48    13.7    1.22      2633    7.7   2.9252e-01    7.7     1654
  558.1  3051.1   1.49    34.8    1.10     15117    1.8   1.6796e+00    1.8     1412
  569.3  3112.6   1.56    34.5    0.80     17451    1.6   1.9390e+00    1.6     1346
  576.6  3152.2   1.78     6.1    1.29      1108   11.2   1.2309e-01   11.2     1462
  583.4  3189.7   1.79     8.8    1.29      1836    7.0   2.0397e-01    7.0     1381
  588.9  3219.7   1.79    11.7    1.29      5171    3.4   5.7451e-01    3.4     1381
  594.3  3249.4   1.80     8.3    1.29      1355   10.6   1.5060e-01   10.6     1381
  605.2  3308.8   1.60    34.9    1.31     21611    1.4   2.4013e+00    1.4     1258
  607.6  3322.1   1.60     7.2    1.31      3531    4.9   3.9236e-01    4.9     1258
  609.3  3331.4   1.60     4.6    1.31      1804    8.8   2.0044e-01    8.8     1258
  612.5  3348.9   1.60    10.7    1.31      1800    8.5   1.9996e-01    8.5     1258
  616.4  3370.0   1.61    12.1    1.31      3111    5.3   3.4567e-01    5.3     1258
  622.1  3401.3   1.53    14.0    1.33      5832    3.3   6.4799e-01    3.3     1247
  624.2  3412.6   1.54    24.3    1.33     10510    2.2   1.1678e+00    2.2     1247
  627.4  3430.0   1.54     5.5    1.33       894   15.8   9.9306e-02   15.8     1330
  631.2  3450.9   1.54     9.2    1.33      1255   12.6   1.3939e-01   12.6     1330
  645.3  3527.9   1.58    35.4    1.43     19696    1.6   2.1885e+00    1.6     1033
  656.1  3587.0   1.56     4.2    0.61       531   20.6   5.8946e-02   20.6     1027
  700.6  3830.8   1.60     3.7    0.80       324   32.8   3.5952e-02   32.8      994
  721.4  3944.5   1.69    19.6    1.00      3841    3.9   4.2674e-01    3.9      973
  726.6  3972.5   1.70    11.4    1.00      1736    7.3   1.9293e-01    7.3      973
  768.7  4203.0   1.66     9.1    0.98       912   12.2   1.0133e-01   12.2      752
  792.8  4334.7   1.68     3.6    1.07       449   22.4   4.9896e-02   22.4      757
  810.9  4433.7   1.69     6.0    0.83       581   16.8   6.4602e-02   16.8      683
  822.4  4496.6   1.70     3.5    1.24       146   55.9   1.6257e-02   55.9      654
  829.0  4532.5   1.71     9.3    1.24      1435    7.2   1.5946e-01    7.2      654
  839.2  4588.6   1.71     4.8    0.92       347   27.0   3.8603e-02   27.0      663
  890.1  4866.7   1.76     5.7    1.07       573   17.5   6.3613e-02   17.5      621
  911.2  4982.0   1.78     6.0    0.83       667   14.7   7.4136e-02   14.7      625
  925.3  5059.3   1.83     4.1    1.13       220   39.3   2.4442e-02   39.3      628
  931.3  5092.2   1.84    17.6    1.13      3275    4.1   3.6384e-01    4.1      628
  934.7  5110.8   1.84     5.7    1.13       310   28.9   3.4476e-02   28.9      628
  938.7  5132.7   1.84    26.2    1.13      7030    2.7   7.8112e-01    2.7      628
  964.7  5274.8   1.82     3.6    1.11       190   43.7   2.1112e-02   43.7      522
  968.7  5296.7   1.82     6.3    1.11       463   18.4   5.1476e-02   18.4      522
 1000.2  5469.1   1.85     6.5    0.80       509   17.7   5.6518e-02   17.7      485
 1026.7  5613.7   1.87     3.4    0.92       142   42.9   1.5787e-02   42.9      406
 1036.0  5664.4   1.88     7.4    0.92       720   11.3   7.9965e-02   11.3      429
 1048.6  5733.3   1.89     5.6    1.12       241   32.7   2.6825e-02   32.7      422
 1103.9  6035.7   1.94     3.4    0.92       226   35.0   2.5091e-02   35.0      435
 1120.4  6126.0   1.95     7.6    1.06       754   11.3   8.3727e-02   11.3      388
 1150.6  6291.4   2.01    25.7    1.24      5703    3.0   6.3364e-01    3.0      404
 1175.2  6426.0   2.04     7.1    1.12       544   14.2   6.0419e-02   14.2      411
 1183.4  6470.6   2.05    17.6    1.12      2793    4.2   3.1034e-01    4.2      411
 1218.7  6663.6   2.03     5.2    0.94       470   18.1   5.2221e-02   18.1      394
 1237.8  6768.0   2.05     3.5    1.00       216   34.6   2.3967e-02   34.6      369
 1253.9  6856.0   2.06     3.4    0.72       105   58.6   1.1718e-02   58.6      280
 1274.1  6966.4   2.08     3.8    0.86       143   41.9   1.5840e-02   41.9      260
 1293.5  7072.9   2.10     5.6    0.87       371   18.2   4.1170e-02   18.2      238
 1316.2  7196.7   2.12     3.6    1.07       191   28.5   2.1204e-02   28.5      217
 1323.8  7238.4   2.12     3.7    1.07       182   29.1   2.0218e-02   29.1      217
 1341.9  7337.6   2.14     4.7    0.71       366   16.6   4.0670e-02   16.6      191
 1369.2  7486.9   2.16     3.4    1.20       113   40.2   1.2500e-02   40.2      164
 1377.4  7531.5   2.17     7.4    1.20       555   10.8   6.1652e-02   10.8      164
 1408.1  7699.5   2.19     7.9    1.12       611   10.8   6.7855e-02   10.8      139
 1460.5  7985.9   2.33    23.6    1.02      5008    2.7   5.5642e-01    2.7      126
 1468.6  8030.5   2.34    12.0    1.02      1330    5.7   1.4777e-01    5.7      132
 1477.1  8076.5   2.34     3.6    1.02        97   41.5   1.0776e-02   41.5      132
 1486.9  8130.5   2.26     3.3    0.95       105   38.7   1.1659e-02   38.7       92
 1509.0  8250.9   2.28     5.4    1.02       127   32.2   1.4056e-02   32.2       80
 1511.8  8266.5   2.28     5.8    1.02       290   16.2   3.2171e-02   16.2       84
 1564.8  8556.0   2.33     3.6    1.03       136   29.0   1.5092e-02   29.0       73
 1621.7  8867.3   2.37     5.7    0.76       469   10.7   5.2138e-02   10.7       61
 1729.1  9454.7   2.46     3.3    1.07        83   38.8   9.2174e-03   38.8       51
 1764.2  9646.6   2.49     7.2    0.90       505   10.3   5.6133e-02   10.3       61
 1797.0  9826.1   2.52     3.7    1.05       108   28.0   1.1995e-02   28.0       41
 1805.3  9871.6   2.53     5.2    1.05       199   17.0   2.2059e-02   17.0       42
 1847.2 10100.8   2.56     4.2    1.09        68   42.1   7.5563e-03   42.1       34
 1919.1 10493.7   2.62     3.4    0.95        49   56.8   5.4969e-03   56.8       40
 2102.9 11498.6   2.78     3.5    0.79       123   25.1   1.3623e-02   25.1       36
 2203.4 12048.6   2.86     5.3    0.98       182   19.5   2.0241e-02   19.5       30
 2613.5 14291.0   3.27    11.1    0.80       949    6.3   1.0545e-01    6.3       13

   indicates the Iterative Peak Width fitting reached a limiting value.
