
                       be used for evaluation purposes
                                                            14-Oct-2019 14:10
                       _________________________________

                       P E A K     F I T     R E P O R T
                       _________________________________

 Spectrum file Analysed: AI_32cm_Ir05_060-074              
 Sample Title :                                                  

 Spectrum saved on 27-Feb-2019 at 10:38    Collected on 27-Feb-2019 at  0:28
 Sample  Taken  on 27-Feb-2019 at 21:57    Decayed      0 Days,     0 mins.

            Detector file number used:     1
            Energy     Calibration Performed on  6-Mar-2019 at 16:50
            Peak Shape Calibration Performed on  6-Mar-2019 at 16:52

 

   Datetime:  26-Feb-2019  21:57
   Live:      9000.00 
   Mass:      577
   Shelf:     30
   Detector:      1

   Reported Activity values were rounded     
   FitzPeaks Version: 3.71 23rd January 2014           
                                                                                                     
              


 Peak   Centre   FW@HM         Goodness   Peak      %      Gammas       %      2 Sigma
Energy  Channel  (KeV)  Signif  of Fit    Area   Uncert.  per sec.   Uncert. Background

   61.2   334.0   1.10     9.5   11.77     53573    4.7   5.9526e+00    4.7   105024
   63.0   344.0   1.10   252.6   11.77    982161    0.4   1.0913e+02    0.4   105024
   64.7   353.1   1.10   381.6   11.77   1646774    0.2   1.8297e+02    0.2   105024
   66.6   363.6   1.11    46.3   11.77     78188    3.1   8.6876e+00    3.1    96272
   71.1   388.3   1.23    16.7    3.76     27559    4.9   3.0621e+00    4.9    49894
   73.2   399.9   1.23   206.8    3.76    599472    0.4   6.6608e+01    0.4    49894
   75.4   411.6   1.23   107.1    3.76    216533    0.8   2.4059e+01    0.8    54052
   77.7   424.2   1.23    10.8    3.76      8030   15.7   8.9224e-01   15.7    49894
   82.2   449.0   1.06   100.4    1.33     99594    0.9   1.1066e+01    0.9    28819
   84.7   462.4   1.06    16.6    1.33     11242    6.2   1.2491e+00    6.2    31700
   87.2   476.5   1.07     7.4    1.33      3201   19.9   3.5568e-01   19.9    31700
   94.1   514.1   1.09     6.1    0.83      2489   26.3   2.7654e-01   26.3    30156
   96.3   526.2   1.09    77.3    0.83     69669    1.2   7.7410e+00    1.2    30156
  113.6   620.7   1.10     3.7    1.16      1248   46.5   1.3862e-01   46.5    30852
  129.3   706.4   1.12    80.8    0.74     70330    1.2   7.8144e+00    1.2    31008
  140.9   769.9   1.13     8.7    1.46      3557   17.3   3.9519e-01   17.3    34352
  172.2   941.1   1.16    80.6    0.76     71255    1.2   7.9173e+00    1.2    33741
  179.0   978.3   1.17    33.2    0.87     19716    3.4   2.1906e+00    3.4    32108
  186.8  1020.7   1.19    72.8    0.66     67200    1.2   7.4666e+00    1.2    27158
  187.7  1026.0   1.19     6.3    0.66      8154    8.3   9.0597e-01    8.3    27158
  197.1  1077.2   1.17     9.3    3.37      4846   12.2   5.3848e-01   12.2    23258
  205.9  1125.4   1.18     8.0    1.52      3067   13.9   3.4083e-01   13.9    19961
  208.7  1140.8   1.18     4.5    1.52      2983   15.1   3.3146e-01   15.1    19961
  219.8  1201.3   1.20    30.8    0.88     14414    3.3   1.6016e+00    3.3    16221
  222.0  1213.2   1.20     4.5    0.88      2493   17.0   2.7704e-01   17.0    16221
  223.9  1223.8   1.20    15.9    0.88      6695    6.7   7.4385e-01    6.7    16221
  235.6  1287.8   1.21     3.6    1.12       621   51.5   6.9040e-02   51.5    13781
  238.8  1305.1   1.21     6.0    1.12      1755   18.8   1.9501e-01   18.8    13781
  243.5  1331.1   1.21     9.2    1.12      2801   11.7   3.1126e-01   11.7    13781
  268.7  1469.0   1.48    37.2    3.60     37291    1.7   4.1435e+00    1.7    11679
  283.1  1547.3   1.25     4.1    0.67       742   36.1   8.2448e-02   36.1     9853
  288.6  1577.6   1.25     4.0    0.67      1077   25.3   1.1967e-01   25.3     9853
  293.8  1605.8   1.36    70.7    2.97     69729    1.1   7.7477e+00    1.1     9487
  296.0  1618.2   1.36    31.4    2.97     22793    2.0   2.5325e+00    2.0     9487
  300.9  1644.7   1.37    25.4    2.97     10864    3.6   1.2071e+00    3.6     9487
  308.6  1686.9   1.28    38.5    0.81     20153    2.0   2.2392e+00    2.0     8388
  316.7  1731.1   1.30    67.1    0.88     54050    1.0   6.0056e+00    1.0     8318
  328.6  1796.3   1.29   166.4    1.49    306907    0.3   3.4101e+01    0.3     7539
  338.3  1849.2   1.29     3.3    0.68       523   48.1   5.8113e-02   48.1     6862
  351.3  1920.5   1.35    63.6    0.98     40642    1.2   4.5158e+00    1.2     6695
  351.3  1920.5   1.35    63.6    0.98     40642    1.2   4.5158e+00    1.2     6695
The Peak at Channel 109 was dropped, too near LLD Step

   61.2   334.0   1.10     9.5   11.77     53576    4.7   5.9529e+00    4.7   105023
   63.0   344.0   1.10   252.6   11.77    982164    0.4   1.0913e+02    0.4   105023
   64.7   353.1   1.10   381.6   11.77   1646771    0.2   1.8297e+02    0.2   105023
   66.6   363.6   1.11    46.3   11.77     78189    3.1   8.6877e+00    3.1    96271
  360.0  1968.1   1.31    80.8    0.86     67608    0.8   7.5121e+00    0.8     6534
  361.2  1974.5   1.31    10.2    0.86     10189    3.5   1.1321e+00    3.5     6067
  365.3  1997.1   1.32     6.0    0.86      1570   16.8   1.7441e-01   16.8     6534
  371.3  2030.0   1.34    38.1    0.85     15824    1.9   1.7582e+00    1.9     5362
  374.6  2047.7   1.34     3.4    0.85       370   55.5   4.1093e-02   55.5     4979
  380.2  2078.5   1.34     7.0    0.85      1434   14.6   1.5935e-01   14.6     4979
  397.4  2172.6   1.29    18.0    0.80      4169    5.5   4.6320e-01    5.5     4190
  404.1  2208.9   1.37     3.9    1.29       606   40.7   6.7365e-02   40.7     4216
  407.3  2226.5   1.37    31.4    1.29     18027    2.0   2.0030e+00    2.0     3915
  409.5  2238.9   1.37    90.4    1.29     80091    0.7   8.8990e+00    0.7     4216
  420.8  2300.2   1.36     4.3    0.92       640   31.1   7.1166e-02   31.1     3849
  431.8  2360.4   1.37     8.8    0.70      1753   10.8   1.9475e-01   10.8     3248
  445.3  2434.5   1.38     3.9    0.91       621   27.9   6.8953e-02   27.9     2668
  447.9  2448.8   1.39     8.0    0.91      1607   11.1   1.7854e-01   11.1     2873
  456.6  2496.2   1.41    51.3    1.09     29797    1.3   3.3108e+00    1.3     2855
  468.2  2559.6   1.41    43.0    0.98     20770    1.6   2.3078e+00    1.6     2312
  477.6  2611.3   1.41     8.2    1.17      2068    8.5   2.2974e-01    8.5     2192
  479.8  2623.3   1.41     3.5    1.17       396   38.2   4.4040e-02   38.2     2192
  483.0  2640.8   1.41     3.4    1.17       786   19.4   8.7348e-02   19.4     2192
  484.8  2650.6   1.42     7.6    1.17      1418   11.3   1.5751e-01   11.3     2192
  494.7  2704.6   1.42     5.0    1.20       428   29.6   4.7511e-02   29.6     1974
  502.6  2747.9   1.43     8.3    1.20      1260   10.6   1.3997e-01   10.6     1843
  511.1  2794.0   2.85    12.6    2.09     17656    2.3   1.9618e+00    2.3     3354
  518.6  2835.3   1.42    38.5    2.09     17261    1.6   1.9179e+00    1.6     1677
  530.3  2899.3   1.45     3.6    1.16       297   44.6   3.2984e-02   44.6     1615
  539.0  2946.9   1.48   116.2    1.45    109589    0.6   1.2177e+01    0.6     1325
  541.8  2962.0   1.48    10.3    1.45      2876    6.8   3.1957e-01    6.8     1325
  545.0  2979.8   1.48    11.9    1.45      1741   10.8   1.9347e-01   10.8     1419
  558.1  3051.2   1.48    42.1    1.15     14755    1.8   1.6395e+00    1.8     1227
  569.4  3112.8   1.53    41.2    1.15     15734    1.7   1.7482e+00    1.7     1108
  576.6  3152.7   1.74     8.6    1.26       942   12.4   1.0466e-01   12.4     1181
  583.4  3189.6   1.75    10.3    1.26      1780    6.7   1.9774e-01    6.7     1181
  588.8  3219.3   1.75    12.6    1.26      4288    3.9   4.7645e-01    3.9     1181
  594.4  3249.7   1.76     8.9    1.26       967   12.9   1.0749e-01   12.9     1181
  605.2  3308.9   1.62    42.3    1.04     20960    1.4   2.3289e+00    1.4     1109
  607.7  3322.5   1.62     7.0    1.04      2041    7.5   2.2681e-01    7.5     1178
  609.4  3331.6   1.62     7.4    1.04      1850    7.9   2.0552e-01    7.9     1109
  612.5  3348.8   1.63    11.0    1.04      1689    8.4   1.8764e-01    8.4     1109
  616.2  3368.9   1.63     3.8    1.04       622   20.8   6.9097e-02   20.8     1109
  622.1  3401.2   1.55    13.2    1.25      4438    4.2   4.9309e-01    4.2     1010
  624.2  3412.6   1.55    27.7    1.25      9801    2.2   1.0890e+00    2.2     1010
  627.6  3431.2   1.55     4.0    1.25       547   22.8   6.0831e-02   22.8     1077
  631.1  3450.6   1.56     9.5    1.25      1442    9.4   1.6022e-01    9.4     1010
  645.3  3528.0   1.56    40.2    1.23     14369    1.8   1.5966e+00    1.8      880
  656.1  3586.9   1.56     4.9    1.16       432   24.8   4.7986e-02   24.8      861
  700.6  3830.6   1.60     3.8    0.64       251   37.6   2.7859e-02   37.6      783
  721.5  3944.6   1.68    14.2    1.06      2311    5.5   2.5681e-01    5.5      821
  726.5  3972.3   1.69    10.3    1.06      1746    7.1   1.9396e-01    7.1      821
  768.7  4203.0   1.66     9.3    0.64       994   10.6   1.1046e-01   10.6      685
  792.7  4333.9   1.68     3.4    0.96       263   35.6   2.9259e-02   35.6      607
  810.9  4433.4   1.69     7.3    1.02       608   15.9   6.7513e-02   15.9      595
  829.1  4533.1   1.71     8.8    0.88      1374    8.0   1.5263e-01    8.0      507
  839.3  4589.1   1.71     6.4    0.82       451   19.4   5.0085e-02   19.4      530
  890.0  4866.3   1.76     5.9    0.99       484   18.8   5.3764e-02   18.8      533
  911.2  4982.3   1.78     6.1    0.80       666   14.0   7.4054e-02   14.0      525
  925.2  5058.7   1.81     3.3    1.19       192   41.2   2.1305e-02   41.2      510
  931.3  5092.1   1.82    16.1    1.19      2462    4.7   2.7361e-01    4.7      510
  935.1  5112.7   1.82     5.4    1.19       227   35.6   2.5207e-02   35.6      510
  938.7  5132.8   1.83    24.2    1.19      5285    3.0   5.8727e-01    3.0      510
  964.9  5275.6   1.82     3.4    0.98       133   57.3   1.4788e-02   57.3      482
  968.8  5297.3   1.82     4.7    0.98       335   24.3   3.7180e-02   24.3      482
 1000.0  5467.9   1.85     4.8    0.84       413   19.2   4.5899e-02   19.2      413
 1036.0  5664.5   1.88     6.9    0.82       687   12.4   7.6370e-02   12.4      408
 1048.6  5733.6   1.89     3.6    1.12       202   35.2   2.2475e-02   35.2      361
 1103.7  6034.5   1.94     4.5    0.93       237   30.3   2.6337e-02   30.3      361
 1120.2  6125.1   1.95     8.0    1.21       613   13.9   6.8064e-02   13.9      329
 1150.6  6291.5   1.99    22.2    0.93      4196    3.4   4.6621e-01    3.4      386
 1175.2  6425.8   2.00     7.7    0.99       409   17.5   4.5394e-02   17.5      380
 1183.4  6470.5   2.01    14.9    0.99      1973    5.3   2.1925e-01    5.3      361
 1218.7  6663.5   2.03     4.9    1.01       360   21.2   4.0051e-02   21.2      330
 1237.9  6768.8   2.05     4.8    0.76       255   27.1   2.8347e-02   27.1      316
 1274.2  6967.4   2.08     3.4    0.85       127   47.0   1.4059e-02   47.0      245
 1293.5  7072.6   2.10     4.0    1.03       305   21.1   3.3846e-02   21.1      204
 1316.4  7198.2   2.12     4.9    0.79       190   25.8   2.1080e-02   25.8      187
 1324.2  7240.3   2.12     3.6    0.79       155   31.0   1.7236e-02   31.0      187
 1341.8  7337.0   2.14     4.7    1.08       225   25.2   2.5013e-02   25.2      153
 1377.3  7531.0   2.17     7.6    1.84       490   13.0   5.4424e-02   13.0      149
 1408.1  7699.6   2.19     6.5    1.12       439   14.1   4.8752e-02   14.1      136
 1460.5  7986.2   2.27    23.2    1.06      4889    2.8   5.4317e-01    2.8      118
 1468.7  8030.7   2.28    14.0    1.06      1140    6.5   1.2668e-01    6.5      118
 1476.6  8073.9   2.29     3.8    1.06        91   42.8   1.0160e-02   42.8      118
 1486.8  8129.8   2.26     4.0    1.05        90   43.5   9.9786e-03   43.5       83
 1511.8  8266.7   2.28     4.7    1.40       184   25.5   2.0412e-02   25.5       96
 1564.6  8555.0   2.33     3.6    0.80       101   34.8   1.1230e-02   34.8       67
 1621.9  8868.3   2.37     5.8    0.93       309   14.2   3.4294e-02   14.2       64
 1661.6  9085.4   2.41     3.5    1.08        43   58.7   4.8202e-03   58.7       36
 1729.4  9456.3   2.46     4.2    1.08       108   31.6   1.1980e-02   31.6       51
 1764.3  9647.0   2.49     9.1    0.98       522    9.7   5.8022e-02    9.7       47
 1797.4  9828.0   2.52     3.4    0.87        91   30.4   1.0087e-02   30.4       38
 1805.5  9872.6   2.53     3.9    0.87       134   22.3   1.4890e-02   22.3       39
 1846.9 10099.1   2.56     3.4    0.90        70   43.1   7.7597e-03   43.1       38
 2102.8 11498.4   2.78     3.3    0.92       106   23.9   1.1832e-02   23.9       34
 2117.9 11580.8   2.79     3.3    0.92        39   53.9   4.3618e-03   53.9       34
 2203.7 12050.0   2.86     4.4    0.94       143   24.0   1.5909e-02   24.0       36
 2446.8 13379.5   3.07     3.5    0.86        45   56.4   4.9720e-03   56.4       24
 2613.6 14291.4   3.19    10.9    1.01       932    6.7   1.0360e-01    6.7       11

   indicates the Iterative Peak Width fitting reached a limiting value.
