
                       be used for evaluation purposes
                                                            14-Oct-2019 14:16
                       _________________________________

                       P E A K     F I T     R E P O R T
                       _________________________________

 Spectrum file Analysed: AI_32cm_Ir05_jobscript_075-089
 Sample Title :                                                  

 Spectrum saved on 14-Oct-2019 at 14:16    Collected on 27-Feb-2019 at  3:09
 Sample  Taken  on 27-Feb-2019 at  0:38    Decayed      0 Days,     0 mins.

            Detector file number used:     1
            Energy     Calibration Performed on  6-Mar-2019 at 16:50
            Peak Shape Calibration Performed on  6-Mar-2019 at 16:52

 

   Datetime:  27-Feb-2019   0:38
   Live:      9000.00 
   Mass:      577
   Shelf:     30
   Detector:      1

   Reported Activity values were rounded     
   FitzPeaks Version: 3.71 23rd January 2014           
                                                                                                     
              


 Peak   Centre   FW@HM         Goodness   Peak      %      Gammas       %      2 Sigma
Energy  Channel  (KeV)  Signif  of Fit    Area   Uncert.  per sec.   Uncert. Background

   59.9   327.0   1.10     3.4   15.53     15033   16.7   1.6703e+00   16.7    94342
   61.2   334.0   1.10    10.2   15.53     62585    4.1   6.9539e+00    4.1    94342
   63.0   344.0   1.10   249.1   15.53    963080    0.4   1.0701e+02    0.4    94342
   64.7   353.1   1.11   378.0   15.53   1607039    0.3   1.7856e+02    0.3    94342
   66.6   363.6   1.11    47.5   15.53     77914    3.3   8.6571e+00    3.3    86481
   71.1   388.4   1.23    15.2    4.19     26503    4.3   2.9448e+00    4.3    52122
   73.2   399.9   1.23   205.3    4.19    581417    0.5   6.4602e+01    0.5    48112
   75.4   411.6   1.23   106.3    4.19    207756    0.8   2.3084e+01    0.8    52122
   77.7   424.3   1.23    10.4    4.19      7515   14.0   8.3499e-01   14.0    48112
   82.2   449.0   1.06    98.2    1.31     96018    0.9   1.0669e+01    0.9    28081
   84.6   462.3   1.06    15.5    1.31     10127    6.7   1.1253e+00    6.7    30889
   87.2   476.2   1.06     7.1    1.31      2970   20.0   3.3002e-01   20.0    30889
   94.1   514.1   1.09     5.0    0.86      2310   27.2   2.5665e-01   27.2    28744
   96.3   526.2   1.09    76.1    0.86     68199    1.2   7.5776e+00    1.2    28744
  113.5   620.0   1.10     5.0    0.88      1179   46.2   1.3101e-01   46.2    32117
  129.3   706.4   1.12    78.6    0.62     68944    1.2   7.6605e+00    1.2    29598
  140.9   770.1   1.13     8.5    1.28      2946   20.1   3.2732e-01   20.1    32736
  172.2   941.1   1.15    81.1    0.91     68842    1.2   7.6492e+00    1.2    32191
  179.0   978.2   1.17    32.1    1.00     18799    3.4   2.0888e+00    3.4    30361
  179.0   978.2   1.17    32.1    1.00     18801    3.4   2.0890e+00    3.4    30361
  186.8  1020.7   1.17    74.5    0.56     66789    1.1   7.4210e+00    1.1    25963
  187.8  1026.4   1.17     6.1    0.56      7209    8.8   8.0100e-01    8.8    25963
  197.2  1077.6   1.41    11.4    2.75      5586   12.8   6.2068e-01   12.8    25763
  205.9  1125.5   1.18     8.2    2.21      2842   15.4   3.1573e-01   15.4    19085
  208.8  1141.0   1.18     7.4    2.21      3030   15.3   3.3664e-01   15.3    19085
  219.8  1201.4   1.20    28.4    0.74     13884    3.3   1.5426e+00    3.3    15599
  221.9  1212.9   1.20     4.9    0.74      2299   17.6   2.5549e-01   17.6    15599
  223.9  1223.6   1.20    15.8    0.74      6781    6.4   7.5346e-01    6.4    15599
  238.7  1304.7   1.21     6.1    1.88      1869   18.1   2.0762e-01   18.1    13137
  243.5  1331.1   1.21     6.1    1.88      2251   15.3   2.5007e-01   15.3    13137
  268.7  1468.9   1.48    40.6    2.95     36478    1.7   4.0531e+00    1.7    10952
  283.2  1548.2   1.25     3.4    0.81       538   50.0   5.9822e-02   50.0     8749
  288.4  1576.7   1.25     3.6    0.81      1012   26.4   1.1249e-01   26.4     9478
  293.8  1605.8   1.35    72.7    2.72     63952    1.1   7.1057e+00    1.1     9143
  296.0  1618.2   1.36    33.7    2.72     22370    2.1   2.4856e+00    2.1     9143
  300.8  1644.5   1.36    23.8    2.72      9775    3.9   1.0861e+00    3.9     8490
  308.6  1687.0   1.27    42.0    0.92     19877    2.0   2.2085e+00    2.0     7224
  316.7  1731.0   1.31    71.8    1.22     54393    1.1   6.0436e+00    1.1     8318
  328.6  1796.3   1.29   167.3    1.28    279251    0.4   3.1028e+01    0.4     7170
  351.3  1920.4   1.35    63.8    1.12     39920    1.3   4.4355e+00    1.3     6460
  360.0  1968.0   1.32    80.2    0.89     66383    0.8   7.3759e+00    0.8     6352
  361.2  1974.6   1.32    10.3    0.89      9882    3.9   1.0980e+00    3.9     5898
  365.2  1996.3   1.32     5.6    0.89      1307   20.0   1.4527e-01   20.0     5898
  371.3  2029.9   1.30    39.4    0.95     15669    2.0   1.7410e+00    2.0     4796
  374.8  2048.8   1.30     3.7    0.95       543   36.1   6.0386e-02   36.1     4796
  380.2  2078.5   1.31     6.2    0.95      1484   13.9   1.6487e-01   13.9     4796
  397.4  2172.8   1.36    16.1    0.85      4363    5.5   4.8478e-01    5.5     4313
  404.0  2208.5   1.36     3.6    1.00       596   37.6   6.6239e-02   37.6     3707
  407.3  2226.5   1.37    31.3    1.00     17767    1.9   1.9741e+00    1.9     3707
  409.5  2238.9   1.37    92.6    1.00     78263    0.8   8.6959e+00    0.8     3992
  416.5  2276.8   1.36     3.6    1.22       379   47.7   4.2063e-02   47.7     3645
  420.7  2299.9   1.36     3.8    1.22       766   24.1   8.5154e-02   24.1     3645
  431.7  2359.9   1.37     9.7    1.33      1557   12.5   1.7299e-01   12.5     3194
  445.4  2434.8   1.38     3.6    0.85       479   33.6   5.3181e-02   33.6     2729
  447.9  2448.8   1.39     8.6    0.85      1543   11.2   1.7140e-01   11.2     2729
  456.6  2496.1   1.40    57.6    1.14     28881    1.3   3.2090e+00    1.3     2798
  468.2  2559.5   1.41    47.1    0.87     21033    1.6   2.3370e+00    1.6     2330
  477.6  2611.0   1.41     7.7    1.03      1814    8.3   2.0156e-01    8.3     1956
  479.8  2623.3   1.41     5.1    1.03       432   28.1   4.7959e-02   28.1     1956
  482.8  2639.8   1.41     6.3    1.03       706   17.6   7.8500e-02   17.6     1956
  484.7  2650.1   1.42     8.8    1.03      1582    8.7   1.7573e-01    8.7     1956
  490.6  2682.1   1.42     3.7    1.03       400   30.1   4.4442e-02   30.1     1956
  494.8  2705.0   1.42     4.1    1.03       445   27.6   4.9475e-02   27.6     1956
  502.7  2748.4   1.43     8.3    0.88       936   15.5   1.0395e-01   15.5     1826
  511.1  2794.1   2.85    14.7    1.50     16258    2.4   1.8065e+00    2.4     3168
  518.6  2835.3   1.41    42.6    1.50     17173    1.5   1.9081e+00    1.5     1584
  539.0  2946.9   1.46   115.8    1.36    106443    0.6   1.1827e+01    0.6     1365
  541.8  2962.0   1.47     9.6    1.36      2671    7.3   2.9672e-01    7.3     1365
  545.0  2979.7   1.47    10.4    1.36      1361   12.3   1.5117e-01   12.3     1462
  558.1  3051.2   1.48    39.9    0.66     14648    1.7   1.6275e+00    1.7     1128
  569.4  3112.8   1.53    40.3    0.88     15700    1.6   1.7445e+00    1.6     1056
  576.5  3152.0   1.76     7.1    1.40       957   11.3   1.0629e-01   11.3     1139
  583.4  3189.7   1.76    10.8    1.40      1816    6.9   2.0176e-01    6.9     1075
  588.8  3219.1   1.77    13.9    1.40      4317    3.7   4.7969e-01    3.7     1139
  594.4  3249.7   1.77     8.0    1.40       934   12.7   1.0374e-01   12.7     1075
  605.2  3308.9   1.60    41.1    1.31     20821    1.5   2.3135e+00    1.5     1066
  607.6  3321.7   1.60     9.5    1.31      1737    8.4   1.9297e-01    8.4     1066
  609.3  3331.5   1.60     9.2    1.31      1946    7.6   2.1624e-01    7.6     1000
  612.5  3348.9   1.61    11.2    1.31      1789    7.9   1.9881e-01    7.9     1066
  616.1  3368.6   1.61     3.3    1.31       423   28.6   4.6969e-02   28.6     1066
  622.1  3401.4   1.47     9.2    1.79      3672    5.9   4.0799e-01    5.9     1356
  624.2  3412.5   1.47    29.4    1.79      9188    2.7   1.0209e+00    2.7     1356
  631.2  3450.9   1.48    11.7    1.79      1195   15.6   1.3278e-01   15.6     1266
  645.3  3528.0   1.55    37.1    1.03     13111    1.8   1.4568e+00    1.8      854
  656.0  3586.6   1.56     5.3    1.24       453   23.8   5.0378e-02   23.8      752
  700.8  3831.4   1.60     3.6    1.08       214   45.2   2.3760e-02   45.2      779
  721.4  3944.3   1.76    12.3    0.85      2022    5.8   2.2464e-01    5.8      746
  726.5  3972.3   1.77    10.5    0.85      1731    7.2   1.9229e-01    7.2      746
  768.7  4203.1   1.66     9.6    1.53       907   11.9   1.0076e-01   11.9      616
  792.9  4335.2   1.68     3.3    1.05       217   41.5   2.4100e-02   41.5      587
  810.9  4433.4   1.69     6.8    1.17       618   15.0   6.8616e-02   15.0      558
  822.0  4494.5   1.89     3.6    0.71       167   45.2   1.8539e-02   45.2      584
  829.0  4532.8   1.90    10.6    0.71      1419    7.0   1.5769e-01    7.0      584
  839.4  4589.4   1.72     5.6    1.03       404   21.9   4.4835e-02   21.9      538
  890.1  4866.8   1.76     5.1    1.24       408   21.9   4.5352e-02   21.9      507
  911.2  4982.1   1.78     6.7    0.84       602   15.1   6.6937e-02   15.1      544
  925.1  5058.4   1.80     3.6    1.45       132   56.8   1.4667e-02   56.8      525
  931.3  5092.3   1.81    14.3    1.45      2071    5.3   2.3012e-01    5.3      556
  938.7  5132.6   1.81    22.8    1.45      4620    3.2   5.1334e-01    3.2      556
  964.8  5275.5   1.82     3.3    1.16       141   52.2   1.5694e-02   52.2      412
  968.9  5297.9   1.82     4.9    1.16       413   20.2   4.5838e-02   20.2      436
 1000.2  5468.7   1.85     4.9    0.96       366   21.1   4.0646e-02   21.1      370
 1036.1  5665.0   1.88     9.0    0.93       649   12.6   7.2067e-02   12.6      354
 1048.2  5731.2   1.89     3.5    0.97       167   41.0   1.8514e-02   41.0      337
 1104.1  6036.8   1.94     4.2    1.09       233   31.1   2.5845e-02   31.1      335
 1120.3  6125.3   1.95     7.5    0.90       643   12.9   7.1442e-02   12.9      340
 1150.6  6291.4   1.95    21.8    0.81      3888    3.5   4.3202e-01    3.5      351
 1175.2  6426.0   1.98     4.8    1.07       356   18.7   3.9555e-02   18.7      353
 1183.4  6470.7   1.99    15.6    1.07      1948    5.1   2.1642e-01    5.1      335
 1218.6  6663.3   2.03     4.7    1.06       316   24.3   3.5146e-02   24.3      361
 1238.3  6770.8   2.05     3.9    1.05       257   27.0   2.8597e-02   27.0      310
 1274.1  6966.9   2.08     3.3    1.05       129   47.6   1.4384e-02   47.6      231
 1293.5  7072.7   2.10     3.6    1.14       230   27.1   2.5574e-02   27.1      214
 1316.2  7196.8   2.12     3.4    1.01       111   42.2   1.2365e-02   42.2      196
 1323.9  7238.8   2.12     3.3    1.01       122   39.0   1.3538e-02   39.0      196
 1342.0  7338.2   2.14     3.8    0.99       248   22.0   2.7549e-02   22.0      159
 1377.2  7530.5   2.17     7.5    0.69       505   12.0   5.6114e-02   12.0      129
 1408.2  7700.0   2.19     5.8    1.02       362   15.8   4.0195e-02   15.8      136
 1460.6  7986.2   2.28    24.3    1.11      5044    2.7   5.6047e-01    2.7      107
 1468.7  8030.5   2.28    10.6    1.11       921    7.5   1.0234e-01    7.5      112
 1486.2  8126.3   2.26     3.5    1.05       124   30.0   1.3791e-02   30.0       68
 1511.9  8267.2   2.28     3.6    1.35       188   24.5   2.0895e-02   24.5       94
 1564.9  8556.6   2.33     3.3    0.86        87   42.1   9.6670e-03   42.1       68
 1587.7  8681.3   2.34     3.5    1.18        65   56.0   7.2206e-03   56.0       76
 1592.3  8706.8   2.35     3.5    1.18        89   43.5   9.8558e-03   43.5       76
 1621.9  8868.5   2.37     4.4    0.84       304   14.5   3.3775e-02   14.5       61
 1729.2  9455.2   2.46     3.8    1.00        77   42.2   8.5334e-03   42.2       50
 1756.7  9605.7   2.49     3.5    0.88        41   55.8   4.5987e-03   55.8       32
 1764.2  9646.7   2.49     8.9    0.88       544    8.7   6.0395e-02    8.7       32
 1797.2  9826.9   2.52     3.4    1.00        78   33.3   8.6651e-03   33.3       30
 1805.3  9871.6   2.53     3.8    1.00       116   24.7   1.2854e-02   24.7       32
 1847.5 10102.1   2.56     3.7    0.87        80   36.9   8.8798e-03   36.9       32
 2103.3 11501.2   2.78     3.4    1.01        93   35.5   1.0291e-02   35.5       49
 2203.4 12048.6   2.86     5.2    0.66       137   24.3   1.5253e-02   24.3       39
 2447.2 13381.3   3.07     3.6    0.80        48   50.6   5.3402e-03   50.6       18
 2613.5 14291.1   3.32    10.1    0.72       900    6.6   1.0001e-01    6.6       15

   indicates the Iterative Peak Width fitting reached a limiting value.
