
                       be used for evaluation purposes
                                                            14-Oct-2019 14:20
                       _________________________________

                       P E A K     F I T     R E P O R T
                       _________________________________

 Spectrum file Analysed: AI_32cm_Ir05_jobscript_090-104 
 Sample Title :                                                  

 Spectrum saved on 14-Oct-2019 at 14:20    Collected on 27-Feb-2019 at  5:49
 Sample  Taken  on 27-Feb-2019 at  3:19    Decayed      0 Days,     0 mins.

            Detector file number used:     1
            Energy     Calibration Performed on  6-Mar-2019 at 16:50
            Peak Shape Calibration Performed on  6-Mar-2019 at 16:52

 

   Datetime:  27-Feb-2019   3:19
   Live:      9000.00 
   Mass:      577
   Shelf:     30
   Detector:      1

   Reported Activity values were rounded     
   FitzPeaks Version: 3.71 23rd January 2014           
                                                                                                     
              


 Peak   Centre   FW@HM         Goodness   Peak      %      Gammas       %      2 Sigma
Energy  Channel  (KeV)  Signif  of Fit    Area   Uncert.  per sec.   Uncert. Background

   61.2   334.0   1.10     8.3   11.48     51702    4.6   5.7446e+00    4.6    97305
   63.0   344.0   1.10   244.1   11.48    924853    0.4   1.0276e+02    0.4    97305
   64.7   353.1   1.10   371.2   11.48   1552041    0.3   1.7245e+02    0.3    97305
   66.6   363.6   1.10    45.1   11.48     72603    3.3   8.0670e+00    3.3    89196
   71.1   388.4   1.23    16.2    4.24     26847    4.3   2.9830e+00    4.3    50161
   73.2   399.9   1.23   200.9    4.24    563719    0.4   6.2635e+01    0.4    46302
   75.4   411.6   1.23   104.4    4.24    202313    0.7   2.2479e+01    0.7    50161
   77.7   424.3   1.23     9.9    4.24      6871   15.8   7.6345e-01   15.8    50161
   82.2   449.0   1.06    97.3    1.38     93705    0.9   1.0412e+01    0.9    26642
   84.6   462.3   1.06    16.0    1.38      9999    6.7   1.1110e+00    6.7    29306
   87.2   476.2   1.06     6.1    1.38      2819   20.9   3.1320e-01   20.9    29306
   96.4   526.3   1.07    76.0    0.94     64644    1.2   7.1827e+00    1.2    28224
  113.5   620.0   1.10     3.5    1.01      1036   53.6   1.1508e-01   53.6    30699
  129.3   706.4   1.11    80.0    0.70     66920    1.2   7.4356e+00    1.2    28517
  140.9   769.9   1.13     6.6    1.88      2407   25.1   2.6742e-01   25.1    31447
  172.2   941.1   1.15    81.0    0.57     66549    1.2   7.3944e+00    1.2    30575
  179.0   978.3   1.17    32.3    0.76     18916    3.5   2.1018e+00    3.5    29017
  186.8  1021.0   1.29    71.6    8.91     71370    1.8   7.9300e+00    1.8    27753
  197.1  1077.2   1.17     8.9    4.15      4784   12.8   5.3159e-01   12.8    21420
  205.9  1125.5   1.18     9.3    1.89      2902   14.7   3.2243e-01   14.7    18425
  208.7  1140.8   1.18     5.1    1.89      2988   14.6   3.3201e-01   14.6    18425
  219.8  1201.4   1.22    28.8    0.68     13922    3.2   1.5469e+00    3.2    16202
  221.9  1213.0   1.22     6.9    0.68      2040   20.2   2.2663e-01   20.2    14955
  223.9  1223.5   1.23    14.6    0.68      6457    6.6   7.1748e-01    6.6    16202
  238.7  1304.9   1.21     5.6    1.73      1739   18.9   1.9323e-01   18.9    12695
  243.5  1330.9   1.21     6.0    1.73      1869   17.8   2.0762e-01   17.8    12695
  268.7  1468.9   1.48    36.8    4.59     35594    1.9   3.9549e+00    1.9    10549
  283.2  1547.8   1.34     3.4    2.02       578   43.7   6.4274e-02   43.7     9159
  288.5  1576.8   1.35     4.3    2.02      1053   23.3   1.1704e-01   23.3     9159
  293.8  1605.8   1.35    71.4    2.02     58380    1.2   6.4866e+00    1.2     9159
  296.0  1618.2   1.36    36.2    2.02     22257    2.2   2.4730e+00    2.2     9159
  300.9  1644.6   1.36    23.0    2.02      8557    3.6   9.5075e-01    3.6     8505
  308.6  1687.0   1.25    43.2    1.20     19575    2.0   2.1750e+00    2.0     7179
  316.7  1731.0   1.30    75.3    1.13     53992    1.0   5.9991e+00    1.0     7501
  328.6  1796.3   1.29   165.7    1.07    253426    0.4   2.8158e+01    0.4     6983
  338.7  1851.7   1.29     3.4    1.11       536   47.3   5.9543e-02   47.3     6402
  351.3  1920.4   1.33    62.9    1.47     38665    1.3   4.2962e+00    1.3     6144
  360.0  1968.1   1.32    79.5    0.96     63932    0.9   7.1035e+00    0.9     6122
  361.2  1974.5   1.32     9.4    0.96      9215    3.9   1.0239e+00    3.9     5684
  365.1  1996.0   1.32     3.5    0.96      1110   22.5   1.2333e-01   22.5     6122
  371.3  2029.9   1.29    39.0    1.77     14971    2.5   1.6634e+00    2.5     5024
  380.1  2077.9   1.33     8.2    0.94      1446   15.6   1.6062e-01   15.6     4742
  397.5  2172.8   1.38    18.0    1.29      4477    5.5   4.9748e-01    5.5     4169
  407.3  2226.6   1.37    31.9    1.59     17813    2.1   1.9793e+00    2.1     3753
  409.5  2238.9   1.37    89.3    1.59     75093    0.7   8.3436e+00    0.7     4042
  416.4  2276.6   1.36     3.6    1.21       335   51.0   3.7177e-02   51.0     3225
  420.7  2300.0   1.36     4.2    1.21       745   24.4   8.2833e-02   24.4     3473
  431.7  2360.2   1.37     8.8    0.75      1413   13.0   1.5695e-01   13.0     3026
  445.3  2434.3   1.38     3.6    0.72       483   32.4   5.3656e-02   32.4     2635
  447.9  2448.6   1.39     7.4    0.72      1359   12.9   1.5100e-01   12.9     2635
  456.6  2496.1   1.39    56.1    1.07     27958    1.3   3.1065e+00    1.3     2647
  468.2  2559.5   1.41    45.9    1.09     20790    1.5   2.3100e+00    1.5     2286
  477.7  2611.6   1.41     7.7    1.15      1792    8.4   1.9909e-01    8.4     1916
  480.0  2624.4   1.41     3.3    1.15       418   29.2   4.6405e-02   29.2     1916
  482.9  2640.3   1.41     3.3    1.15       677   19.4   7.5269e-02   19.4     1916
  484.7  2650.1   1.42     7.1    1.15      1369    9.8   1.5215e-01    9.8     1916
  490.7  2682.9   1.42     3.4    1.15       329   35.1   3.6543e-02   35.1     1916
  494.7  2704.6   1.42     4.1    1.15       451   27.2   5.0122e-02   27.2     1916
  502.7  2748.5   1.43     6.9    0.75       779   18.4   8.6606e-02   18.4     1795
  511.1  2794.1   2.86    11.9    1.74     14479    2.4   1.6088e+00    2.4     3055
  518.6  2835.2   1.43    40.6    1.74     17249    1.5   1.9166e+00    1.5     1528
  539.0  2946.9   1.46   112.4    1.83    103189    0.7   1.1465e+01    0.7     1312
  541.8  2961.9   1.47    10.8    1.83      2619    7.5   2.9098e-01    7.5     1312
  545.1  2980.2   1.47     9.0    1.83      1122   15.8   1.2469e-01   15.8     1312
  558.1  3051.2   1.49    41.0    1.28     14739    1.7   1.6377e+00    1.7     1064
  569.4  3112.9   1.53    39.0    1.35     15210    1.7   1.6900e+00    1.7     1028
  576.6  3152.5   1.79     8.4    1.65       899   13.4   9.9927e-02   13.4     1050
  583.4  3189.6   1.80    13.1    1.65      1762    8.7   1.9575e-01    8.7     1050
  588.8  3219.2   1.80    10.2    1.65      3927    4.2   4.3634e-01    4.2     1112
  594.4  3249.6   1.81     7.6    1.65       845   13.6   9.3836e-02   13.6     1112
  605.2  3308.8   1.60    41.2    1.32     20795    1.6   2.3106e+00    1.6      988
  607.7  3322.3   1.60     8.2    1.32      1368   10.0   1.5195e-01   10.0      988
  609.4  3331.5   1.60     9.5    1.32      1816    7.7   2.0183e-01    7.7      927
  612.6  3349.3   1.61    10.7    1.32      1775    7.7   1.9726e-01    7.7      988
  615.7  3366.3   1.61     3.5    1.32       352   35.3   3.9098e-02   35.3      988
  622.1  3401.4   1.55     9.5    1.73      3662    4.3   4.0690e-01    4.3      952
  624.2  3412.6   1.55    27.8    1.73      9119    2.3   1.0132e+00    2.3      952
  627.9  3432.9   1.56     6.0    1.73       385   31.5   4.2794e-02   31.5     1015
  631.2  3450.8   1.56     8.9    1.73      1353    9.8   1.5033e-01    9.8     1015
  645.3  3527.9   1.57    34.1    1.08     12153    1.8   1.3503e+00    1.8      724
  656.1  3586.9   1.56     5.3    0.99       413   23.9   4.5932e-02   23.9      776
  700.7  3831.2   1.60     3.5    0.91       193   47.0   2.1395e-02   47.0      717
  721.4  3944.5   1.70    11.9    0.94      1729    6.6   1.9207e-01    6.6      696
  726.6  3972.4   1.71    12.2    0.94      1688    6.8   1.8750e-01    6.8      696
  768.7  4202.7   1.66     9.9    1.07       961   10.6   1.0677e-01   10.6      631
  792.7  4334.3   1.68     3.7    1.08       189   46.1   2.0999e-02   46.1      579
  810.9  4433.9   1.69     6.5    1.01       594   15.6   6.6031e-02   15.6      508
  821.9  4494.1   1.70     3.3    1.33       182   40.3   2.0221e-02   40.3      475
  829.1  4533.0   1.71     9.5    1.33      1369    7.4   1.5206e-01    7.4      475
  839.2  4588.7   1.71     5.0    0.98       403   21.4   4.4822e-02   21.4      532
  860.7  4705.9   1.73     3.5    0.85       169   46.0   1.8761e-02   46.0      472
  890.0  4866.4   1.76     5.6    1.10       421   20.6   4.6745e-02   20.6      474
  911.3  4982.5   1.78     8.1    1.00       716   12.7   7.9584e-02   12.7      440
  925.2  5058.9   1.88     3.7    0.91       215   35.2   2.3941e-02   35.2      471
  931.3  5092.0   1.88    13.0    0.91      2019    5.3   2.2436e-01    5.3      471
  934.6  5110.1   1.89     5.2    0.91       226   34.5   2.5142e-02   34.5      471
  938.7  5132.7   1.89    20.1    0.91      4202    3.4   4.6686e-01    3.4      497
  964.9  5276.1   1.82     3.5    0.77       177   40.4   1.9656e-02   40.4      430
  968.8  5296.9   1.82     4.1    0.77       393   19.7   4.3613e-02   19.7      430
 1000.2  5468.7   1.85     4.9    1.07       359   21.7   3.9835e-02   21.7      366
 1035.9  5664.3   1.88     7.3    0.96       651   12.5   7.2280e-02   12.5      355
 1048.2  5731.4   1.89     3.8    0.98       159   43.4   1.7704e-02   43.4      337
 1103.9  6035.7   1.94     3.5    1.00       185   38.2   2.0600e-02   38.2      351
 1120.2  6125.3   1.95     7.4    1.16       616   12.9   6.8449e-02   12.9      317
 1150.6  6291.4   1.97    20.3    0.96      3475    3.8   3.8608e-01    3.8      376
 1174.9  6424.4   2.04     4.9    0.91       350   19.5   3.8871e-02   19.5      347
 1183.4  6470.5   2.04    13.9    0.91      1651    5.8   1.8342e-01    5.8      347
 1218.8  6664.2   2.03     5.1    1.10       268   28.5   2.9780e-02   28.5      335
 1237.9  6768.9   2.05     3.5    0.73       239   28.8   2.6571e-02   28.8      313
 1274.2  6967.2   2.08     3.3    0.92       161   36.1   1.7863e-02   36.1      224
 1293.4  7072.0   2.10     4.1    0.73       217   26.8   2.4112e-02   26.8      202
 1316.5  7198.6   2.12     4.0    0.98       162   28.6   1.7962e-02   28.6      172
 1324.0  7239.5   2.12     3.7    0.98       130   35.8   1.4397e-02   35.8      172
 1342.0  7338.0   2.14     5.2    1.08       225   25.0   2.5012e-02   25.0      155
 1369.4  7488.0   2.16     3.3    0.98        86   47.1   9.5258e-03   47.1      133
 1377.4  7531.6   2.17     5.0    0.98       456   12.7   5.0612e-02   12.7      133
 1408.1  7699.1   2.19     5.6    0.96       403   13.9   4.4733e-02   13.9      128
 1460.5  7986.0   2.35    24.0    1.19      5016    2.7   5.5736e-01    2.7      107
 1468.6  8030.5   2.35    10.3    1.19       912    7.5   1.0138e-01    7.5      112
 1486.9  8130.4   2.26     3.7    1.00       101   34.8   1.1223e-02   34.8       67
 1512.0  8267.6   2.28     4.1    1.31       181   22.5   2.0110e-02   22.5       69
 1565.1  8557.7   2.33     3.5    1.05        98   33.0   1.0914e-02   33.0       53
 1622.0  8868.8   2.37     4.3    1.15       285   15.2   3.1624e-02   15.2       57
 1729.4  9456.2   2.46     3.4    1.08        73   41.5   8.1351e-03   41.5       47
 1764.2  9646.8   2.49     7.7    0.96       564    9.2   6.2640e-02    9.2       38
 1797.1  9826.5   2.52     3.7    0.89        61   39.8   6.7496e-03   39.8       34
 1805.4  9871.9   2.53     3.5    0.89       138   21.3   1.5322e-02   21.3       33
 1847.1 10100.0   2.56     3.8    1.06        62   44.6   6.9327e-03   44.6       31
 2102.8 11498.2   2.78     3.4    0.88        76   31.4   8.4011e-03   31.4       34
 2118.0 11581.2   2.79     3.4    0.88        37   58.6   4.0656e-03   58.6       34
 2203.5 12048.9   2.86     5.0    0.95       137   24.4   1.5261e-02   24.4       37
 2613.6 14291.4   3.21     9.2    1.00       907    6.9   1.0074e-01    6.9       12

   indicates the Iterative Peak Width fitting reached a limiting value.
