
                       be used for evaluation purposes
                                                            14-Oct-2019 14:54
                       _________________________________

                       P E A K     F I T     R E P O R T
                       _________________________________

 Spectrum file Analysed: AI_30cm_Ir04_HPGE2_jobscript_030-044 
 Sample Title :                                                  

 Spectrum saved on 14-Oct-2019 at 14:54    Collected on 26-Feb-2019 at 19:03
 Sample  Taken  on 26-Feb-2019 at 16:31    Decayed      0 Days,     0 mins.

            Detector file number used:     2
            Energy     Calibration Performed on  8-Mar-2019 at 11:34
            Peak Shape Calibration Performed on  8-Mar-2019 at 11:35

 

   Datetime:  26-Feb-2019  16:31
   Live:      9000.00 
   Mass:      477
   Shelf:     30
   Detector:      2

   Reported Activity values were rounded     
   FitzPeaks Version: 3.71 23rd January 2014           
                                                                                                     
              


 Peak   Centre   FW@HM         Goodness   Peak      %      Gammas       %      2 Sigma
Energy  Channel  (KeV)  Signif  of Fit    Area   Uncert.  per sec.   Uncert. Background

   61.5   335.0   1.12     6.7   40.69     84980    7.0   9.4422e+00    7.0   257173
   63.3   345.1   1.12   345.0   40.69   2003509    0.4   2.2261e+02    0.4   257173
   64.9   354.0   1.12   548.9   40.69   3403121    0.3   3.7812e+02    0.3   257173
   71.4   389.6   1.26    12.1    6.70     53084    6.8   5.8982e+00    6.8    83205
   73.5   400.8   1.26   311.9    6.70   1353127    0.4   1.5035e+02    0.4    83205
   75.6   412.5   1.26   154.5    6.70    439425    0.9   4.8825e+01    0.9    83205
   77.9   425.0   1.26     3.4    6.70      6990   50.3   7.7666e-01   50.3    76804
   82.4   449.8   1.12   141.3    2.24    213461    0.6   2.3718e+01    0.6    50071
   84.9   463.3   1.12    23.1    2.24     18505    5.2   2.0561e+00    5.2    50071
   87.5   477.4   1.12     9.5    2.24      5834   16.5   6.4821e-01   16.5    50071
   94.3   514.7   1.12    91.6    0.98    104539    1.0   1.1615e+01    1.0    48004
   96.6   527.3   1.13   106.9    0.98    135758    0.8   1.5084e+01    0.8    48004
  113.8   621.4   1.14    61.1    0.67     52317    1.8   5.8130e+00    1.8    49482
  129.5   707.4   1.16   115.0    1.09    138949    0.8   1.5439e+01    0.8    54441
  138.2   755.3   1.14     3.4    1.15      1699   46.9   1.8879e-01   46.9    52691
  141.1   771.0   1.14    79.3    1.15     72409    1.3   8.0455e+00    1.3    52691
  172.3   941.8   1.19   121.0    0.93    142469    0.7   1.5830e+01    0.7    50496
  176.5   964.7   1.19    22.0    0.93     14860    4.8   1.6511e+00    4.8    50496
  179.1   978.8   1.19    51.7    0.93     40132    1.9   4.4591e+00    1.9    50496
  181.3   991.1   1.19     5.6    0.93      2699   26.1   2.9991e-01   26.1    50496
  186.8  1021.0   1.21    96.3    0.78    114826    0.9   1.2758e+01    0.9    43771
  187.8  1026.5   1.21     8.1    0.78     16924    5.0   1.8805e+00    5.0    47419
  190.8  1043.0   1.21     6.3    0.78      3136   23.1   3.4842e-01   23.1    43771
  197.1  1077.7   1.22     8.3    2.53      5072   28.2   5.6355e-01   28.2    40844
  203.9  1114.5   1.30    10.7    1.30      5944    9.8   6.6046e-01    9.8    36980
  206.1  1126.6   1.30     4.5    1.30      2138   25.9   2.3760e-01   25.9    36980
  208.9  1142.0   1.30     8.9    1.30      5729    9.8   6.3659e-01    9.8    39825
  212.9  1163.9   1.30     3.8    1.30      1131   50.7   1.2571e-01   50.7    36980
  219.8  1201.8   1.27    42.2    1.59     29102    2.5   3.2335e+00    2.5    31672
  222.1  1214.3   1.27     7.7    1.59      4777   13.5   5.3079e-01   13.5    31672
  223.5  1222.0   1.27    32.0    1.59     24790    3.1   2.7545e+00    3.1    29235
  238.8  1305.6   1.26     3.8    1.36      1159   44.0   1.2872e-01   44.0    25303
  243.5  1331.4   1.27    84.3    1.36     76883    0.9   8.5425e+00    0.9    25303
  245.3  1341.4   1.27     6.0    1.36      4045   13.0   4.4941e-01   13.0    25303
  258.4  1413.0   1.27     6.4    1.38      3127   15.0   3.4750e-01   15.0    18950
  268.7  1469.4   1.54    56.6    6.98     75920    1.5   8.4356e+00    1.5    20791
  277.6  1518.1   1.29     4.4    1.46      1382   31.1   1.5358e-01   31.1    17419
  284.5  1556.0   1.39     4.4    2.30      1578   24.5   1.7537e-01   24.5    17239
  288.4  1577.3   1.39     6.1    2.30      1889   20.3   2.0986e-01   20.3    17239
  293.8  1606.5   1.40    64.4    2.30     60014    1.1   6.6683e+00    1.1    17239
  296.0  1618.7   1.40    26.8    2.30     21487    2.4   2.3874e+00    2.4    17239
  300.5  1643.7   1.40    57.3    2.30     43626    1.5   4.8473e+00    1.5    17239
  308.6  1687.6   1.38    32.2    0.84     18487    2.6   2.0541e+00    2.6    15625
  316.6  1731.7   1.33    46.8    0.79     48170    1.3   5.3522e+00    1.3    14351
  317.5  1736.7   1.33     7.7    0.79     28788    2.1   3.1987e+00    2.1    14351
  328.6  1797.2   1.34   156.6    2.75    255086    0.5   2.8343e+01    0.5    14480
  343.4  1878.2   1.35     3.6    1.06       974   38.6   1.0818e-01   38.6    14641
  351.3  1921.4   1.39    90.2    1.64     80410    0.9   8.9345e+00    0.9    14861
  360.0  1969.2   1.37   115.2    1.07    136554    0.6   1.5173e+01    0.6    13716
  361.2  1975.6   1.37     9.2    1.07     16492    3.4   1.8324e+00    3.4    13716
  365.4  1998.4   1.38     5.1    1.07      1637   25.2   1.8188e-01   25.2    12736
  371.3  2031.1   1.38    39.4    0.88     19122    2.3   2.1246e+00    2.3    11443
  380.1  2079.3   1.38     5.2    1.10      1454   22.6   1.6152e-01   22.6    10333
  397.5  2174.2   1.29    18.4    0.60      4913    6.4   5.4590e-01    6.4     8593
  404.0  2209.7   1.42    26.7    1.32     10738    3.7   1.1931e+00    3.7     8575
  407.2  2227.6   1.42    23.1    1.32     21789    2.1   2.4210e+00    2.1     8575
  409.5  2240.1   1.42   133.0    1.32    161665    0.6   1.7963e+01    0.6     8575
  420.8  2301.7   1.42     4.1    1.01      1005   28.9   1.1164e-01   28.9     7615
  431.4  2359.9   1.43     9.1    0.88      2770    9.7   3.0780e-01    9.7     6565
  445.2  2435.7   1.44     6.4    1.00      1178   21.0   1.3084e-01   21.0     5960
  447.7  2449.4   1.45     7.3    1.00      1706   14.6   1.8957e-01   14.6     5960
  456.5  2497.2   1.45    75.9    1.41     59168    1.0   6.5742e+00    1.0     6063
  468.1  2560.6   1.45    41.5    1.14     18435    2.0   2.0483e+00    2.0     5039
  477.4  2611.8   1.47     9.9    1.72      2337    9.1   2.5962e-01    9.1     4730
  479.9  2625.6   1.48     5.3    1.72       822   23.4   9.1346e-02   23.4     4730
  484.5  2650.7   1.48     5.6    1.72      1421   13.6   1.5790e-01   13.6     4730
  491.1  2686.7   1.49     3.4    1.72       369   49.6   4.1034e-02   49.6     4730
  493.8  2701.4   1.49     4.6    1.72      1767   12.1   1.9636e-01   12.1     4730
  502.5  2749.3   1.47    19.3    2.44      4895    4.6   5.4394e-01    4.6     4068
  510.9  2795.2   2.98    16.5    2.44     25757    2.1   2.8618e+00    2.1     7865
  518.5  2836.5   1.48    40.8    2.44     20988    1.6   2.3320e+00    1.6     4068
  530.4  2901.9   1.52     6.4    1.22      1134   20.2   1.2603e-01   20.2     4160
  538.9  2948.2   1.53   137.4    3.17    218820    0.5   2.4313e+01    0.5     4015
  541.6  2963.4   1.54    10.9    3.17      5624    6.5   6.2491e-01    6.5     4015
  544.9  2981.2   1.54    52.1    3.17     32017    1.5   3.5574e+00    1.5     4015
  557.9  3052.4   1.57    44.4    0.93     17988    1.8   1.9986e+00    1.8     2405
  568.9  3112.8   1.65    71.8    0.95     52533    0.9   5.8370e+00    0.9     2607
  576.5  3154.2   1.88    10.7    1.33      2232    7.6   2.4805e-01    7.6     2347
  583.5  3192.3   1.88    10.2    1.33      2435    6.9   2.7056e-01    6.9     2477
  588.5  3220.0   1.89    11.9    1.33      4847    4.3   5.3852e-01    4.3     2347
  594.4  3252.1   1.89     7.7    1.33      1300   12.2   1.4448e-01   12.2     2347
  605.0  3310.5   1.61    38.3    1.59     23781    1.5   2.6424e+00    1.5     2215
  607.5  3324.0   1.61    58.0    1.59     39263    1.1   4.3626e+00    1.1     2215
  609.3  3333.6   1.61     7.6    1.59      1509   14.1   1.6770e-01   14.1     2215
  612.4  3350.7   1.62     9.4    1.59      1248   15.7   1.3867e-01   15.7     2215
  616.2  3371.5   1.62    16.7    1.59      3995    5.6   4.4386e-01    5.6     2353
  622.0  3403.1   1.62    11.6    1.42      4079    5.4   4.5317e-01    5.4     1920
  624.0  3414.1   1.62    40.7    1.42     20354    1.7   2.2616e+00    1.7     1920
  627.0  3430.7   1.63    31.7    1.42     10694    2.4   1.1882e+00    2.4     1920
  631.0  3452.5   1.63     8.4    1.42      1431   13.4   1.5905e-01   13.4     2040
  645.0  3529.0   1.78    30.4    2.08     14957    1.9   1.6619e+00    1.9     1520
  651.5  3564.7   1.78     3.8    2.08       488   28.3   5.4217e-02   28.3     1436
  655.8  3588.1   1.79     6.7    2.08       919   15.8   1.0211e-01   15.8     1520
  679.0  3715.1   1.66     3.4    0.77       243   48.1   2.7021e-02   48.1     1203
  698.2  3820.4   1.67     7.3    1.64       932   14.5   1.0356e-01   14.5     1285
  721.3  3946.6   1.70    66.9    1.48     39966    1.0   4.4407e+00    1.0     1307
  726.3  3974.1   1.70    13.5    1.48      2329    6.2   2.5873e-01    6.2     1307
  733.7  4014.5   1.71     6.8    1.48      1382    9.6   1.5361e-01    9.6     1307
  735.7  4025.5   1.71     7.2    1.48      1537    9.1   1.7078e-01    9.1     1307
  755.7  4134.9   1.73     3.9    0.93       319   34.7   3.5391e-02   34.7      978
  768.5  4205.0   1.74     9.3    1.02      1027   12.3   1.1415e-01   12.3     1055
  788.9  4316.9   1.77     4.2    1.13       397   27.7   4.4105e-02   27.7      991
  792.6  4336.9   1.78    23.1    1.13      5078    3.3   5.6424e-01    3.3      991
  798.2  4367.7   1.78     6.2    1.13       700   16.0   7.7786e-02   16.0      991
  810.8  4436.7   1.78     5.5    1.62       709   17.1   7.8741e-02   17.1      897
  828.5  4533.4   2.15    11.1    1.26      2821    5.4   3.1347e-01    5.4      940
  835.6  4572.4   2.16     3.5    1.26       331   31.5   3.6827e-02   31.5      940
  839.1  4591.4   2.16     6.0    1.26       584   19.1   6.4890e-02   19.1      940
  880.2  4816.7   1.84     3.5    1.24       216   41.2   2.4038e-02   41.2      791
  885.4  4845.2   1.85     6.7    1.24       492   20.7   5.4628e-02   20.7      791
  890.2  4871.2   1.85     3.6    1.24       318   30.2   3.5325e-02   30.2      791
  902.1  4936.7   1.86     3.3    0.89       164   49.9   1.8190e-02   49.9      700
  911.2  4986.5   1.87     7.0    0.89       816   11.2   9.0705e-02   11.2      739
  924.8  5060.6   1.96     8.8    1.37      1010   11.0   1.1224e-01   11.0      783
  931.3  5096.0   1.97    14.8    1.37      2657    5.1   2.9517e-01    5.1      825
  934.7  5114.7   1.97     5.3    1.37       316   31.6   3.5073e-02   31.6      783
  938.7  5136.9   1.97    20.9    1.37      4209    4.1   4.6764e-01    4.1      825
  969.0  5302.4   1.92     3.5    0.80       267   36.3   2.9626e-02   36.3      741
  992.8  5433.2   1.94     3.5    1.26       224   33.6   2.4855e-02   33.6      632
 1000.3  5473.8   1.95     3.9    1.26       292   26.1   3.2396e-02   26.1      632
 1008.0  5516.4   1.96     3.7    1.26       187   41.5   2.0784e-02   41.5      632
 1026.8  5618.9   1.97     9.0    1.08       932    9.0   1.0360e-01    9.0      575
 1036.0  5669.2   1.98     7.5    1.08       897    9.4   9.9611e-02    9.4      575
 1044.3  5714.8   1.99     3.5    1.08       185   37.9   2.0586e-02   37.9      575
 1048.9  5740.2   1.99     4.0    1.08       192   36.8   2.1306e-02   36.8      575
 1080.7  5913.9   2.02     4.2    1.04       179   49.2   1.9857e-02   49.2      553
 1106.1  6053.1   2.05     4.5    1.34       532   18.3   5.9106e-02   18.3      578
 1108.5  6066.4   2.05     5.5    1.34       284   33.5   3.1574e-02   33.5      578
 1120.4  6131.2   2.06     5.6    0.97       669   14.6   7.4354e-02   14.6      533
 1134.1  6206.3   2.07     3.6    0.96       185   46.2   2.0567e-02   46.2      519
 1150.8  6297.5   2.10    18.4    1.08      3508    4.2   3.8973e-01    4.2      664
 1175.3  6431.9   2.25     3.3    1.16       379   22.2   4.2098e-02   22.2      544
 1183.6  6477.3   2.26    11.4    1.16      1741    6.6   1.9346e-01    6.6      544
 1219.1  6671.4   2.15     3.4    1.29       288   33.3   3.1959e-02   33.3      552
 1238.2  6776.2   2.17     3.3    1.21       238   37.2   2.6417e-02   37.2      529
 1253.8  6861.8   2.18     8.7    0.90       881   10.9   9.7908e-02   10.9      433
 1294.0  7081.7   2.22     3.4    0.93       205   35.8   2.2724e-02   35.8      337
 1312.2  7181.4   2.23     3.9    0.98       197   32.6   2.1900e-02   32.6      341
 1316.6  7205.5   2.24     4.6    0.98       145   44.0   1.6108e-02   44.0      326
 1323.6  7243.5   2.24     8.0    0.98       623   13.0   6.9223e-02   13.0      326
 1342.3  7346.1   2.26     3.3    1.48       262   26.6   2.9056e-02   26.6      273
 1362.5  7456.7   2.28     3.4    0.90       116   52.9   1.2930e-02   52.9      262
 1377.6  7539.4   2.29     8.9    1.04       810    9.1   9.0044e-02    9.1      270
 1387.7  7594.3   2.30     3.6    1.04       166   33.6   1.8426e-02   33.6      258
 1408.2  7706.9   2.32     6.4    1.14       584   12.9   6.4911e-02   12.9      252
 1458.0  7979.0   2.41     6.7    1.22       691   12.6   7.6798e-02   12.6      194
 1460.8  7994.7   2.41    24.7    1.22      5794    2.8   6.4375e-01    2.8      186
 1469.0  8039.4   2.42    10.0    1.22       835    8.6   9.2758e-02    8.6      186
 1476.8  8082.0   2.43     6.2    1.22       739    8.9   8.2111e-02    8.9      194
 1486.8  8136.8   2.39     3.6    1.26       102   38.7   1.1280e-02   38.7      117
 1495.6  8185.3   2.40     4.0    1.26       187   24.4   2.0807e-02   24.4      117
 1501.3  8216.5   2.41     4.4    1.26       185   25.4   2.0568e-02   25.4      117
 1528.1  8363.2   2.43     3.4    0.85       109   38.0   1.2143e-02   38.0      100
 1571.3  8599.6   2.47     3.4    1.05       143   31.6   1.5873e-02   31.6      104
 1593.4  8720.3   2.49     3.3    1.20       119   38.0   1.3199e-02   38.0      109
 1622.2  8878.0   2.52     4.7    1.16       300   16.2   3.3281e-02   16.2       78
 1653.4  9048.7   2.55     3.4    0.99       102   28.7   1.1353e-02   28.7       56
 1661.1  9091.1   2.55     3.4    0.99        46   55.1   5.1331e-03   55.1       54
 1672.4  9152.8   2.56     3.6    0.99        78   36.6   8.6450e-03   36.6       56
 1729.3  9464.5   2.62     3.5    1.01        90   37.6   9.9808e-03   37.6       54
 1764.6  9657.5   2.65     7.0    1.04       589   10.0   6.5480e-02   10.0       91
 1798.0  9840.4   2.68     3.5    0.83        89   37.4   9.9072e-03   37.4       63
 1805.4  9880.9   2.69     3.4    0.83       114   29.0   1.2650e-02   29.0       63
 1847.1 10109.4   2.72     3.3    1.10        75   38.5   8.3848e-03   38.5       43
 1919.4 10504.8   2.79     3.6    0.72        93   34.7   1.0361e-02   34.7       50
 2103.3 11511.5   2.96     3.5    0.92        83   35.0   9.2135e-03   35.0       32
 2203.9 12062.1   3.05     3.9    0.95       134   24.7   1.4889e-02   24.7       33
 2614.0 14307.0   3.42     8.7    0.84       754    7.7   8.3728e-02    7.7       22

   indicates the Iterative Peak Width fitting reached a limiting value.
