
                       be used for evaluation purposes
                                                            16-Oct-2019 17:42
                       _________________________________

                       P E A K     F I T     R E P O R T
                       _________________________________

 Spectrum file Analysed: AI_30cm_Ir04_HPGE2_jobscript_090-104 
 Sample Title :                                                  

 Spectrum saved on 16-Oct-2019 at 17:42    Collected on 27-Feb-2019 at  5:49
 Sample  Taken  on 27-Feb-2019 at  3:20    Decayed      0 Days,     0 mins.

            Detector file number used:     2
            Energy     Calibration Performed on  8-Mar-2019 at 11:34
            Peak Shape Calibration Performed on  8-Mar-2019 at 11:35

 

   Datetime:  27-Feb-2019   3:20
   Live:      9000.00 
   Mass:      477
   Shelf:     30
   Detector:      2

   Reported Activity values were rounded     
   FitzPeaks Version: 3.71 23rd January 2014           
                                                                                                     
              


 Peak   Centre   FW@HM         Goodness   Peak      %      Gammas       %      2 Sigma
Energy  Channel  (KeV)  Signif  of Fit    Area   Uncert.  per sec.   Uncert. Background

   60.3   328.5   1.13    11.6   21.96     27535   16.2   3.0595e+00   16.2   142973
   61.5   335.2   1.13    10.6   21.96    103260    4.2   1.1473e+01    4.2   155970
   63.3   345.0   1.13   310.2   21.96   1670849    0.5   1.8565e+02    0.5   155970
   64.9   354.0   1.14   494.4   21.96   2793477    0.2   3.1039e+02    0.2   155970
   66.9   364.6   1.14    13.4   21.96     38939   11.1   4.3266e+00   11.1   142973
   71.3   389.0   1.24    16.3    5.55     41901    4.1   4.6557e+00    4.1    78878
   73.5   400.8   1.24   282.7    5.55   1081090    0.4   1.2012e+02    0.4    85451
   75.6   412.5   1.24   139.5    5.55    345215    0.7   3.8357e+01    0.7    85451
   82.4   449.8   1.11   133.0    2.11    180472    0.7   2.0052e+01    0.7    42380
   84.9   463.4   1.12    21.1    2.11     14686    5.6   1.6317e+00    5.6    38848
   87.5   477.5   1.12     9.1    2.11      4378   18.3   4.8646e-01   18.3    38848
   94.3   514.7   1.13    59.1    0.94     53222    1.8   5.9135e+00    1.8    37394
   96.6   527.3   1.13   102.9    0.94    122256    0.8   1.3584e+01    0.8    37394
  113.8   621.4   1.14    36.7    1.34     27260    2.9   3.0289e+00    2.9    39233
  129.5   707.4   1.15   100.9    1.28    124345    0.8   1.3816e+01    0.8    39470
  138.3   755.5   1.15     3.6    1.05      1494   44.2   1.6599e-01   44.2    37704
  141.1   771.0   1.15    46.8    1.05     38138    2.1   4.2375e+00    2.1    41132
  172.3   941.8   1.19   114.5    1.03    127681    0.7   1.4187e+01    0.7    40963
  176.5   964.8   1.19    11.6    1.03      7074    9.5   7.8599e-01    9.5    40963
  179.1   978.8   1.19    50.4    1.03     34393    2.3   3.8215e+00    2.3    40963
  186.8  1021.1   1.21    86.5    1.04     93095    1.0   1.0344e+01    1.0    35212
  187.8  1026.8   1.22     7.9    1.04     13387    5.6   1.4875e+00    5.6    35212
  190.8  1043.2   1.22     3.8    1.04      1401   47.7   1.5571e-01   47.7    35212
  197.2  1077.9   1.22     9.6    2.05      5152   23.2   5.7248e-01   23.2    32840
  203.8  1114.0   1.22     5.3    1.89      2762   19.3   3.0694e-01   19.3    28125
  205.9  1125.8   1.23     6.0    1.89      2305   22.8   2.5616e-01   22.8    28125
  208.8  1141.7   1.23     7.0    1.89      4874   11.7   5.4153e-01   11.7    30469
  219.8  1201.7   1.27    44.6    1.42     26145    2.5   2.9050e+00    2.5    25358
  222.1  1214.1   1.27     8.1    1.42      4125   13.4   4.5834e-01   13.4    25358
  223.6  1222.6   1.27    24.0    1.42     16196    3.8   1.7996e+00    3.8    25358
  238.8  1305.6   1.26     4.5    0.78      1346   31.8   1.4954e-01   31.8    20203
  243.5  1331.4   1.27    56.2    0.78     39595    1.4   4.3995e+00    1.4    20203
  245.2  1341.0   1.27     8.1    0.78      4822    9.6   5.3576e-01    9.6    18649
  258.4  1413.0   1.27     5.2    1.26      1698   24.2   1.8863e-01   24.2    14976
  268.7  1469.4   1.52    58.4    6.24     68736    1.5   7.6373e+00    1.5    16450
  277.8  1519.4   1.29     3.8    1.00      1271   28.7   1.4119e-01   28.7    13970
  288.5  1577.8   1.44     4.8    2.41      1399   26.2   1.5545e-01   26.2    13326
  293.8  1606.6   1.44    54.1    2.41     41629    1.5   4.6255e+00    1.5    14278
  296.0  1618.7   1.44    29.6    2.41     21621    2.8   2.4024e+00    2.8    14278
  300.6  1643.8   1.45    42.0    2.41     23681    2.1   2.6312e+00    2.1    13326
  308.6  1687.7   1.34    36.8    0.85     18020    2.6   2.0022e+00    2.6    11571
  316.6  1731.7   1.33    59.2    0.75     46998    1.3   5.2220e+00    1.3    11282
  317.5  1736.6   1.33     5.6    0.75     15647    3.4   1.7386e+00    3.4    11282
  328.6  1797.2   1.34   142.0    2.68    172511    0.6   1.9168e+01    0.6    12085
  338.7  1852.7   1.35     3.7    0.98       519   57.7   5.7632e-02   57.7    10629
  343.5  1878.6   1.35     3.4    0.98       670   46.2   7.4474e-02   46.2    10629
  351.3  1921.4   1.39    86.3    0.74     72629    0.9   8.0698e+00    0.9    11797
  360.0  1969.2   1.36   112.2    1.35    121768    0.7   1.3530e+01    0.7    10604
  361.2  1975.5   1.37     8.1    1.35     11988    4.4   1.3320e+00    4.4     9847
  365.3  1998.0   1.37     4.0    1.35      1074   32.7   1.1938e-01   32.7    10604
  371.3  2031.1   1.38    39.4    1.04     18425    2.3   2.0472e+00    2.3     8851
  380.1  2079.0   1.38     6.8    1.00      1742   16.6   1.9354e-01   16.6     7915
  397.4  2173.8   1.41    16.8    1.01      5045    6.0   5.6057e-01    6.0     6927
  404.0  2209.9   1.42    16.8    1.60      5441    6.4   6.0457e-01    6.4     6360
  407.2  2227.6   1.42    25.3    1.60     21440    2.1   2.3822e+00    2.1     6815
  409.5  2240.1   1.42   118.5    1.60    144495    0.6   1.6055e+01    0.6     6360
  420.7  2301.3   1.42     4.1    1.10       818   30.3   9.0924e-02   30.3     5613
  431.5  2360.3   1.43     8.7    0.86      2284   10.3   2.5376e-01   10.3     4784
  445.2  2435.3   1.44     5.2    1.21      1048   20.7   1.1650e-01   20.7     4076
  447.9  2450.1   1.45     7.4    1.21      1760   12.7   1.9553e-01   12.7     4076
  456.5  2497.2   1.45    77.6    1.55     52798    1.0   5.8664e+00    1.0     4529
  468.1  2560.7   1.47    42.9    1.53     18455    2.0   2.0506e+00    2.0     3655
  477.6  2612.7   1.47     8.7    1.17      1870   10.7   2.0773e-01   10.7     3537
  479.9  2625.7   1.48     4.7    1.17       706   25.0   7.8427e-02   25.0     3537
  484.6  2651.1   1.48     6.4    1.17      1458   12.7   1.6196e-01   12.7     3301
  494.2  2703.9   1.49     3.6    1.87      1070   18.8   1.1887e-01   18.8     3262
  502.5  2749.4   1.48     8.0    1.98      1244   12.8   1.3827e-01   12.8     2842
  510.9  2795.2   3.00    15.1    1.98     16854    2.7   1.8727e+00    2.7     5494
  518.5  2836.5   1.50    45.4    1.98     20218    1.7   2.2464e+00    1.7     2842
  530.1  2900.5   1.52     3.3    1.43       534   35.8   5.9305e-02   35.8     3014
  538.9  2948.2   1.53   147.7    3.08    195087    0.5   2.1676e+01    0.5     2899
  541.6  2963.2   1.54    10.8    3.08      4592    6.7   5.1025e-01    6.7     2899
  544.9  2981.2   1.54    41.1    3.08     16140    2.4   1.7934e+00    2.4     2899
  557.9  3052.5   1.55    42.2    1.57     17296    1.7   1.9218e+00    1.7     1656
  569.0  3113.2   1.66    56.3    0.86     34584    1.1   3.8426e+00    1.1     1741
  576.4  3153.7   1.84    10.2    1.15      1808    8.1   2.0084e-01    8.1     1685
  583.4  3191.9   1.85    10.7    1.15      2137    6.5   2.3747e-01    6.5     1685
  588.4  3219.5   1.85    12.6    1.15      4086    4.1   4.5396e-01    4.1     1778
  594.3  3251.9   1.86     7.2    1.15       642   21.0   7.1382e-02   21.0     1685
  605.1  3310.5   1.64    40.1    1.78     23610    1.5   2.6233e+00    1.5     1692
  607.5  3323.9   1.64    37.0    1.78     19843    1.6   2.2048e+00    1.6     1592
  609.2  3333.1   1.64     9.0    1.78      1816   10.7   2.0182e-01   10.7     1592
  612.4  3350.9   1.65     9.7    1.78      1322   12.2   1.4685e-01   12.2     1592
  616.0  3370.1   1.65     4.5    1.78       667   23.4   7.4130e-02   23.4     1592
  622.0  3403.1   1.63     9.5    1.46      2676    6.8   2.9737e-01    6.8     1456
  624.0  3414.1   1.63    39.9    1.46     17537    1.6   1.9486e+00    1.6     1456
  627.1  3430.9   1.63    19.9    1.46      5504    3.6   6.1161e-01    3.6     1456
  630.9  3452.2   1.64    10.3    1.46      1456   11.0   1.6179e-01   11.0     1456
  645.0  3529.1   1.74    27.8    1.69      9507    2.5   1.0564e+00    2.5     1053
  651.6  3565.0   1.74     5.0    1.69       264   40.7   2.9365e-02   40.7     1115
  655.9  3588.9   1.75     5.8    1.69       588   20.4   6.5302e-02   20.4     1115
  698.4  3821.6   1.67     5.3    1.42       457   26.1   5.0774e-02   26.1      946
  721.2  3946.5   1.70    48.1    1.18     20192    1.4   2.2436e+00    1.4     1025
  726.3  3974.1   1.70    12.4    1.18      2007    7.0   2.2302e-01    7.0     1025
  733.7  4014.9   1.71     6.2    1.23       733   16.2   8.1492e-02   16.2      860
  735.7  4025.4   1.71     5.6    1.23       669   17.0   7.4328e-02   17.0      860
  750.9  4109.0   1.72     3.9    0.87       145   58.9   1.6066e-02   58.9      719
  755.9  4136.3   1.73     3.7    0.87       227   37.7   2.5202e-02   37.7      719
  768.5  4205.3   1.59    10.2    1.15      1016   10.8   1.1288e-01   10.8      737
  788.7  4315.9   1.80     4.1    0.93       248   36.0   2.7567e-02   36.0      720
  792.6  4336.9   1.80    14.8    0.93      2514    4.8   2.7933e-01    4.8      720
  798.1  4367.2   1.81     3.5    0.93       305   29.6   3.3930e-02   29.6      720
  810.8  4436.8   1.78     6.7    1.13       654   15.8   7.2708e-02   15.8      725
  822.0  4498.2   1.79     3.4    1.30       141   51.1   1.5625e-02   51.1      648
  828.7  4534.6   1.79     8.1    1.30      1946    6.3   2.1627e-01    6.3      612
  835.4  4571.5   1.80     3.5    1.30       227   32.5   2.5168e-02   32.5      612
  839.1  4591.6   1.80     6.0    1.30       551   14.7   6.1185e-02   14.7      612
  885.0  4843.1   1.84     3.4    0.90       193   41.1   2.1465e-02   41.1      598
  890.0  4870.4   1.85     4.7    0.90       280   29.7   3.1136e-02   29.7      631
  911.2  4986.5   1.87     7.3    1.29       625   16.7   6.9423e-02   16.7      588
  924.9  5061.3   2.07     3.5    1.00       561   16.1   6.2361e-02   16.1      568
  931.3  5096.1   2.08    11.4    1.00      1854    6.3   2.0600e-01    6.3      568
  934.7  5115.0   2.08     6.0    1.00       276   30.6   3.0721e-02   30.6      568
  938.7  5136.8   2.08    16.3    1.00      2988    4.5   3.3197e-01    4.5      568
  968.8  5301.4   1.92     4.9    0.78       367   24.4   4.0830e-02   24.4      578
 1000.3  5474.1   1.95     3.8    0.85       262   31.4   2.9123e-02   31.4      488
 1026.6  5618.1   1.97     7.3    1.26       514   14.6   5.7145e-02   14.6      456
 1036.0  5669.5   1.98     7.3    1.26       751   10.9   8.3434e-02   10.9      433
 1106.4  6054.9   2.05     3.6    1.50       280   32.1   3.1059e-02   32.1      516
 1120.3  6130.9   2.06     6.4    0.69       599   14.5   6.6536e-02   14.5      454
 1133.6  6203.4   2.07     3.7    1.10       185   42.0   2.0559e-02   42.0      432
 1150.8  6297.8   2.05    15.7    0.95      2287    5.3   2.5408e-01    5.3      484
 1175.5  6432.9   2.11     4.0    1.04       213   33.1   2.3667e-02   33.1      431
 1183.6  6477.5   2.12    10.0    1.04      1092    8.5   1.2136e-01    8.5      453
 1218.6  6668.9   2.15     3.9    0.94       199   39.8   2.2128e-02   39.8      436
 1238.3  6776.7   2.17     3.4    0.78       257   29.5   2.8538e-02   29.5      411
 1254.0  6862.6   2.18     6.4    1.19       445   18.3   4.9478e-02   18.3      354
 1293.6  7079.3   2.22     5.0    1.03       173   39.5   1.9185e-02   39.5      282
 1312.4  7182.4   2.23     3.4    1.03        97   54.9   1.0823e-02   54.9      249
 1316.4  7204.1   2.24     3.4    1.03       109   48.6   1.2159e-02   48.6      249
 1323.6  7243.6   2.25     5.2    1.03       411   16.2   4.5647e-02   16.2      249
 1342.5  7347.1   2.26     3.3    0.94       162   37.4   1.7991e-02   37.4      229
 1362.4  7456.2   2.28     3.3    1.39       108   51.6   1.2017e-02   51.6      185
 1377.5  7538.9   2.29     8.1    1.07       746    9.4   8.2892e-02    9.4      205
 1387.0  7590.5   2.30     3.5    1.07        90   53.8   1.0046e-02   53.8      214
 1408.3  7707.0   2.32     6.1    1.23       447   15.2   4.9653e-02   15.2      191
 1457.8  7978.0   2.39     5.9    1.07       377   17.4   4.1856e-02   17.4      167
 1460.8  7994.6   2.39    24.6    1.07      5814    2.7   6.4598e-01    2.7      160
 1468.9  8039.1   2.40     7.1    1.07       551   10.5   6.1234e-02   10.5      167
 1476.9  8082.7   2.41     6.2    1.07       356   14.2   3.9536e-02   14.2      160
 1495.7  8185.4   2.40     3.5    1.05        96   41.9   1.0622e-02   41.9      102
 1501.3  8216.4   2.41     3.5    1.05        91   46.1   1.0060e-02   46.1      102
 1528.0  8362.6   2.43     3.6    1.18        86   45.0   9.5315e-03   45.0       78
 1622.3  8878.8   2.52     3.8    1.02       222   18.0   2.4633e-02   18.0       62
 1729.6  9465.8   2.62     4.9    0.92       129   25.2   1.4289e-02   25.2       39
 1764.5  9657.2   2.65     7.1    1.19       554   10.4   6.1609e-02   10.4       81
 1805.9  9883.4   2.69     3.5    1.07        63   53.1   6.9766e-03   53.1       54
 1847.6 10112.0   2.72     3.4    0.86        86   34.8   9.5201e-03   34.8       40
 1919.3 10504.5   2.79     3.6    0.60        64   43.5   7.1595e-03   43.5       43
 2103.9 11514.8   2.96     3.4    0.90        72   32.5   8.0519e-03   32.5       30
 2118.9 11596.7   2.97     3.4    0.90        49   45.9   5.4709e-03   45.9       31
 2204.0 12062.6   3.05     4.3    0.81       167   19.5   1.8606e-02   19.5       28
 2614.1 14307.6   3.31    10.7    0.94       813    6.9   9.0317e-02    6.9       10
