
                       be used for evaluation purposes
                                                            14-Oct-2019 13:39
                       _________________________________

                       P E A K     F I T     R E P O R T
                       _________________________________

 Spectrum file Analysed:      AI_32cm_Ir05_HPGE1_jobscript000_014               
 Sample Title :                                                  

 Spectrum saved on 26-Feb-2019 at 23:47    Collected on 26-Feb-2019 at 13:36
 Sample  Taken  on 26-Feb-2019 at 11:02    Decayed      0 Days,     0 mins.

            Detector file number used:     1
            Energy     Calibration Performed on  6-Mar-2019 at 16:50
            Peak Shape Calibration Performed on  6-Mar-2019 at 16:52

 

   Datetime:  26-Feb-2019  11:02
   Live:      9000.00 
   Mass:      577
   Shelf:     30
   Detector:      1

   Reported Activity values were rounded     
   FitzPeaks Version: 3.71 23rd January 2014           
                                                                                                     
              


 Peak   Centre   FW@HM         Goodness   Peak      %      Gammas       %      2 Sigma
Energy  Channel  (KeV)  Signif  of Fit    Area   Uncert.  per sec.   Uncert. Background

   61.2   334.0   1.10     7.5   11.69     58754    4.1   6.5282e+00    4.1   124982
   63.0   344.0   1.10   266.5   11.69   1110392    0.3   1.2338e+02    0.3   124982
   64.7   353.1   1.10   405.2   11.69   1868925    0.2   2.0766e+02    0.2   124982
   66.6   363.6   1.11    50.4   11.69     90993    2.8   1.0110e+01    2.8   114567
   71.2   388.5   1.24    15.5    4.92     32663    4.0   3.6293e+00    4.0    65232
   73.2   399.9   1.24   218.5    4.92    683214    0.4   7.5913e+01    0.4    60214
   75.4   411.5   1.24   112.7    4.92    248425    0.8   2.7603e+01    0.8    65232
   77.7   424.4   1.24    11.1    4.92      8567   14.4   9.5194e-01   14.4    65232
   82.2   449.0   1.07   103.6    1.74    112198    0.9   1.2466e+01    0.9    35581
   84.6   462.2   1.08    19.2    1.74     14212    5.6   1.5791e+00    5.6    39139
   87.2   476.2   1.08     9.5    1.74      3890   19.3   4.3225e-01   19.3    39139
   94.0   513.7   1.10     9.1    0.59      5916   11.5   6.5731e-01   11.5    36806
   96.3   526.3   1.10    79.3    0.59     78030    1.1   8.6700e+00    1.1    36806
  113.4   619.8   1.10     5.1    0.84      2727   23.0   3.0301e-01   23.0    38391
  129.3   706.3   1.13    83.5    0.80     79217    1.2   8.8019e+00    1.2    38091
  135.6   741.0   1.06     3.7    1.12      1437   40.3   1.5971e-01   40.3    34782
  138.0   754.1   1.06     3.6    1.12      1187   47.6   1.3185e-01   47.6    38260
  140.9   769.6   1.07    12.0    1.12      5867   10.0   6.5190e-01   10.0    38260
  172.2   941.1   1.16    83.4    1.03     79572    1.2   8.8413e+00    1.2    42572
  179.0   978.3   1.14    33.8    1.25     21244    3.5   2.3605e+00    3.5    37372
  179.0   978.3   1.14    33.8    1.25     21244    3.5   2.3605e+00    3.5    37372
  186.8  1020.7   1.18    77.9    0.88     80018    1.1   8.8908e+00    1.1    33896
  187.8  1026.2   1.18     6.1    0.88      9208    8.1   1.0231e+00    8.1    33896
  197.1  1077.1   1.17     8.8    2.19      4807   12.9   5.3414e-01   12.9    28651
  205.9  1125.4   1.18     7.5    1.94      2480   20.0   2.7551e-01   20.0    24618
  208.8  1141.1   1.18     4.9    1.94      3144   16.0   3.4934e-01   16.0    24618
  219.8  1201.4   1.22    30.0    1.15     16124    3.3   1.7916e+00    3.3    21609
  222.1  1213.7   1.22     7.3    1.15      2607   18.9   2.8968e-01   18.9    19947
  223.8  1223.3   1.22    14.1    1.15      7408    6.9   8.2309e-01    6.9    19947
  235.9  1289.3   1.30     3.4    1.22       672   55.8   7.4654e-02   55.8    17982
  238.8  1305.0   1.30     6.2    1.22      2292   16.0   2.5465e-01   16.0    17982
  243.6  1331.2   1.30    15.3    1.22      5999    6.7   6.6660e-01    6.7    17982
  268.7  1468.9   1.48    42.0    3.29     41630    2.2   4.6255e+00    2.2    14194
  283.2  1548.3   1.25     4.3    0.75      1237   24.6   1.3742e-01   24.6    12163
  288.4  1576.3   1.25     3.3    0.75       999   29.9   1.1097e-01   29.9    12163
  293.7  1605.7   1.33    98.1    2.60    101594    0.9   1.1288e+01    0.9    11095
  296.0  1618.2   1.33    34.2    2.60     22209    2.1   2.4677e+00    2.1    11095
  300.8  1644.5   1.33    34.1    2.60     16266    2.7   1.8073e+00    2.7    11095
  308.6  1687.0   1.27    41.8    1.38     20194    2.3   2.2438e+00    2.3     9606
  316.7  1731.1   1.33    71.4    2.66     55233    1.2   6.1370e+00    1.2    11017
  328.6  1796.3   1.29   234.3    2.42    454304    0.3   5.0478e+01    0.3     9549
  351.3  1920.4   1.34    66.4    1.16     45173    1.2   5.0193e+00    1.2     8092
  360.0  1968.1   1.32    79.8    1.09     75711    0.9   8.4123e+00    0.9     8036
  361.2  1974.5   1.32    12.0    1.09     17542    2.4   1.9491e+00    2.4     7462
  365.3  1996.7   1.32     7.0    1.09      2223   13.9   2.4702e-01   13.9     7462
  371.3  2030.0   1.33    38.0    0.95     16166    2.0   1.7962e+00    2.0     6467
  374.6  2047.9   1.33     3.4    0.95       543   40.1   6.0302e-02   40.1     6467
  380.1  2078.1   1.33     6.9    0.95      1542   15.3   1.7133e-01   15.3     6467
  397.5  2172.8   1.33    17.7    1.29      4365    6.2   4.8501e-01    6.2     5134
  404.0  2208.8   1.37     6.6    0.73      1071   24.1   1.1902e-01   24.1     5218
  407.3  2226.6   1.37    31.5    0.73     18460    1.9   2.0511e+00    1.9     4845
  409.5  2238.9   1.37    98.9    0.73     89875    0.7   9.9861e+00    0.7     5218
  420.7  2300.1   1.36     3.7    1.02       600   37.3   6.6695e-02   37.3     4738
  431.7  2360.1   1.37     6.9    1.03      1552   14.3   1.7248e-01   14.3     4263
  445.3  2434.7   1.38     3.6    0.71       567   32.4   6.2998e-02   32.4     3659
  447.9  2448.6   1.39     7.2    0.71      1443   13.5   1.6031e-01   13.5     3659
  456.6  2496.1   1.39    59.4    1.12     33221    1.2   3.6913e+00    1.2     3642
  468.2  2559.5   1.41    46.0    0.95     21089    1.6   2.3432e+00    1.6     3198
  477.6  2610.9   1.39    13.4    0.96      2831    6.6   3.1453e-01    6.6     2748
  480.0  2624.2   1.39     4.3    0.96       545   30.1   6.0556e-02   30.1     2748
  482.9  2640.2   1.39     4.9    0.96      1182   14.2   1.3129e-01   14.2     2748
  484.8  2650.4   1.39     7.0    0.96      1579   11.2   1.7550e-01   11.2     2748
  494.8  2705.1   1.42     3.6    1.56       526   34.6   5.8487e-02   34.6     2501
  502.7  2748.1   1.49    23.1    1.34      6859    3.5   7.6206e-01    3.5     2435
  511.1  2794.2   2.84    17.9    2.84     28746    2.0   3.1940e+00    2.0     4281
  518.6  2835.2   1.41    39.4    2.84     17905    1.7   1.9895e+00    1.7     2220
  530.4  2899.8   1.45     4.2    1.28       518   30.9   5.7576e-02   30.9     1908
  539.0  2946.9   1.47   121.7    1.49    122427    0.6   1.3603e+01    0.6     1780
  541.8  2962.2   1.47    12.1    1.49      3181    6.6   3.5347e-01    6.6     1780
  545.0  2979.8   1.47    18.3    1.49      3161    6.6   3.5124e-01    6.6     1780
  558.1  3051.2   1.46    40.6    1.22     14812    1.9   1.6458e+00    1.9     1448
  569.3  3112.6   1.56    41.7    1.63     18228    1.6   2.0254e+00    1.6     1415
  576.6  3152.3   1.79     6.5    1.43      1052   12.1   1.1690e-01   12.1     1575
  583.4  3189.6   1.80    10.3    1.43      1940    7.1   2.1555e-01    7.1     1487
  588.9  3219.6   1.80    12.7    1.43      5284    3.6   5.8716e-01    3.6     1487
  594.4  3249.8   1.81     9.2    1.43      1477    9.4   1.6416e-01    9.4     1575
  605.2  3308.9   1.59    44.2    1.25     21491    1.6   2.3879e+00    1.6     1334
  607.7  3322.4   1.59    10.6    1.25      4320    4.2   4.8000e-01    4.2     1334
  609.4  3331.7   1.60     8.4    1.25      1639    9.6   1.8209e-01    9.6     1334
  612.5  3349.0   1.60    11.6    1.25      1752    9.1   1.9468e-01    9.1     1334
  616.4  3370.0   1.60    21.4    1.25      5501    3.7   6.1125e-01    3.7     1334
  622.1  3401.3   1.55    17.5    1.40      6630    3.1   7.3671e-01    3.1     1257
  624.2  3412.6   1.55    30.0    1.40     10801    2.1   1.2001e+00    2.1     1257
  627.3  3429.5   1.55     7.1    1.40      1143   12.6   1.2696e-01   12.6     1257
  631.2  3451.0   1.56     9.0    1.40      1333   11.0   1.4816e-01   11.0     1341
  645.3  3528.0   1.57    50.3    0.80     21438    1.4   2.3820e+00    1.4     1139
  656.1  3587.0   1.56     5.6    0.97       611   19.3   6.7869e-02   19.3     1075
  700.9  3832.1   1.60     4.0    1.13       390   29.2   4.3381e-02   29.2     1055
  721.4  3944.4   1.71    20.1    0.91      4598    3.5   5.1089e-01    3.5     1048
  726.5  3972.2   1.72     8.4    0.91      1779    7.9   1.9772e-01    7.9     1048
  768.7  4203.1   1.66     8.9    1.83       948   12.5   1.0530e-01   12.5      797
  792.8  4334.5   1.68     8.1    1.07       542   19.8   6.0253e-02   19.8      792
  810.9  4433.7   1.69     6.3    0.91       518   19.2   5.7565e-02   19.2      723
  822.2  4495.6   1.70     3.8    1.20       214   39.0   2.3817e-02   39.0      683
  829.0  4532.4   1.71     9.3    1.20      1456    7.6   1.6179e-01    7.6      683
  839.2  4588.5   1.71     4.2    0.90       418   23.5   4.6435e-02   23.5      721
  890.1  4866.6   1.76     6.4    0.83       720   14.6   7.9963e-02   14.6      693
  911.2  4981.9   1.78     6.6    1.46       663   16.1   7.3628e-02   16.1      682
  925.3  5059.0   1.78     3.8    1.37       246   35.5   2.7371e-02   35.5      742
  931.4  5092.4   1.78    19.8    1.37      3691    4.1   4.1012e-01    4.1      701
  938.8  5132.9   1.79    29.6    1.37      7664    2.4   8.5158e-01    2.4      742
  968.8  5297.4   1.82     4.8    1.08       388   24.3   4.3143e-02   24.3      602
 1000.3  5469.2   1.85     6.0    0.95       630   14.2   6.9974e-02   14.2      489
 1026.6  5613.5   1.87     4.6    0.99       124   52.9   1.3806e-02   52.9      448
 1035.9  5664.3   1.88     6.7    0.99       647   11.5   7.1881e-02   11.5      448
 1048.3  5731.8   1.89     3.7    0.88       256   32.0   2.8461e-02   32.0      470
 1103.9  6035.8   1.94     5.2    0.89       312   26.2   3.4663e-02   26.2      435
 1120.3  6125.5   1.95     6.1    0.93       672   12.6   7.4706e-02   12.6      395
 1150.6  6291.4   1.95    27.8    0.91      6377    2.7   7.0859e-01    2.7      394
 1175.2  6425.8   2.02     6.8    0.96       577   13.5   6.4154e-02   13.5      413
 1183.4  6470.7   2.03    18.6    0.96      3048    3.8   3.3865e-01    3.8      413
 1218.7  6663.7   2.03     7.2    1.27       547   16.7   6.0791e-02   16.7      437
 1238.1  6769.6   2.05     3.5    0.81       225   32.6   2.5029e-02   32.6      380
 1253.6  6854.3   2.06     3.4    1.07       127   53.5   1.4149e-02   53.5      304
 1274.2  6966.9   2.08     3.5    1.07       132   48.5   1.4657e-02   48.5      286
 1293.5  7072.8   2.10     7.3    1.05       436   16.5   4.8478e-02   16.5      253
 1316.2  7196.6   2.12     4.2    0.87       242   22.5   2.6855e-02   22.5      230
 1323.9  7239.1   2.12     3.8    0.87       210   26.2   2.3320e-02   26.2      230
 1341.9  7337.3   2.14     5.6    0.97       398   16.4   4.4257e-02   16.4      194
 1361.4  7444.1   2.15     3.4    0.84        71   55.6   7.8960e-03   55.6      165
 1369.3  7487.1   2.16     3.8    0.84       136   29.9   1.5074e-02   29.9      165
 1377.4  7531.4   2.17     9.4    0.84       622    9.7   6.9069e-02    9.7      165
 1408.2  7699.8   2.19     9.1    1.44       644   10.7   7.1533e-02   10.7      129
 1460.5  7986.1   2.27    25.3    1.58      5207    2.7   5.7858e-01    2.7      102
 1468.7  8030.7   2.28    13.1    1.58      1576    5.3   1.7511e-01    5.3      102
 1477.0  8076.1   2.28     3.6    1.58       110   35.0   1.2200e-02   35.0      102
 1486.9  8130.4   2.26     3.4    1.14       109   39.9   1.2071e-02   39.9      102
 1511.7  8266.0   2.28     5.5    1.47       280   18.7   3.1133e-02   18.7      113
 1564.8  8556.3   2.33     3.5    1.04       179   23.7   1.9862e-02   23.7       78
 1621.9  8868.4   2.37     6.8    0.89       515    9.9   5.7268e-02    9.9       62
 1630.2  8914.1   2.38     3.5    0.89        51   55.5   5.6112e-03   55.5       62
 1670.4  9133.5   2.41     3.3    0.94        50   57.2   5.5733e-03   57.2       45
 1729.2  9455.3   2.46     3.7    0.91        86   39.1   9.5635e-03   39.1       51
 1764.1  9646.0   2.49     8.2    1.05       536    9.9   5.9600e-02    9.9       57
 1797.0  9826.1   2.52     3.5    0.93       118   27.0   1.3090e-02   27.0       47
 1805.1  9870.5   2.53     4.2    0.93       214   17.2   2.3821e-02   17.2       49
 1847.1 10100.1   2.56     3.8    1.09        62   44.8   6.8598e-03   44.8       37
 1918.6 10491.1   2.62     3.4    1.01        54   56.7   5.9518e-03   56.7       47
 2042.9 11170.5   2.73     3.4    0.97        62   41.6   6.8693e-03   41.6       25
 2102.9 11498.6   2.78     3.3    0.83       103   29.9   1.1430e-02   29.9       37
 2203.4 12048.6   2.86     4.1    1.04       151   21.6   1.6757e-02   21.6       28
 2375.2 12988.1   3.01     3.4    1.06        65   45.6   7.2052e-03   45.6       36
 2613.6 14291.5   3.05    10.8    0.91       836    7.1   9.2896e-02    7.1       18

   indicates the Iterative Peak Width fitting reached a limiting value.
