
                       be used for evaluation purposes
                                                            14-Oct-2019 14:23
                       _________________________________

                       P E A K     F I T     R E P O R T
                       _________________________________

 Spectrum file Analysed: AI_32cm_Ir05_jobscript_105-119 
 Sample Title :                                                  

 Spectrum saved on 14-Oct-2019 at 14:23    Collected on 27-Feb-2019 at  8:29
 Sample  Taken  on 27-Feb-2019 at  6:00    Decayed      0 Days,     0 mins.

            Detector file number used:     1
            Energy     Calibration Performed on  6-Mar-2019 at 16:50
            Peak Shape Calibration Performed on  6-Mar-2019 at 16:52

 

   Datetime:  27-Feb-2019   6:00
   Live:      9000.00 
   Mass:      577
   Shelf:     30
   Detector:      1

   Reported Activity values were rounded     
   FitzPeaks Version: 3.71 23rd January 2014           
                                                                                                     
              


 Peak   Centre   FW@HM         Goodness   Peak      %      Gammas       %      2 Sigma
Energy  Channel  (KeV)  Signif  of Fit    Area   Uncert.  per sec.   Uncert. Background

   61.2   334.0   1.10     9.4   10.85     50753    5.2   5.6392e+00    5.2    94589
   63.0   344.0   1.10   242.2   10.85    899849    0.4   9.9983e+01    0.4    94589
   64.7   353.1   1.10   367.9   10.85   1507408    0.3   1.6749e+02    0.3    94589
   66.6   363.6   1.10    44.8   10.85     70934    3.8   7.8815e+00    3.8    86707
   71.1   388.4   1.23    16.3    3.61     27112    4.7   3.0124e+00    4.7    47476
   73.2   399.9   1.23   199.7    3.61    548627    0.4   6.0959e+01    0.4    43824
   75.4   411.6   1.23   105.3    3.61    196324    0.8   2.1814e+01    0.8    47476
   77.7   424.1   1.23     9.3    3.61      7396   15.8   8.2176e-01   15.8    43824
   82.2   449.0   1.06    95.7    1.24     91549    0.9   1.0172e+01    0.9    25466
   84.7   462.4   1.07    16.5    1.24      9576    6.6   1.0640e+00    6.6    28012
   87.2   476.1   1.07     7.4    1.24      2800   21.5   3.1116e-01   21.5    28012
   94.0   513.6   1.11     3.9    0.78      1791   33.7   1.9900e-01   33.7    26097
   96.4   526.3   1.11    72.1    0.78     64716    1.2   7.1907e+00    1.2    26097
  113.5   620.3   1.10     3.3    1.16      1016   54.6   1.1290e-01   54.6    27181
  129.3   706.4   1.13    75.9    0.96     65742    1.3   7.3046e+00    1.3    27151
  140.9   769.9   1.13     6.0    1.22      2315   24.4   2.5725e-01   24.4    29965
  172.2   941.1   1.16    80.0    1.37     65764    1.3   7.3072e+00    1.3    29115
  179.0   978.3   1.14    34.7    1.17     18199    3.4   2.0221e+00    3.4    27843
  186.8  1020.7   1.18    72.6    1.06     64308    1.3   7.1454e+00    1.3    23698
  187.7  1025.8   1.18     5.3    1.06      7925    8.3   8.8059e-01    8.3    23698
  197.1  1077.5   1.17     9.8    3.08      4606   12.5   5.1178e-01   12.5    20629
  205.9  1125.5   1.18     9.2    2.18      2838   14.9   3.1533e-01   14.9    17767
  208.6  1140.0   1.18     3.7    2.18      2867   16.3   3.1858e-01   16.3    17767
  219.8  1201.4   1.21    30.3    0.71     13391    3.3   1.4879e+00    3.3    14462
  221.9  1213.1   1.21     7.1    0.71      1981   19.8   2.2010e-01   19.8    14462
  223.9  1223.7   1.21    15.5    0.71      6214    6.6   6.9044e-01    6.6    14462
  238.7  1304.8   1.21     6.2    1.52      1714   18.8   1.9048e-01   18.8    12229
  243.5  1330.9   1.21     4.7    1.52      1712   18.6   1.9021e-01   18.6    12229
  268.7  1468.9   1.48    40.0    3.38     34883    1.7   3.8759e+00    1.7    10149
  283.1  1547.5   1.35     3.4    2.23       620   40.1   6.8907e-02   40.1     8224
  288.5  1576.9   1.36     6.3    2.23      1144   23.1   1.2707e-01   23.1     8856
  293.8  1605.8   1.36    67.1    2.23     53316    1.2   5.9240e+00    1.2     8856
  296.0  1618.2   1.37    35.9    2.23     22358    2.3   2.4842e+00    2.3     8856
  300.9  1644.7   1.37    23.6    2.23      7984    4.1   8.8712e-01    4.1     8856
  308.6  1687.0   1.30    40.9    1.03     20055    2.0   2.2283e+00    2.0     7951
  316.7  1731.0   1.29    75.5    1.03     53797    1.0   5.9774e+00    1.0     7271
  328.6  1796.3   1.28   161.2    1.64    230966    0.4   2.5663e+01    0.4     6535
  351.3  1920.4   1.35    60.6    1.48     37543    1.3   4.1714e+00    1.3     6100
  360.0  1968.0   1.31    77.9    0.90     61611    0.8   6.8456e+00    0.8     5880
  361.2  1974.4   1.31     9.1    0.90      9670    3.7   1.0744e+00    3.7     5460
  365.2  1996.2   1.31     4.3    0.90      1243   19.7   1.3815e-01   19.7     5460
  371.3  2029.9   1.31    38.9    1.35     14989    2.3   1.6655e+00    2.3     4825
  380.1  2077.7   1.33     6.8    0.85      1478   14.8   1.6421e-01   14.8     4293
  397.5  2172.9   1.37    17.5    1.17      4291    5.5   4.7681e-01    5.5     4057
  407.3  2226.6   1.37    33.4    0.65     17803    1.9   1.9781e+00    1.9     3942
  409.5  2238.9   1.37    90.7    0.65     73379    0.7   8.1532e+00    0.7     3942
  416.7  2278.1   1.36     4.2    1.11       362   48.2   4.0182e-02   48.2     3337
  420.6  2299.6   1.36     5.1    1.11       850   21.9   9.4424e-02   21.9     3099
  431.7  2360.0   1.37     7.1    0.87      1498   12.4   1.6646e-01   12.4     2904
  445.2  2433.8   1.38     3.5    1.34       591   27.6   6.5679e-02   27.6     2490
  447.9  2448.6   1.39     7.3    1.34      1486   11.6   1.6515e-01   11.6     2312
  456.6  2496.1   1.39    53.9    1.23     27366    1.4   3.0407e+00    1.4     2577
  468.2  2559.5   1.40    46.0    0.74     20930    1.4   2.3255e+00    1.4     2080
  477.7  2611.8   1.41     7.1    1.07      1618    9.8   1.7976e-01    9.8     1914
  479.8  2622.9   1.41     5.2    1.07       434   32.1   4.8273e-02   32.1     1914
  482.9  2640.2   1.41     5.9    1.07       650   22.0   7.2231e-02   22.0     1914
  484.7  2649.9   1.42     8.1    1.07      1475   10.8   1.6388e-01   10.8     1914
  494.8  2704.9   1.42     3.9    0.96       377   38.0   4.1921e-02   38.0     1732
  502.6  2748.0   1.43     5.6    0.83       778   17.9   8.6404e-02   17.9     1532
  511.1  2794.1   2.86    12.3    1.91     13247    2.8   1.4718e+00    2.8     2954
  518.6  2835.3   1.43    39.3    1.91     17138    1.5   1.9043e+00    1.5     1477
  530.2  2898.5   1.45     4.1    0.88       333   36.6   3.7039e-02   36.6     1400
  539.0  2946.8   1.47    96.2    0.99    100668    0.6   1.1185e+01    0.6     1233
  541.8  2962.2   1.47     9.1    0.99      2351    7.1   2.6123e-01    7.1     1321
  545.1  2980.0   1.48     8.0    0.99       916   16.7   1.0180e-01   16.7     1233
  558.1  3051.1   1.48    35.3    1.40     14613    1.8   1.6237e+00    1.8     1044
  569.4  3112.9   1.52    33.3    1.43     14947    1.8   1.6608e+00    1.8      955
  576.7  3152.7   1.77     7.3    1.10       944   11.6   1.0486e-01   11.6      989
  583.4  3189.4   1.77     8.4    1.10      1672    7.2   1.8574e-01    7.2      989
  588.8  3219.1   1.78    11.8    1.10      3965    3.7   4.4050e-01    3.7     1048
  594.3  3249.3   1.78     6.7    1.10       890   12.3   9.8866e-02   12.3      989
  605.2  3308.8   1.61    35.5    1.79     20838    1.5   2.3154e+00    1.5     1056
  607.7  3322.3   1.61     7.3    1.79      1119   13.2   1.2435e-01   13.2     1056
  609.3  3331.4   1.61     8.7    1.79      1770    8.9   1.9672e-01    8.9     1056
  612.6  3349.4   1.61    10.8    1.79      1708    9.2   1.8978e-01    9.2     1056
  622.1  3401.3   1.55     9.3    1.01      3327    4.7   3.6964e-01    4.7      915
  624.2  3412.6   1.55    22.4    1.01      8887    2.4   9.8743e-01    2.4      915
  627.8  3432.5   1.55     6.6    1.01       401   28.4   4.4587e-02   28.4      915
  631.2  3450.8   1.55     8.4    1.01      1302    9.4   1.4470e-01    9.4      915
  645.3  3528.0   1.60    34.4    1.23     10776    2.0   1.1974e+00    2.0      740
  656.1  3587.1   1.56     5.6    0.65       463   20.5   5.1470e-02   20.5      738
  700.6  3830.4   1.60     3.6    0.77       220   41.9   2.4470e-02   41.9      658
  721.5  3944.6   1.70    10.3    1.06      1422    7.8   1.5804e-01    7.8      674
  726.6  3972.4   1.71    10.7    1.06      1671    6.8   1.8571e-01    6.8      674
  768.7  4202.9   1.55    10.1    1.34       880   11.2   9.7798e-02   11.2      563
  792.9  4335.3   1.68     3.5    0.80       170   48.8   1.8855e-02   48.8      588
  810.9  4433.5   1.69     8.5    0.80       611   14.7   6.7847e-02   14.7      499
  829.1  4533.0   1.71    10.0    1.01      1318    7.9   1.4645e-01    7.9      485
  839.4  4589.3   1.71     7.0    1.60       363   25.0   4.0334e-02   25.0      501
  890.1  4866.7   1.76     3.5    1.09       322   25.5   3.5823e-02   25.5      468
  911.1  4981.9   1.78     8.3    1.06       692   13.0   7.6857e-02   13.0      482
  931.3  5092.3   1.80    12.8    1.53      1675    6.7   1.8611e-01    6.7      543
  938.7  5132.7   1.80    21.0    1.53      3809    3.7   4.2326e-01    3.7      543
  969.0  5298.1   1.82     5.5    1.03       391   21.6   4.3466e-02   21.6      465
 1000.0  5467.9   1.85     4.5    0.85       361   20.8   4.0125e-02   20.8      363
 1036.0  5664.6   1.88     8.6    1.42       673   12.7   7.4824e-02   12.7      326
 1048.6  5733.7   1.89     3.6    0.83       143   45.0   1.5925e-02   45.0      322
 1104.0  6036.3   1.94     3.5    1.26       145   49.3   1.6137e-02   49.3      325
 1120.3  6125.4   1.95     7.1    1.21       600   13.6   6.6658e-02   13.6      321
 1150.6  6291.4   1.94    18.9    1.31      3075    4.1   3.4163e-01    4.1      338
 1175.2  6425.9   1.97     4.5    1.21       331   19.5   3.6823e-02   19.5      336
 1183.4  6470.7   1.97    14.0    1.21      1528    6.2   1.6978e-01    6.2      320
 1200.0  6561.3   2.02     3.9    0.96       138   47.0   1.5384e-02   47.0      306
 1218.7  6663.7   2.03     4.1    1.15       253   29.9   2.8061e-02   29.9      355
 1237.9  6768.9   2.05     3.6    1.20       243   29.5   2.7003e-02   29.5      320
 1274.2  6967.3   2.08     3.4    1.44       150   40.3   1.6659e-02   40.3      208
 1293.6  7073.4   2.10     4.9    0.99       236   25.4   2.6168e-02   25.4      203
 1316.6  7198.9   2.12     3.7    0.80        91   48.4   1.0112e-02   48.4      178
 1324.2  7240.8   2.12     3.5    0.80       125   37.9   1.3846e-02   37.9      187
 1342.0  7337.8   2.14     5.5    1.25       227   23.0   2.5258e-02   23.0      129
 1377.4  7531.5   2.17     7.0    1.16       445   12.5   4.9491e-02   12.5      110
 1408.0  7698.9   2.19     5.5    0.98       325   16.7   3.6118e-02   16.7      124
 1460.5  7986.0   2.31    24.3    1.16      5036    2.6   5.5954e-01    2.6       97
 1468.7  8030.7   2.32    10.1    1.16       833    7.8   9.2580e-02    7.8      102
 1511.4  8264.2   2.28     4.0    1.54       173   24.8   1.9168e-02   24.8       74
 1564.6  8554.9   2.33     3.6    0.73        87   37.3   9.6529e-03   37.3       58
 1587.6  8680.9   2.34     3.4    1.20        74   47.5   8.1956e-03   47.5       61
 1592.3  8706.7   2.35     3.6    1.20        98   35.7   1.0891e-02   35.7       61
 1621.9  8868.3   2.37     5.4    1.27       245   18.3   2.7210e-02   18.3       60
 1661.2  9083.3   2.41     3.4    0.84        49   55.7   5.3995e-03   55.7       41
 1729.3  9455.9   2.46     3.6    0.95       111   26.4   1.2301e-02   26.4       31
 1764.2  9646.6   2.49     8.8    0.95       569    8.7   6.3172e-02    8.7       35
 1796.7  9824.5   2.52     3.3    0.88        69   36.7   7.6433e-03   36.7       32
 1805.4  9871.8   2.53     4.2    0.88       129   22.0   1.4341e-02   22.0       31
 1846.7 10097.9   2.56     3.8    0.79        80   35.5   8.8469e-03   35.5       40
 2103.2 11500.4   2.78     3.4    1.12        69   42.9   7.6339e-03   42.9       36
 2203.4 12048.4   2.86     3.9    0.91       165   19.8   1.8357e-02   19.8       31
 2447.0 13380.6   3.07     3.4    0.61        42   57.3   4.6442e-03   57.3       24
 2613.5 14291.0   3.28    10.8    0.81       883    6.5   9.8104e-02    6.5        8

   indicates the Iterative Peak Width fitting reached a limiting value.
