
                       be used for evaluation purposes
                                                            14-Oct-2019 15:05
                       _________________________________

                       P E A K     F I T     R E P O R T
                       _________________________________

 Spectrum file Analysed: AI_30cm_Ir04_HPGE2_jobscript_060-074 
 Sample Title :                                                  

 Spectrum saved on 14-Oct-2019 at 15:05    Collected on 27-Feb-2019 at  0:28
 Sample  Taken  on 27-Feb-2019 at 21:57    Decayed      0 Days,     0 mins.

            Detector file number used:     2
            Energy     Calibration Performed on  8-Mar-2019 at 11:34
            Peak Shape Calibration Performed on  8-Mar-2019 at 11:35

 

   Datetime:  26-Feb-2019  21:57
   Live:      9000.00 
   Mass:      477
   Shelf:     30
   Detector:      2

   Reported Activity values were rounded     
   FitzPeaks Version: 3.71 23rd January 2014           
                                                                                                     
              


 Peak   Centre   FW@HM         Goodness   Peak      %      Gammas       %      2 Sigma
Energy  Channel  (KeV)  Signif  of Fit    Area   Uncert.  per sec.   Uncert. Background

   61.3   334.2   1.11     9.7   16.97     69212   23.5   7.6902e+00   23.5   208754
   62.3   339.4   1.12    10.9   16.97     75641   21.5   8.4046e+00   21.5   208754
   63.3   345.2   1.12   324.0   16.97   1792554    1.0   1.9917e+02    1.0   208754
   64.9   354.0   1.12   518.3   16.97   2984515    0.6   3.3161e+02    0.6   227731
   66.9   364.9   1.12     6.8   16.97     29532   55.0   3.2814e+00   55.0   227731
   69.5   378.8   1.25     6.8    6.99      6761   45.1   7.5118e-01   45.1    93147
   71.4   389.2   1.25    14.8    6.99     49372    5.9   5.4858e+00    5.9    85982
   73.5   400.8   1.25   297.0    6.99   1201186    0.4   1.3347e+02    0.4    93147
   75.6   412.5   1.25   145.2    6.99    384105    0.8   4.2678e+01    0.8    93147
   82.4   449.8   1.11   137.4    1.44    196225    0.6   2.1803e+01    0.6    43961
   84.9   463.5   1.12    23.4    1.44     16140    5.2   1.7934e+00    5.2    43961
   87.5   477.3   1.12     8.8    1.44      4645   17.2   5.1608e-01   17.2    43961
   94.3   514.7   1.12    76.0    1.16     75270    1.3   8.3634e+00    1.3    41875
   96.6   527.3   1.12   106.7    1.16    128852    0.9   1.4317e+01    0.9    41875
  113.8   621.4   1.11    50.6    0.78     36805    2.4   4.0894e+00    2.4    44086
  129.5   707.4   1.15   110.3    0.56    129859    0.8   1.4429e+01    0.8    44128
  138.1   754.7   1.14     3.5    1.11      1326   55.6   1.4730e-01   55.6    42511
  141.1   771.0   1.14    63.4    1.11     52359    1.7   5.8177e+00    1.7    46375
  172.3   941.8   1.19   117.2    1.09    135345    0.7   1.5038e+01    0.7    45234
  176.5   964.7   1.19    19.4    1.09     10499    7.0   1.1665e+00    7.0    45234
  179.1   978.8   1.19    51.0    1.09     36682    2.2   4.0757e+00    2.2    45234
  186.8  1021.1   1.22    90.5    1.30    101713    1.0   1.1301e+01    1.0    38557
  187.8  1026.6   1.22     7.8    1.30     15060    5.3   1.6733e+00    5.3    41770
  190.9  1043.4   1.22     5.0    1.30      2223   32.8   2.4700e-01   32.8    41770
  197.2  1078.1   1.46    10.2    2.35      7185   10.8   7.9836e-01   10.8    40580
  203.8  1114.3   1.22     8.6    1.54      4141   12.0   4.6007e-01   12.0    30058
  205.8  1125.3   1.23     6.9    1.54      2682   18.6   2.9797e-01   18.6    30058
  208.8  1141.7   1.23     6.8    1.54      5105   10.0   5.6725e-01   10.0    32563
  212.8  1163.5   1.23     4.3    1.54      1014   48.5   1.1263e-01   48.5    32563
  219.8  1201.8   1.27    43.3    1.40     27782    2.4   3.0868e+00    2.4    28060
  222.1  1214.4   1.27     7.8    1.40      4380   13.2   4.8662e-01   13.2    28060
  223.6  1222.3   1.27    26.5    1.40     19730    3.2   2.1922e+00    3.2    28060
  235.8  1289.2   1.25     3.4    0.85       936   47.5   1.0397e-01   47.5    22556
  238.8  1305.7   1.26     4.8    0.85      1754   24.8   1.9490e-01   24.8    22556
  243.5  1331.4   1.26    70.8    0.85     55203    1.2   6.1337e+00    1.2    22556
  245.3  1341.0   1.26     7.3    0.85      4320   10.6   4.7995e-01   10.6    20821
  258.3  1412.7   1.27     6.7    1.15      2470   17.1   2.7446e-01   17.1    17985
  268.7  1469.4   1.54    55.2    6.43     71931    1.4   7.9924e+00    1.4    18255
  277.9  1519.6   1.29     3.6    1.23      1133   35.2   1.2584e-01   35.2    15368
  284.6  1556.4   1.41     3.5    2.42      1003   36.9   1.1141e-01   36.9    15252
  288.4  1577.4   1.41     5.9    2.42      1577   23.2   1.7524e-01   23.2    15252
  293.8  1606.6   1.42    57.9    2.42     49793    1.2   5.5326e+00    1.2    16342
  296.0  1618.7   1.42    26.2    2.42     21304    2.5   2.3672e+00    2.5    15252
  300.6  1643.7   1.43    48.4    2.42     31438    1.9   3.4931e+00    1.9    15252
  308.6  1687.6   1.32    34.9    0.71     17920    2.6   1.9911e+00    2.6    12994
  316.6  1731.7   1.34    53.4    1.37     48324    1.4   5.3693e+00    1.4    12625
  317.5  1736.7   1.34     7.1    1.37     20226    2.9   2.2473e+00    2.9    12625
  328.6  1797.2   1.33   140.5    2.29    208899    0.5   2.3211e+01    0.5    12525
  343.2  1877.3   1.35     5.1    0.88      1229   28.5   1.3656e-01   28.5    11835
  351.3  1921.5   1.40    87.6    0.99     77187    0.9   8.5764e+00    0.9    13019
  360.0  1969.2   1.37   112.5    0.84    127587    0.6   1.4176e+01    0.6    12191
  361.2  1975.4   1.37     9.8    0.84     12816    3.8   1.4240e+00    3.8    11320
  365.3  1997.9   1.37     3.7    0.84      1092   34.9   1.2132e-01   34.9    12191
  371.3  2031.1   1.37    39.3    1.10     18289    2.3   2.0321e+00    2.3     9935
  380.1  2079.2   1.38     6.5    0.83      1961   15.3   2.1791e-01   15.3     8864
  397.4  2174.0   1.35    17.6    1.02      5071    5.9   5.6350e-01    5.9     7912
  404.0  2209.9   1.41    23.0    1.24      7587    5.0   8.4302e-01    5.0     7359
  407.2  2227.6   1.41    25.4    1.24     21677    2.0   2.4085e+00    2.0     7359
  409.5  2240.1   1.42   129.9    1.24    153171    0.6   1.7019e+01    0.6     7359
  420.7  2301.6   1.42     5.2    1.17       933   29.0   1.0362e-01   29.0     6485
  431.4  2360.2   1.43     9.3    1.15      2337   11.3   2.5969e-01   11.3     5671
  445.0  2434.4   1.44     4.4    1.27       821   27.6   9.1209e-02   27.6     5124
  447.9  2450.1   1.45     8.5    1.27      1725   13.7   1.9166e-01   13.7     4783
  456.5  2497.2   1.44    80.2    1.91     55796    1.1   6.1995e+00    1.1     5161
  468.1  2560.7   1.47    43.2    0.78     18662    1.8   2.0735e+00    1.8     4236
  477.6  2612.7   1.47     8.0    1.83      2080   10.4   2.3107e-01   10.4     4063
  479.9  2625.3   1.48     5.2    1.83       768   26.1   8.5303e-02   26.1     4063
  484.5  2650.7   1.48     7.1    1.83      1373   16.0   1.5260e-01   16.0     4063
  494.0  2702.4   1.49     3.4    1.59      1326   14.7   1.4733e-01   14.7     3641
  502.5  2749.3   1.50     9.8    1.59      1969    9.1   2.1880e-01    9.1     3641
  510.9  2795.3   2.98    15.7    2.95     20054    3.0   2.2282e+00    3.0     6429
  518.5  2836.6   1.49    42.5    2.95     20382    1.6   2.2647e+00    1.6     3326
  530.4  2901.9   1.52     5.0    1.32      1069   31.6   1.1872e-01   31.6     3387
  538.9  2948.2   1.53   141.6    2.26    206842    0.5   2.2982e+01    0.5     3492
  541.6  2963.3   1.53     8.6    2.26      4660    6.5   5.1781e-01    6.5     3492
  544.9  2981.2   1.53    46.2    2.26     22686    1.7   2.5207e+00    1.7     3492
  557.9  3052.5   1.55    38.5    0.75     17323    1.6   1.9248e+00    1.6     1997
  569.0  3113.0   1.66    63.2    1.42     41790    1.2   4.6434e+00    1.2     2178
  576.5  3154.1   1.88    10.1    1.39      1910    9.3   2.1227e-01    9.3     1946
  583.4  3192.1   1.88     9.9    1.39      2095    7.8   2.3282e-01    7.8     1946
  588.4  3219.6   1.89    13.4    1.39      4375    4.1   4.8613e-01    4.1     2055
  594.3  3251.7   1.89     6.5    1.39      1032   14.0   1.1462e-01   14.0     2055
  605.1  3310.5   1.64    39.3    1.80     23743    1.5   2.6381e+00    1.5     1938
  607.5  3323.9   1.64    46.3    1.80     27769    1.3   3.0855e+00    1.3     1824
  609.2  3333.0   1.65     7.8    1.80      1650   12.2   1.8337e-01   12.2     1824
  612.3  3350.3   1.65    10.9    1.80      1401   12.8   1.5569e-01   12.8     1938
  616.2  3371.2   1.65     8.9    1.80      1416   12.3   1.5736e-01   12.3     1824
  622.0  3403.0   1.63    10.3    1.40      3180    6.5   3.5335e-01    6.5     1660
  624.0  3414.1   1.63    39.8    1.40     18863    1.6   2.0959e+00    1.6     1660
  627.0  3430.7   1.64    26.2    1.40      7441    3.2   8.2673e-01    3.2     1660
  631.0  3452.3   1.64    10.9    1.40      1520   12.1   1.6894e-01   12.1     1660
  645.0  3529.1   1.76    29.2    1.47     12155    2.1   1.3506e+00    2.1     1235
  651.4  3564.4   1.76     4.7    1.47       348   33.3   3.8645e-02   33.3     1166
  655.7  3587.9   1.77     6.5    1.47       731   17.5   8.1217e-02   17.5     1235
  698.3  3820.9   1.67     5.2    1.08       524   40.0   5.8224e-02   40.0     1150
  721.3  3946.5   1.70    56.1    1.60     28855    1.3   3.2062e+00    1.3     1160
  726.3  3974.3   1.71    12.1    1.60      2185    7.5   2.4272e-01    7.5     1160
  733.8  4015.4   1.71     5.2    0.95      1047   11.6   1.1637e-01   11.6      975
  735.7  4025.8   1.71     5.5    0.95      1047   11.7   1.1632e-01   11.7      975
  768.6  4206.0   1.48    10.5    0.85       936   11.2   1.0396e-01   11.2      725
  788.7  4315.8   1.82     3.6    0.96       239   40.5   2.6506e-02   40.5      884
  792.6  4337.1   1.82    18.2    0.96      3451    4.2   3.8347e-01    4.2      884
  798.2  4367.5   1.83     5.5    0.96       515   19.4   5.7224e-02   19.4      835
  810.9  4437.1   1.78     6.3    0.80       659   16.1   7.3218e-02   16.1      850
  821.5  4495.3   1.79     3.7    2.00       163   52.5   1.8083e-02   52.5      749
  828.6  4534.3   1.79     9.0    2.00      2126    6.6   2.3626e-01    6.6      749
  839.1  4591.8   1.80     4.4    0.85       339   30.0   3.7681e-02   30.0      785
  885.5  4845.6   1.85     4.4    1.18       253   38.5   2.8161e-02   38.5      772
  890.3  4871.7   1.85     3.4    1.18       236   39.8   2.6261e-02   39.8      732
  911.2  4986.2   1.87     7.6    1.48       711   15.5   7.9055e-02   15.5      627
  924.8  5060.6   2.02     6.2    1.05       813   12.0   9.0311e-02   12.0      619
  931.2  5095.9   2.02    12.4    1.05      2252    5.3   2.5023e-01    5.3      652
  934.9  5116.0   2.03     6.7    1.05       358   25.3   3.9829e-02   25.3      652
  938.7  5136.8   2.03    17.7    1.05      3514    4.0   3.9039e-01    4.0      652
  964.8  5279.5   1.92     3.4    0.89       179   46.8   1.9888e-02   46.8      571
  968.8  5301.6   1.92     5.2    0.89       417   21.2   4.6381e-02   21.2      571
  992.8  5433.1   1.94     3.3    1.07       137   48.9   1.5205e-02   48.9      551
 1000.7  5476.2   1.95     3.6    1.07       266   27.1   2.9573e-02   27.1      551
 1008.0  5516.0   1.96     4.3    1.07       144   50.6   1.6041e-02   50.6      580
 1026.7  5618.5   1.97     6.5    1.18       729   11.5   8.0960e-02   11.5      487
 1036.0  5669.5   1.98     6.8    1.18       691   11.2   7.6744e-02   11.2      487
 1044.1  5714.0   1.99     3.5    1.18       148   42.4   1.6405e-02   42.4      513
 1048.8  5739.3   1.99     3.7    1.18       140   45.6   1.5542e-02   45.6      513
 1080.8  5914.8   2.02     3.3    0.88       143   56.4   1.5881e-02   56.4      491
 1106.6  6055.6   2.05     3.8    1.66       389   24.9   4.3255e-02   24.9      563
 1120.3  6131.1   2.06     5.2    0.95       613   15.5   6.8065e-02   15.5      489
 1133.7  6204.1   2.07     3.4    0.64       152   51.2   1.6878e-02   51.2      456
 1150.8  6297.8   2.02    16.4    1.28      2781    4.7   3.0901e-01    4.7      556
 1175.5  6433.0   2.19     5.1    0.79       286   26.7   3.1754e-02   26.7      504
 1183.6  6477.2   2.20    10.7    0.79      1426    7.1   1.5844e-01    7.1      504
 1207.6  6608.5   2.14     3.4    1.03       112   59.9   1.2393e-02   59.9      487
 1218.6  6668.9   2.15     3.5    1.03       247   28.5   2.7451e-02   28.5      487
 1238.4  6777.0   2.17     3.8    1.20       253   33.6   2.8105e-02   33.6      473
 1254.1  6863.2   2.18     8.0    0.98       598   14.2   6.6431e-02   14.2      383
 1293.6  7079.2   2.22     3.7    1.01       190   37.1   2.1059e-02   37.1      309
 1323.9  7245.1   2.25     4.8    1.14       429   17.7   4.7651e-02   17.7      307
 1342.4  7346.5   2.26     3.4    1.31       210   31.2   2.3353e-02   31.2      252
 1362.6  7457.3   2.28     3.9    0.93       128   43.9   1.4272e-02   43.9      197
 1377.6  7538.9   2.29     9.1    1.02       761    9.2   8.4509e-02    9.2      222
 1387.0  7590.5   2.30     3.5    1.02       159   32.7   1.7655e-02   32.7      232
 1408.3  7707.2   2.32     5.8    0.89       483   14.3   5.3626e-02   14.3      243
 1457.7  7977.7   2.39     7.5    1.24       557   13.5   6.1901e-02   13.5      173
 1460.7  7994.3   2.40    24.1    1.24      5783    2.6   6.4250e-01    2.6      173
 1468.8  8038.4   2.41     8.3    1.24       660    9.6   7.3322e-02    9.6      173
 1476.7  8081.7   2.41     6.0    1.24       500   12.1   5.5512e-02   12.1      173
 1486.7  8136.4   2.39     3.5    1.14        81   40.5   9.0371e-03   40.5      113
 1496.1  8187.7   2.40     3.5    1.14       106   32.0   1.1806e-02   32.0      113
 1501.2  8216.0   2.41     3.9    1.14       129   28.9   1.4362e-02   28.9      118
 1512.2  8276.2   2.42     3.4    1.14       107   35.8   1.1939e-02   35.8      118
 1528.2  8363.6   2.43     3.4    0.88        92   42.0   1.0200e-02   42.0       84
 1558.4  8529.0   2.46     3.6    0.94        60   56.3   6.6163e-03   56.3       86
 1565.2  8566.0   2.47     3.3    0.94        75   44.0   8.3679e-03   44.0       86
 1571.4  8600.0   2.47     3.9    0.94       102   34.1   1.1301e-02   34.1       86
 1622.2  8878.0   2.52     4.9    0.86       293   16.2   3.2597e-02   16.2       83
 1654.0  9052.4   2.55     3.4    0.84        65   49.5   7.2164e-03   49.5       57
 1729.4  9465.1   2.62     3.7    1.09       115   29.7   1.2785e-02   29.7       48
 1764.6  9657.6   2.65     7.1    1.23       592   10.1   6.5767e-02   10.1       86
 1805.7  9882.3   2.69     3.6    1.00        77   43.0   8.5930e-03   43.0       64
 1847.7 10112.3   2.72     3.6    0.85        82   35.4   9.1640e-03   35.4       37
 1919.1 10503.1   2.79     3.6    0.78        89   32.7   9.8565e-03   32.7       35
 2203.8 12061.4   3.05     4.5    0.85       157   21.4   1.7470e-02   21.4       31
 2447.7 13396.8   3.27     3.5    0.90        41   59.4   4.5319e-03   59.4       18
 2614.0 14306.7   3.42     9.4    0.68       825    6.9   9.1616e-02    6.9       13

   indicates the Iterative Peak Width fitting reached a limiting value.
