
                       be used for evaluation purposes
                                                            14-Oct-2019 20:14
                       _________________________________

                       P E A K     F I T     R E P O R T
                       _________________________________

 Spectrum file Analysed: AI_30cm_Ir04_HPGE2_jobscript_105-119 
 Sample Title :                                                  

 Spectrum saved on 14-Oct-2019 at 20:14    Collected on 27-Feb-2019 at  8:29
 Sample  Taken  on 27-Feb-2019 at  6:00    Decayed      0 Days,     0 mins.

            Detector file number used:     2
            Energy     Calibration Performed on  8-Mar-2019 at 11:34
            Peak Shape Calibration Performed on  8-Mar-2019 at 11:35

 

   Datetime:  27-Feb-2019   6:00
   Live:      9000.00 
   Mass:      477
   Shelf:     30
   Detector:      2

   Reported Activity values were rounded     
   FitzPeaks Version: 3.71 23rd January 2014           
                                                                                                     
              


 Peak   Centre   FW@HM         Goodness   Peak      %      Gammas       %      2 Sigma
Energy  Channel  (KeV)  Signif  of Fit    Area   Uncert.  per sec.   Uncert. Background

   61.5   335.1   1.12     7.4   37.48     76019    9.2   8.4465e+00    9.2   200359
   63.3   345.0   1.12   304.3   37.48   1558831    0.5   1.7320e+02    0.5   200359
   64.9   354.0   1.12   483.3   37.48   2616033    0.4   2.9067e+02    0.4   200359
   71.3   389.1   1.24    17.6    5.78     42010    4.4   4.6677e+00    4.4    75735
   73.5   400.8   1.24   275.2    5.78   1030302    0.3   1.1448e+02    0.3    82046
   75.6   412.5   1.25   136.6    5.78    328436    0.7   3.6493e+01    0.7    82046
   82.4   449.9   1.10   130.7    2.30    172476    0.7   1.9164e+01    0.7    37410
   84.9   463.4   1.11    20.6    2.30     13698    6.1   1.5220e+00    6.1    37410
   87.5   477.5   1.11     7.9    2.30      3282   24.3   3.6467e-01   24.3    37410
   94.3   514.7   1.13    53.6    1.09     44947    1.9   4.9941e+00    1.9    35735
   96.6   527.3   1.13   102.5    1.09    118509    0.9   1.3168e+01    0.9    35735
  113.8   621.4   1.14    34.0    1.06     22500    3.3   2.5000e+00    3.3    37382
  122.2   667.4   1.15     3.3    1.00      1170   54.4   1.2999e-01   54.4    37785
  129.5   707.4   1.16   108.1    0.83    119710    0.9   1.3301e+01    0.9    40831
  138.3   755.7   1.16     5.4    1.21      1682   39.5   1.8687e-01   39.5    38894
  141.1   771.0   1.16    47.6    1.21     33690    2.2   3.7433e+00    2.2    38894
  172.3   941.8   1.19   114.0    0.99    125000    0.7   1.3889e+01    0.7    38670
  176.5   964.7   1.19    12.4    0.99      6031   10.4   6.7013e-01   10.4    38670
  179.1   978.8   1.19    49.7    0.99     34474    2.3   3.8305e+00    2.3    38670
  186.8  1021.1   1.21    83.3    0.86     89192    1.0   9.9103e+00    1.0    33607
  187.8  1026.5   1.21     7.5    0.86     14111    5.4   1.5678e+00    5.4    36407
  191.0  1043.9   1.22     3.3    0.86      1439   44.5   1.5990e-01   44.5    33607
  197.1  1077.7   1.22    10.0    2.52      5845   11.3   6.4944e-01   11.3    30589
  203.8  1114.2   1.22     7.8    1.90      2407   21.8   2.6746e-01   21.8    26709
  206.0  1126.1   1.23     7.6    1.90      2760   20.4   3.0671e-01   20.4    26709
  208.9  1142.1   1.23     7.9    1.90      4975   10.9   5.5276e-01   10.9    26709
  219.8  1201.7   1.25    45.0    2.08     25929    2.3   2.8810e+00    2.3    22965
  222.1  1214.4   1.26     9.1    2.08      4807   10.6   5.3416e-01   10.6    22965
  223.7  1222.8   1.26    21.0    2.08     14627    3.9   1.6252e+00    3.9    21199
  228.5  1249.1   1.26     4.4    2.08      1074   44.4   1.1933e-01   44.4    21199
  238.8  1305.8   1.25     5.5    1.21      1320   32.2   1.4668e-01   32.2    19165
  243.5  1331.5   1.25    50.1    1.21     33626    1.6   3.7362e+00    1.6    19165
  245.3  1341.3   1.26     6.2    1.21      5231    8.4   5.8124e-01    8.4    19165
  258.6  1413.9   1.27     4.1    1.25      1270   30.9   1.4107e-01   30.9    14229
  268.7  1469.4   1.53    54.9    8.41     66539    2.1   7.3932e+00    2.1    15641
  277.5  1517.7   1.29     3.8    1.05      1432   22.2   1.5912e-01   22.2    12858
  283.1  1548.3   1.30     3.7    1.05       659   45.3   7.3190e-02   45.3    12858
  284.6  1556.1   1.30     3.3    1.05       869   33.8   9.6597e-02   33.8    12858
  288.5  1577.8   1.30     5.7    1.05      1330   23.4   1.4778e-01   23.4    12858
  293.8  1606.7   1.45    49.7    2.88     38813    1.6   4.3126e+00    1.6    13258
  296.0  1618.6   1.45    29.1    2.88     21130    2.7   2.3478e+00    2.7    13258
  300.6  1643.7   1.45    39.6    2.88     20398    2.8   2.2664e+00    2.8    13258
  308.6  1687.6   1.31    36.9    1.10     17842    2.5   1.9824e+00    2.5    11153
  316.6  1731.8   1.33    61.0    1.24     49130    1.2   5.4589e+00    1.2    10756
  317.6  1736.9   1.33     5.6    1.24     11357    4.9   1.2619e+00    4.9    11584
  328.6  1797.2   1.34   125.6    2.43    157179    0.6   1.7464e+01    0.6    11461
  343.4  1878.3   1.35     3.4    1.26       572   58.5   6.3530e-02   58.5    10181
  351.3  1921.5   1.38    86.1    1.30     71118    0.9   7.9020e+00    0.9    10489
  360.0  1969.2   1.37   110.2    1.28    118649    0.7   1.3183e+01    0.7    10131
  361.2  1975.6   1.37     9.1    1.28     10994    4.3   1.2215e+00    4.3     9407
  365.1  1997.0   1.37     3.3    1.28       885   40.4   9.8319e-02   40.4    10131
  371.3  2031.1   1.35    42.4    1.17     18418    2.2   2.0465e+00    2.2     8392
  380.1  2079.2   1.38     7.3    0.89      1658   17.2   1.8421e-01   17.2     7427
  397.4  2173.9   1.42    17.2    1.20      4933    6.2   5.4806e-01    6.2     6563
  404.0  2209.9   1.42    17.1    0.91      4881    6.9   5.4236e-01    6.9     5979
  407.2  2227.5   1.42    24.2    0.91     20851    2.0   2.3168e+00    2.0     6406
  409.5  2240.1   1.42   121.8    0.91    141936    0.5   1.5771e+01    0.5     5979
  420.6  2301.0   1.42     5.5    1.36       714   35.0   7.9388e-02   35.0     5367
  431.5  2360.7   1.43     7.0    0.97      2171   10.9   2.4125e-01   10.9     4547
  445.1  2434.7   1.44     6.2    1.10       962   22.3   1.0686e-01   22.3     4180
  447.8  2449.5   1.45     9.2    1.10      1674   12.9   1.8599e-01   12.9     4180
  456.5  2497.2   1.46    75.9    1.67     51649    1.0   5.7388e+00    1.0     4142
  468.1  2560.6   1.45    44.6    1.23     18559    1.8   2.0621e+00    1.8     3338
  477.6  2612.6   1.47     9.8    1.92      1690   10.8   1.8773e-01   10.8     3131
  479.8  2624.9   1.48     4.7    1.92       705   23.6   7.8364e-02   23.6     2922
  484.6  2651.2   1.48     7.0    1.92      1557   10.5   1.7295e-01   10.5     3131
  490.8  2685.3   1.49     3.3    1.92       327   46.4   3.6331e-02   46.4     3131
  494.2  2703.7   1.49     3.8    1.92      1130   15.6   1.2560e-01   15.6     3131
  502.5  2748.9   1.48     6.8    1.80       909   17.1   1.0105e-01   17.1     2506
  510.9  2795.3   2.99    13.1    1.80     15002    2.6   1.6669e+00    2.6     5190
  518.5  2836.5   1.50    44.5    1.80     20323    1.5   2.2581e+00    1.5     2685
  530.4  2901.9   1.52     5.4    0.87       715   40.1   7.9464e-02   40.1     2447
  538.9  2948.1   1.53   136.6    3.34    188875    0.6   2.0986e+01    0.6     2825
  541.6  2963.4   1.53    11.4    3.34      4430    6.9   4.9222e-01    6.9     2825
  544.9  2981.3   1.53    35.6    3.34     13362    2.7   1.4847e+00    2.7     2825
  557.9  3052.4   1.54    38.2    1.33     16965    1.7   1.8850e+00    1.7     1623
  569.0  3113.3   1.66    48.4    0.87     31442    1.2   3.4936e+00    1.2     1561
  576.4  3153.9   1.87     9.8    1.15      1897    7.6   2.1078e-01    7.6     1549
  583.4  3192.0   1.87    10.0    1.15      2149    7.0   2.3882e-01    7.0     1549
  588.4  3219.4   1.88    10.4    1.15      3977    4.6   4.4186e-01    4.6     1635
  594.3  3251.7   1.88     3.7    1.15       763   16.3   8.4755e-02   16.3     1635
  605.1  3310.5   1.66    36.2    1.89     23461    1.6   2.6067e+00    1.6     1578
  607.5  3323.9   1.67    29.5    1.89     16885    1.7   1.8761e+00    1.7     1485
  609.2  3333.4   1.67     8.7    1.89      1525   13.3   1.6945e-01   13.3     1578
  612.4  3350.5   1.67     9.9    1.89      1379   12.1   1.5326e-01   12.1     1578
  615.9  3369.8   1.67     3.4    1.89       425   35.2   4.7209e-02   35.2     1578
  622.0  3403.0   1.61     9.4    1.37      2450    7.2   2.7226e-01    7.2     1326
  624.0  3414.1   1.61    35.7    1.37     17508    1.5   1.9453e+00    1.5     1326
  627.1  3431.0   1.62    17.4    1.37      4666    4.0   5.1847e-01    4.0     1326
  631.0  3452.4   1.62     8.8    1.37      1520   10.6   1.6885e-01   10.6     1326
  645.0  3529.1   1.75    22.1    1.62      8576    2.5   9.5284e-01    2.5     1004
  651.6  3565.3   1.76     3.8    1.62       205   49.5   2.2774e-02   49.5      948
  655.9  3588.6   1.76     4.8    1.62       736   14.8   8.1738e-02   14.8      948
  659.2  3606.6   1.76     3.4    1.62       188   56.2   2.0927e-02   56.2      948
  698.3  3820.9   1.67     3.6    1.10       364   29.3   4.0438e-02   29.3      854
  721.3  3946.6   1.69    44.2    1.34     17125    1.6   1.9028e+00    1.6      895
  726.4  3974.5   1.69    14.2    1.34      1986    6.8   2.2065e-01    6.8      895
  733.7  4014.9   1.71     3.4    0.75       482   21.8   5.3599e-02   21.8      808
  735.6  4025.2   1.71     4.5    0.75       651   15.8   7.2345e-02   15.8      808
  756.0  4136.9   1.73     3.6    0.96       196   45.3   2.1723e-02   45.3      634
  768.5  4205.1   1.74     8.2    1.13      1104   10.7   1.2264e-01   10.7      696
  788.8  4316.3   1.74     4.1    0.99       143   58.9   1.5929e-02   58.9      686
  792.6  4337.0   1.74    15.1    0.99      2138    5.4   2.3754e-01    5.4      726
  798.3  4368.5   1.75     3.5    0.99       264   31.9   2.9293e-02   31.9      686
  810.8  4436.8   1.78     6.0    0.89       506   19.1   5.6173e-02   19.1      695
  821.9  4497.6   2.14     3.4    0.94       208   38.8   2.3087e-02   38.8      659
  828.7  4534.8   2.15    11.2    0.94      2220    5.2   2.4668e-01    5.2      659
  835.8  4573.6   2.16     4.5    0.94       196   42.2   2.1781e-02   42.2      659
  839.1  4591.8   2.16     3.8    0.94       510   17.2   5.6699e-02   17.2      659
  885.5  4845.4   1.85     3.3    1.08       236   34.4   2.6243e-02   34.4      582
  890.0  4870.1   1.85     3.7    1.08       238   35.3   2.6436e-02   35.3      582
  911.2  4986.4   1.87     7.2    0.89       697   13.7   7.7451e-02   13.7      560
  924.8  5060.9   1.97     4.8    0.98       457   18.2   5.0746e-02   18.2      571
  931.3  5096.4   1.98    10.4    0.98      1492    6.7   1.6575e-01    6.7      543
  934.8  5115.2   1.98     7.2    0.98       351   23.4   3.8968e-02   23.4      571
  938.7  5136.9   1.99    16.0    0.98      2667    4.7   2.9637e-01    4.7      571
  968.9  5302.0   1.92     4.2    0.84       322   27.7   3.5825e-02   27.7      541
 1000.3  5473.8   1.95     3.4    1.07       224   37.2   2.4847e-02   37.2      471
 1026.9  5619.4   1.97     6.9    1.09       403   18.5   4.4832e-02   18.5      407
 1036.0  5669.4   1.98     8.2    1.09       792   10.8   8.7984e-02   10.8      407
 1080.6  5913.3   2.02     3.6    1.00       150   48.7   1.6627e-02   48.7      391
 1106.7  6056.3   2.05     3.4    1.34       216   39.9   2.3995e-02   39.9      488
 1120.4  6131.5   2.06     7.3    0.81       602   14.9   6.6859e-02   14.9      468
 1150.8  6298.0   2.06    14.6    1.03      2100    5.8   2.3332e-01    5.8      491
 1175.4  6432.6   2.03     3.5    0.81       178   37.0   1.9731e-02   37.0      422
 1183.6  6477.4   2.04    10.2    0.81      1020    8.4   1.1328e-01    8.4      422
 1219.0  6670.9   2.15     3.4    0.99       131   59.4   1.4565e-02   59.4      433
 1238.3  6776.9   2.17     4.9    1.06       272   29.2   3.0261e-02   29.2      412
 1254.0  6862.8   2.18     5.2    0.71       394   18.4   4.3832e-02   18.4      310
 1293.7  7079.8   2.22     3.4    0.95       157   40.0   1.7426e-02   40.0      258
 1323.8  7244.8   2.25     3.8    0.95       316   21.7   3.5127e-02   21.7      261
 1342.1  7344.9   2.26     3.7    0.93       156   39.0   1.7310e-02   39.0      222
 1377.6  7539.1   2.29     8.4    0.92       622   10.4   6.9160e-02   10.4      194
 1387.1  7590.9   2.30     3.4    0.92        93   50.3   1.0321e-02   50.3      194
 1408.3  7707.4   2.32     6.1    0.91       440   14.1   4.8928e-02   14.1      169
 1457.9  7978.6   2.37     7.4    1.28       431   16.1   4.7917e-02   16.1      149
 1460.8  7994.5   2.38    24.5    1.28      5597    2.7   6.2193e-01    2.7      149
 1468.9  8039.0   2.38     6.3    1.28       470   12.0   5.2259e-02   12.0      155
 1476.8  8082.3   2.39     4.4    1.28       368   14.7   4.0840e-02   14.7      149
 1486.4  8134.7   2.39     3.4    1.18        60   59.1   6.6356e-03   59.1       93
 1495.7  8185.6   2.40     4.0    1.18        99   39.3   1.0980e-02   39.3       93
 1622.0  8877.2   2.52     3.6    0.98       204   20.0   2.2710e-02   20.0       63
 1729.4  9464.6   2.62     4.0    0.98       118   28.1   1.3161e-02   28.1       42
 1764.5  9657.2   2.65     8.8    0.99       621    9.8   6.8970e-02    9.8       74
 1805.8  9883.0   2.69     3.4    1.22        68   45.4   7.6110e-03   45.4       47
 1847.3 10110.2   2.72     3.7    1.01        85   34.2   9.4126e-03   34.2       32
 1919.3 10504.5   2.79     3.4    0.99        71   42.6   7.8547e-03   42.6       37
 2102.7 11508.4   2.96     3.5    0.95        76   38.1   8.4750e-03   38.1       39
 2204.0 12062.9   3.05     4.6    0.86       189   18.2   2.1040e-02   18.2       33
 2614.1 14307.3   3.40    10.1    0.79       778    7.5   8.6438e-02    7.5       22

   indicates the Iterative Peak Width fitting reached a limiting value.
