
                       be used for evaluation purposes
                                                             7-Mar-2019 13:45
                       _________________________________

                       P E A K     F I T     R E P O R T
                       _________________________________

 Spectrum file Analysed: AJ02272019_32cm_Cu02_HPGE1.Chn   
 Sample Title :          Cu02

 Spectrum saved on 27-Feb-2019 at  9:25    Collected on 27-Feb-2019 at  8:46
 Sample  Taken  on 27-Feb-2019 at  8:46    Decayed      0 Days,     0 mins.

            Detector file number used:     1
            Energy     Calibration Performed on  6-Mar-2019 at 16:50
            Peak Shape Calibration Performed on  6-Mar-2019 at 16:52

 

   Datetime:  27-Feb-2019   8:46
   Live:      2198.00 
   Mass:      229
   Shelf:     30
   Detector:      1

   Reported Activity values were rounded     
   FitzPeaks Version: 3.71 23rd January 2014           
                                                                                                     
              


 Peak   Centre   FW@HM         Goodness   Peak      %      Gammas       %      2 Sigma
Energy  Channel  (KeV)  Signif  of Fit    Area   Uncert.  per sec.   Uncert. Background

   40.7   221.8   1.04    51.5    1.03     26952    1.7   1.2262e+01    1.7     7925
   63.0   344.1   1.15     8.3    1.42      2050   13.7   9.3265e-01   13.7     9229
   64.7   353.1   1.15    10.3    1.42      3180    9.1   1.4468e+00    9.1     9229
   68.6   374.4   1.15     4.1    1.42       898   28.6   4.0858e-01   28.6     8460
   72.8   397.2   1.15     8.3    1.42      3448    8.3   1.5688e+00    8.3     9229
   74.8   408.3   1.16    14.0    1.42      5279    5.5   2.4018e+00    5.5     9229
   77.5   423.2   1.16     3.5    1.42       443   59.2   2.0169e-01   59.2     9229
   84.7   462.3   1.08     6.7    0.87      1950   15.6   8.8705e-01   15.6     8472
   87.1   476.0   1.08     3.3    0.87       705   41.8   3.2070e-01   41.8     8472
  243.7  1332.0   1.21    11.3    1.00      3015    8.7   1.3717e+00    8.7     7488
  247.3  1351.6   1.21     9.1    1.00      2131   12.1   9.6959e-01   12.1     8112
  260.8  1425.4   1.23     5.9    0.92      1518   17.7   6.9040e-01   17.7     7618
  351.8  1923.0   1.30     4.6    1.32       507   47.1   2.3082e-01   47.1     5866
  394.2  2154.8   1.34     7.8    1.01      1757   11.1   7.9925e-01   11.1     3131
  507.8  2776.0   1.27    18.5    6.99      9458   12.1   4.3029e+00   12.1     6780
  511.1  2794.2   2.71    72.7    6.99    403307    0.8   1.8349e+02    0.8    14689
  538.9  2946.5   1.46     4.1    1.06       345   20.7   1.5677e-01   20.7      362
  548.6  2999.1   1.47    31.1    1.02      8429    2.2   3.8348e+00    2.2      365
  583.2  3188.6   1.50     3.7    1.30       262   25.6   1.1905e-01   25.6      304
  596.8  3262.7   1.50    40.2    0.91     13154    1.7   5.9847e+00    1.7      301
  609.3  3331.4   1.52     4.6    0.75       424   15.4   1.9287e-01   15.4      277
  637.6  3486.2   1.55     4.3    0.93       141   39.7   6.4263e-02   39.7      222
  911.4  4983.2   1.78     3.6    1.32       166   30.0   7.5524e-02   30.0      146
  969.1  5299.0   1.82     3.4    1.00        83   53.4   3.7672e-02   53.4      141
 1115.4  6098.7   1.95     9.0    0.84       819    7.7   3.7244e-01    7.7      110
 1120.0  6123.7   1.95     5.0    0.84       148   30.4   6.7261e-02   30.4      110
 1173.2  6415.0   2.00     3.8    1.02       134   30.2   6.0899e-02   30.2       97
 1345.5  7357.2   2.03    11.5    1.20       851    7.6   3.8712e-01    7.6       64
 1460.5  7986.1   2.31    12.9    0.86      1339    5.3   6.0921e-01    5.3       33
 1764.3  9647.1   2.49     4.9    0.63       117   23.0   5.3424e-02   23.0       17
 2613.6 14291.7   3.21     3.9    0.77       195   16.9   8.8917e-02   16.9        6
