
                       be used for evaluation purposes
                                                            16-Oct-2019 11:21
                       _________________________________

                       P E A K     F I T     R E P O R T
                       _________________________________

 Spectrum file Analysed: AL_Fe02_IDM3_jobscript_080-100 
 Sample Title :                                                  

 Spectrum saved on 16-Oct-2019 at 11:21    Collected on 26-Feb-2019 at 10:36
 Sample  Taken  on 26-Feb-2019 at  8:48    Decayed      0 Days,     0 mins.

            Detector file number used:     5
            Energy     Calibration Performed on  8-Mar-2019 at 12:01
            Peak Shape Calibration Performed on  8-Mar-2019 at 12:02

 

   Datetime:  26-Feb-2019   8:48
   Live:      6300.00 
   Mass:      226
   Shelf:     40
   Detector:      5

   Reported Activity values were rounded     
   FitzPeaks Version: 3.71 23rd January 2014           
                                                                                                     
              


 Peak   Centre   FW@HM         Goodness   Peak      %      Gammas       %      2 Sigma
Energy  Channel  (KeV)  Signif  of Fit    Area   Uncert.  per sec.   Uncert. Background

   40.6   221.6   1.43     3.5    0.81      1399   49.5   2.2206e-01   49.5    36902
   66.5   363.3   1.47     3.4    1.01      1842   38.1   2.9234e-01   38.1    38441
   68.5   374.4   1.48     5.2    1.01      3164   21.4   5.0226e-01   21.4    38441
   72.5   396.1   1.48    15.3    1.01     11277    6.3   1.7900e+00    6.3    35879
   74.6   407.7   1.48    30.1    1.01     20772    3.8   3.2971e+00    3.8    38441
   84.5   461.5   1.49    15.9    1.00      9436    7.0   1.4977e+00    7.0    38404
   87.0   475.6   1.49     4.7    1.00      3055   20.5   4.8496e-01   20.5    38404
   91.7   501.1   1.50    25.9    1.00     15280    4.4   2.4253e+00    4.4    38404
  105.8   578.3   1.47     3.8    1.16      1277   54.5   2.0266e-01   54.5    40544
  121.7   665.3   1.45    14.0    0.85      7481    9.3   1.1875e+00    9.3    42169
  277.8  1518.6   1.58     3.4    0.74      1522   38.7   2.4153e-01   38.7    32157
  320.1  1750.1   1.60     3.6    1.15      1113   55.7   1.7666e-01   55.7    34363
  351.8  1923.5   1.62     3.5    0.82       950   53.3   1.5079e-01   53.3    23737
  385.3  2106.7   1.64     9.4    1.00      2853   15.3   4.5278e-01   15.3    15755
  411.4  2249.6   1.67    16.8    0.76      5655    7.1   8.9764e-01    7.1    13346
  477.2  2609.6   1.69   100.2    0.53     85530    0.8   1.3576e+01    0.8    11090
  511.0  2794.4   2.90   133.0   16.35    900572    0.4   1.4295e+02    0.4    19756
  520.0  2843.5   1.18    13.9   16.35      3101   16.7   4.9230e-01   16.7     8467
  548.4  2999.0   1.74     4.0    0.80      1029   28.8   1.6326e-01   28.8     7892
  583.2  3189.2   1.76     4.5    1.10       748   43.8   1.1867e-01   43.8     8613
  596.6  3262.4   1.77     7.1    1.15      1144   29.1   1.8165e-01   29.1     8598
  609.3  3332.0   1.78     5.5    1.03      1350   25.0   2.1422e-01   25.0     9598
  744.3  4070.1   1.84    34.2    0.88     12253    2.7   1.9449e+00    2.7     5100
  788.8  4313.7   1.89     3.8    1.11       703   30.8   1.1159e-01   30.8     3771
  803.8  4395.8   1.96    17.5    0.94      4718    5.2   7.4886e-01    5.2     3367
  827.5  4525.3   1.91     3.8    1.14       528   31.2   8.3808e-02   31.2     2756
  835.0  4566.0   1.92     7.0    1.14      1056   16.5   1.6767e-01   16.5     2611
  846.9  4631.0   1.93   161.1    1.28    210584    0.4   3.3426e+01    0.4     2511
  911.3  4983.2   1.96     5.0    1.41       570   28.6   9.0445e-02   28.6     1831
  931.3  5092.9   1.98   140.3    1.45    162252    0.5   2.5754e+01    0.5     1930
  935.6  5116.1   1.99    32.6    1.45     10284    2.9   1.6323e+00    2.9     1930
  969.1  5299.6   2.00     3.5    1.04       304   38.7   4.8320e-02   38.7     1686
  977.7  5346.3   2.00     4.4    1.04       236   49.2   3.7471e-02   49.2     1686
  984.5  5383.9   2.01     7.7    1.04      1220   10.8   1.9371e-01   10.8     1775
 1037.8  5675.2   2.01    14.3    0.73      2522    6.9   4.0033e-01    6.9     1775
 1090.9  5965.6   2.07     5.0    0.75       576   28.3   9.1437e-02   28.3     2008
 1120.2  6125.7   2.09     3.9    0.98       391   41.5   6.2049e-02   41.5     1866
 1174.8  6424.4   2.12     3.4    0.95       331   51.0   5.2519e-02   51.0     2025
 1212.6  6631.2   2.15     5.2    0.93       507   28.9   8.0441e-02   28.9     1513
 1238.2  6771.2   2.16    35.2    0.93     10277    2.1   1.6312e+00    2.1     1283
 1246.2  6814.8   2.17     3.8    0.93       300   42.6   4.7555e-02   42.6     1283
 1274.4  6969.4   2.18     6.9    1.19       773   17.0   1.2264e-01   17.0     1035
 1299.8  7108.1   2.20     3.6    1.21       539   23.0   8.5539e-02   23.0     1036
 1316.4  7199.1   2.25    34.1    1.28     10802    2.2   1.7145e+00    2.2      951
 1333.5  7292.3   2.22     3.6    0.83       437   25.8   6.9398e-02   25.8      842
 1360.3  7438.8   2.38     5.8    0.98       559   19.7   8.8803e-02   19.7      845
 1369.6  7489.8   2.39    20.6    0.98      4712    3.3   7.4790e-01    3.3      845
 1408.4  7701.8   2.29    52.6    1.06     23693    1.3   3.7608e+00    1.3      781
 1433.9  7841.6   2.31    29.0    0.93      7499    2.4   1.1904e+00    2.4      853
 1442.3  7887.5   2.32     3.4    0.93       211   47.2   3.3519e-02   47.2      853
 1460.6  7987.7   2.37    19.3    0.86      3896    4.1   6.1835e-01    4.1      843
 1601.6  8758.7   2.38     3.9    1.48       606   20.9   9.6213e-02   20.9      898
 1764.3  9648.3   2.49     4.8    0.97       378   22.3   5.9963e-02   22.3      467
 1771.1  9685.8   2.49    12.8    0.97      1629    6.7   2.5851e-01    6.7      467
 1791.9  9799.4   2.50     3.3    0.99       156   54.3   2.4776e-02   54.3      476
 1810.5  9901.3   2.55    56.1    1.05     25917    1.3   4.1138e+00    1.3      558
 2014.8 11018.6   2.64     3.6    0.85       268   22.9   4.2485e-02   22.9      187
 2034.4 11125.7   2.65     9.3    0.86       711    9.2   1.1282e-01    9.2      109
 2087.2 11414.6   2.68     3.3    1.35       174   28.9   2.7692e-02   28.9      115
 2103.4 11503.2   2.74     3.3    1.00       115   40.4   1.8204e-02   40.4      121
 2112.7 11554.1   2.74    37.6    1.00     11656    1.7   1.8501e+00    1.7      121
 2143.7 11723.2   2.72     3.6    1.11       100   45.9   1.5918e-02   45.9      109
 2176.8 11904.5   2.74     5.3    0.80       235   21.8   3.7291e-02   21.8      114
 2203.8 12052.0   2.75     3.4    1.13        98   45.5   1.5502e-02   45.5      100
 2230.8 12199.9   2.77     3.4    1.26        87   53.0   1.3754e-02   53.0      104
 2522.3 13793.8   2.95     9.2    0.83       698    8.0   1.1079e-01    8.0       45
 2597.8 14207.0   2.98    13.7    0.77      1285    5.6   2.0394e-01    5.6       47
 2613.9 14294.8   3.00     8.5    1.29       610    8.9   9.6819e-02    8.9       33
 2656.7 14529.1   3.03     7.5    0.96       423   10.6   6.7109e-02   10.6       27
 2742.0 14995.4   3.08     3.6    0.98       112   25.0   1.7827e-02   25.0       33
 2753.2 15056.6   3.09     3.5    0.98       167   19.2   2.6443e-02   19.2       33
 2871.5 15703.9   3.16     3.3    0.79        62   46.1   9.8659e-03   46.1       34
 2958.8 16181.1   3.21     5.7    0.69       173   20.8   2.7520e-02   20.8       36

   indicates the Iterative Peak Width fitting reached a limiting value.
