
                       be used for evaluation purposes
                                                            16-Oct-2019 14:27
                       _________________________________

                       P E A K     F I T     R E P O R T
                       _________________________________

 Spectrum file Analysed: AM_Ir02_IDM3_jobscript_040-059 
 Sample Title :                                                  

 Spectrum saved on 16-Oct-2019 at 14:27    Collected on 26-Feb-2019 at 23:45
 Sample  Taken  on 26-Feb-2019 at 19:47    Decayed      0 Days,     0 mins.

            Detector file number used:     5
            Energy     Calibration Performed on  8-Mar-2019 at 12:01
            Peak Shape Calibration Performed on  8-Mar-2019 at 12:02

 

   Datetime:  26-Feb-2019  19:47
   Live:      12000.0 
   Mass:      277
   Shelf:     40
   Detector:      5

   Reported Activity values were rounded     
   FitzPeaks Version: 3.71 23rd January 2014           
                                                                                                     
              


 Peak   Centre   FW@HM         Goodness   Peak      %      Gammas       %      2 Sigma
Energy  Channel  (KeV)  Signif  of Fit    Area   Uncert.  per sec.   Uncert. Background

   54.1   295.6   1.73    24.8    6.79     72831   29.2   6.0693e+00   29.2  2084272
   61.2   334.3   1.47    17.1   60.55    585992   15.0   4.8833e+01   15.0  1385442
   63.0   344.0   1.48   410.1   60.55   9256379    1.0   7.7136e+02    1.0  1293079
   64.6   352.9   1.48   965.4   60.55  15088133    0.6   1.2573e+03    0.6  1293079
   71.1   388.7   1.56    18.8   10.79    274549    9.0   2.2879e+01    9.0   549563
   73.2   399.7   1.56   669.3   10.79   5874526    0.4   4.8954e+02    0.4   549563
   75.3   411.4   1.56   221.2   10.79   1790053    1.4   1.4917e+02    1.4   549563
   82.0   448.3   1.47   271.3    1.88    816801    0.4   6.8067e+01    0.4   255176
   84.5   461.9   1.48    33.9    1.88     75757    3.1   6.3131e+00    3.1   238164
   87.2   476.4   1.48    15.5    1.88     20091   11.9   1.6743e+00   11.9   255176
   94.0   513.4   1.46   289.0    1.37    922773    0.3   7.6898e+01    0.3   229170
   96.2   526.0   1.47   151.1    1.37    407475    0.6   3.3956e+01    0.6   213892
  105.7   577.9   1.47     4.3    1.04      3320   48.6   2.7664e-01   48.6   206265
  113.4   619.9   1.48   195.3    1.28    456601    0.5   3.8050e+01    0.5   210767
  129.1   705.9   1.52   176.6    1.15    417646    1.1   3.4804e+01    1.1   244360
  140.8   769.5   1.49   227.7    1.86    614168    0.4   5.1181e+01    0.4   216808
  146.9   802.7   1.50     5.8    0.97      6821   23.2   5.6841e-01   23.2   204947
  172.1   940.6   1.59   198.7   14.67    439013    0.7   3.6584e+01    0.7   185316
  176.3   963.5   1.59    82.6   14.67    131626    1.8   1.0969e+01    1.8   185316
  178.9   977.8   1.59    74.1   14.67    123563    1.6   1.0297e+01    1.6   197670
  181.1   990.1   1.59     8.6   14.67     23291    8.3   1.9410e+00    8.3   197670
  186.6  1020.3   1.60   195.2   14.67    495605    0.7   4.1300e+01    0.7   197670
  190.6  1041.9   1.60    19.2   14.67     16500   13.2   1.3750e+00   13.2   197670
  197.1  1077.4   1.83    12.2    1.21     20866    8.2   1.7388e+00    8.2   199337
  203.7  1113.6   1.61    44.7    3.46     55867    3.5   4.6556e+00    3.5   147824
  206.0  1126.2   1.61     6.9    3.46      7964   23.5   6.6364e-01   23.5   147824
  208.7  1141.1   1.61    12.7    3.46     18913   10.4   1.5761e+00   10.4   147824
  212.7  1162.7   1.61    15.7    3.46     15781   12.3   1.3151e+00   12.3   147824
  216.3  1182.6   1.61     6.3    3.46      5243   37.0   4.3688e-01   37.0   147824
  219.7  1201.2   1.62    70.8    3.46     90344    2.4   7.5286e+00    2.4   147824
  223.2  1220.5   1.62   106.0    3.46    180019    1.2   1.5002e+01    1.2   147824
  238.7  1305.2   1.57     3.6    0.99      2703   46.8   2.2524e-01   46.8   116829
  243.4  1330.9   1.57   261.1    0.99    657208    0.3   5.4767e+01    0.3   116829
  245.2  1340.6   1.57    12.8    0.99     43665    3.2   3.6388e+00    3.2   109527
  252.4  1380.2   1.84     5.4    2.45      3566   29.7   2.9717e-01   29.7   103837
  258.4  1412.8   1.84    26.8    2.45     30409    3.7   2.5341e+00    3.7   103837
  263.4  1440.3   1.84     5.8    2.45      4161   24.4   3.4675e-01   24.4   103837
  268.6  1468.6   1.85   107.1    2.45    223903    0.7   1.8659e+01    0.7   103837
  276.4  1511.4   1.58     5.2    2.22      3869   26.8   3.2245e-01   26.8    75712
  284.5  1555.4   1.59    16.5    3.52     14306    6.2   1.1921e+00    6.2    73192
  288.3  1576.3   1.59    10.8    3.52      7263   11.6   6.0526e-01   11.6    73192
  293.8  1606.5   1.60    29.6    3.52     44316    2.6   3.6930e+00    2.6    68617
  295.9  1617.7   1.60    21.7    3.52     36182    3.0   3.0152e+00    3.0    73192
  300.4  1642.6   1.60   173.0    3.52    303319    0.5   2.5277e+01    0.5    73192
  308.4  1686.4   1.78    32.3    2.25     31544    3.5   2.6286e+00    3.5    70949
  317.3  1734.9   1.83   137.0   13.00    323491    0.8   2.6958e+01    0.8    70585
  324.7  1775.5   1.61     4.3    0.94      2240   43.5   1.8666e-01   43.5    59968
  328.5  1796.3   1.62   118.4    0.94    165580    0.7   1.3798e+01    0.7    63966
  343.3  1876.9   1.71    11.9    1.12      9844    9.5   8.2033e-01    9.5    69633
  351.2  1920.2   1.63   142.8    0.74    238981    0.6   1.9915e+01    0.6    65649
  352.6  1928.0   1.63     6.8    0.74      9522   12.5   7.9353e-01   12.5    65649
  359.9  1967.9   1.63   187.3    0.87    397553    0.4   3.3129e+01    0.4    59949
  361.1  1974.3   1.63     9.6    0.87     40533    2.6   3.3777e+00    2.6    59949
  365.1  1996.2   1.63     3.5    0.87      1866   41.2   1.5548e-01   41.2    59949
  371.2  2029.8   1.63    50.4    0.87     45063    1.9   3.7552e+00    1.9    59949
  380.1  2078.4   1.64     8.7    1.16      4201   19.0   3.5011e-01   19.0    54296
  397.3  2172.4   1.66    19.1    0.89     12364    5.8   1.0303e+00    5.8    46331
  403.9  2208.3   1.67    77.5    0.89     84226    1.0   7.0188e+00    1.0    46331
  407.2  2226.4   1.67     7.2    0.89     52830    1.6   4.4025e+00    1.6    46331
  409.4  2238.7   1.67   204.4    0.89    469173    0.3   3.9098e+01    0.3    46331
  420.7  2300.3   1.91     5.4    1.18      3537   18.3   2.9472e-01   18.3    42529
  424.6  2321.9   1.91     3.5    1.18      1956   31.4   1.6304e-01   31.4    40291
  431.0  2357.0   1.91    17.5    1.18     14653    4.5   1.2211e+00    4.5    40291
  445.0  2433.5   1.68     8.8    0.85      3548   15.9   2.9568e-01   15.9    29865
  447.8  2448.5   1.68     8.6    0.85      4090   13.8   3.4085e-01   13.8    29865
  456.5  2496.1   1.69   140.9    0.97    176951    0.6   1.4746e+01    0.6    26390
  459.3  2511.7   1.69     5.0    0.97      6119   12.2   5.0995e-01   12.2    28040
  468.1  2559.5   1.66    47.3    1.24     29271    2.3   2.4393e+00    2.3    25449
  477.7  2612.0   1.70     8.1    1.48      3828   13.5   3.1902e-01   13.5    23304
  480.0  2624.5   1.70     4.5    1.48      1600   31.2   1.3330e-01   31.2    24761
  484.7  2650.4   1.70     7.9    1.48      3186   16.0   2.6553e-01   16.0    24761
  493.6  2698.9   2.05    19.3    1.47     13815    8.7   1.1512e+00    8.7    28930
  502.6  2748.0   1.71    22.2    1.38     11082    5.6   9.2346e-01    5.6    21491
  502.6  2748.0   1.71    22.2    1.38     11082    5.6   9.2346e-01    5.6    21491
  511.0  2794.4   2.82    29.9    1.32     62244    1.8   5.1870e+00    1.8    38123
  518.5  2835.5   1.71    65.5    0.79     49026    1.5   4.0855e+00    1.5    23934
  530.6  2901.3   1.79    20.7    0.54     10249    5.6   8.5408e-01    5.6    22144
  538.9  2947.1   1.75   277.3    1.75    647044    0.2   5.3920e+01    0.2    18476
  541.6  2961.7   1.75    20.7    1.75     18177    3.4   1.5147e+00    3.4    17449
  545.0  2980.0   1.75   179.6    1.75    268773    0.4   2.2398e+01    0.4    18476
  550.8  3012.0   1.76     3.3    1.75       918   58.5   7.6483e-02   58.5    18476
  558.0  3051.3   1.75    63.7    0.65     41759    1.4   3.4799e+00    1.4    13882
  568.9  3111.2   1.79   190.5    0.94    330156    0.3   2.7513e+01    0.3    13942
  576.7  3153.4   2.02    19.0    1.46      7980    4.8   6.6504e-01    4.8    13098
  583.9  3192.7   2.03    11.2    1.46      6116    6.5   5.0965e-01    6.5    13098
  588.3  3216.7   2.03    18.6    1.46      9047    4.0   7.5390e-01    4.0    13098
  594.6  3251.6   2.03    12.8    1.46      4750    7.6   3.9586e-01    7.6    13098
  605.2  3309.2   1.80    17.6    2.27     51612    1.3   4.3010e+00    1.3    11408
  607.6  3322.5   1.81   179.8    2.27    319987    0.4   2.6666e+01    0.4    10774
  612.4  3349.0   1.81     9.6    2.27      1651   27.8   1.3757e-01   27.8    11408
  616.3  3370.2   1.81    26.0    2.27     10617    4.6   8.8478e-01    4.6    11408
  622.6  3404.5   1.79     7.4    2.15      7063    7.0   5.8859e-01    7.0     8251
  624.1  3412.5   1.80    67.4    2.15     61451    1.1   5.1209e+00    1.1     8251
  627.1  3429.2   1.80    94.8    2.15     90371    0.8   7.5309e+00    0.8     8736
  631.2  3451.6   1.80    11.5    2.15      3877   11.3   3.2305e-01   11.3     8251
  641.0  3505.4   1.91     4.5    1.29      1529   17.8   1.2741e-01   17.8     6136
  644.4  3523.9   1.91    41.8    1.29     27461    1.6   2.2884e+00    1.6     5813
  645.7  3530.7   1.91     5.6    1.29      4988    7.0   4.1569e-01    7.0     6136
  651.5  3562.7   1.91    17.4    1.29      4885    5.8   4.0705e-01    5.8     6136
  655.7  3585.3   1.91    11.7    1.29      3569    7.6   2.9746e-01    7.6     6136
  658.7  3601.8   1.92     4.0    1.29       772   33.5   6.4293e-02   33.5     6136
  673.3  3681.9   1.82     4.0    1.55      1344   18.5   1.1196e-01   18.5     5453
  679.2  3714.2   1.82     7.8    1.55      1867   13.9   1.5561e-01   13.9     5453
  690.0  3773.1   1.97     3.5    1.17       662   34.5   5.5197e-02   34.5     5448
  698.4  3819.3   1.98    24.7    1.17      8151    3.4   6.7929e-01    3.4     5175
  708.6  3874.9   1.84     5.0    2.34      1102   24.8   9.1813e-02   24.8     5480
  714.4  3906.7   1.84     9.3    2.34      2036   13.5   1.6966e-01   13.5     5480
  721.4  3945.0   1.85   201.5    2.34    334652    0.3   2.7888e+01    0.3     5480
  726.3  3971.9   1.85    28.5    2.34      8156    4.3   6.7966e-01    4.3     5480
  733.9  4013.1   1.86    20.2    2.75     12065    3.0   1.0054e+00    3.0     4141
  735.9  4023.9   1.86    22.4    2.75     13283    2.6   1.1069e+00    2.6     4141
  743.8  4067.2   1.86     6.3    2.75       866   29.9   7.2201e-02   29.9     4141
  751.2  4108.0   1.81     8.5    0.96      1585   14.3   1.3210e-01   14.3     3106
  756.0  4134.0   1.81    11.7    0.96      2446    9.5   2.0384e-01    9.5     3106
  762.9  4171.6   1.82     3.6    0.96       609   35.6   5.0779e-02   35.6     3106
  765.5  4185.8   1.82     4.8    0.96       850   25.8   7.0848e-02   25.8     3106
  768.7  4203.5   1.82    13.7    0.96      2322   10.5   1.9352e-01   10.5     3106
  782.0  4276.6   1.87     6.9    1.07      1067   29.1   8.8947e-02   29.1     4151
  789.0  4314.4   1.88    15.7    1.07      3157   11.0   2.6310e-01   11.0     4151
  792.7  4335.0   1.88    67.3    1.07     41809    1.2   3.4841e+00    1.2     3933
  796.6  4356.1   1.88     5.9    1.07      1136   27.9   9.4643e-02   27.9     3933
  798.5  4366.4   1.88    18.1    1.07      5634    6.0   4.6948e-01    6.0     4151
  808.7  4422.5   2.04     5.1    1.53      2233   10.4   1.8604e-01   10.4     3293
  811.2  4435.9   2.05    14.1    1.53      4093    6.3   3.4109e-01    6.3     3293
  821.0  4489.7   2.27     3.6    1.61       558   37.5   4.6533e-02   37.5     3345
  828.3  4529.7   2.28    28.2    1.61     14111    2.3   1.1759e+00    2.3     3345
  835.9  4571.3   1.92     9.6    1.30      2783    6.6   2.3189e-01    6.6     2717
  839.1  4588.6   1.92     5.2    1.30      1276   12.5   1.0632e-01   12.5     2717
  844.6  4618.9   1.92     4.4    1.30       372   42.7   3.0964e-02   42.7     2574
  850.3  4649.6   1.93     3.4    1.30       305   48.3   2.5455e-02   48.3     2717
  855.9  4680.5   1.93     3.9    1.30       608   25.7   5.0680e-02   25.7     2717
  880.2  4813.3   2.31    10.0    2.10      1997   10.3   1.6644e-01   10.3     2882
  885.5  4842.5   2.31    16.1    2.10      4414    5.5   3.6783e-01    5.5     3013
  892.0  4878.1   2.31     3.7    2.10       883   22.5   7.3610e-02   22.5     2882
  902.6  4935.9   1.96     5.9    1.03       781   19.4   6.5058e-02   19.4     2338
  911.6  4984.9   1.96     7.7    1.03      1436   11.1   1.1967e-01   11.1     2338
  924.8  5057.1   2.09    27.2    1.11      8032    2.9   6.6934e-01    2.9     2213
  929.6  5083.6   2.09     5.2    1.11       968   18.8   8.0648e-02   18.8     2324
  931.3  5092.7   2.09     7.8    1.11      2260    8.9   1.8834e-01    8.9     2213
  934.6  5110.9   2.09     4.7    1.11      1257   14.8   1.0475e-01   14.8     2213
  938.8  5133.8   2.10    15.0    1.11      3024    6.6   2.5203e-01    6.6     2213
  951.8  5205.0   1.99     5.3    0.98       619   22.5   5.1607e-02   22.5     2140
  955.5  5225.2   1.99     3.7    0.98       380   34.1   3.1655e-02   34.1     2140
  964.6  5274.8   2.00     3.7    0.98       330   39.5   2.7526e-02   39.5     2140
  968.6  5297.0   2.00     5.1    0.98       717   19.6   5.9764e-02   19.6     2140
  986.6  5395.1   2.04     7.8    1.31      1494    9.7   1.2448e-01    9.7     2035
  992.8  5429.1   2.05    11.9    1.31      1990    7.3   1.6582e-01    7.3     2035
 1002.6  5483.0   2.05     9.3    1.31      1435    9.8   1.1957e-01    9.8     2035
 1007.9  5511.6   2.06    14.5    1.31      2302    6.6   1.9182e-01    6.6     2035
 1012.0  5534.3   2.06     9.0    1.31      1178   12.1   9.8125e-02   12.1     2035
 1026.7  5614.6   2.02    30.5    0.87      8424    2.5   7.0196e-01    2.5     1917
 1033.9  5653.9   2.03     7.9    0.87      1078   12.8   8.9793e-02   12.8     1917
 1036.0  5665.4   2.03     9.3    0.87      1887    7.8   1.5722e-01    7.8     1917
 1044.0  5709.2   2.03    10.4    0.87      1714    8.6   1.4284e-01    8.6     1917
 1070.5  5854.0   2.11    10.5    1.18      1684    8.3   1.4033e-01    8.3     1759
 1080.7  5909.8   2.12    10.9    1.18      1847    7.4   1.5395e-01    7.4     1847
 1089.4  5957.5   2.12     7.0    1.18       818   16.0   6.8174e-02   16.0     1847
 1106.3  6050.1   2.18    16.7    1.20      4608    4.6   3.8400e-01    4.6     1920
 1108.8  6063.7   2.18     6.0    1.20      2192    8.7   1.8271e-01    8.7     1833
 1120.3  6126.3   2.09     6.8    1.07       834   16.1   6.9469e-02   16.1     1730
 1124.1  6147.1   2.09     5.0    1.07       498   25.2   4.1526e-02   25.2     1647
 1133.8  6200.2   2.10     4.6    1.07       522   25.5   4.3472e-02   25.5     1647
 1143.8  6254.9   2.19     6.0    1.34       917   15.7   7.6433e-02   15.7     1894
 1150.7  6292.7   2.19    13.1    1.34      2357    6.7   1.9644e-01    6.7     1808
 1158.0  6332.9   2.20     3.6    1.34       694   21.1   5.7855e-02   21.1     1894
 1167.9  6386.9   2.32     4.9    1.27       702   19.3   5.8474e-02   19.3     1686
 1175.6  6428.9   2.32     4.6    1.27       437   29.3   3.6451e-02   29.3     1686
 1183.6  6472.9   2.33    10.3    1.27      1913    8.1   1.5942e-01    8.1     1686
 1199.1  6557.3   2.14     3.6    1.07       348   37.3   2.8959e-02   37.3     1712
 1207.5  6603.2   2.14     7.9    1.07      1380   10.5   1.1503e-01   10.5     1712
 1230.6  6729.8   2.16     8.4    1.72      1420   10.6   1.1834e-01   10.6     1594
 1240.1  6781.8   2.16     4.7    1.72       493   27.0   4.1122e-02   27.0     1594
 1253.9  6856.9   2.22    27.5    1.13      7228    3.1   6.0234e-01    3.1     1481
 1274.4  6969.3   2.18     9.5    1.02      1319   11.0   1.0989e-01   11.0     1129
 1293.1  7071.7   1.90     4.7    1.12       281   30.7   2.3432e-02   30.7      861
 1299.8  7108.0   1.91     4.2    1.12       260   32.2   2.1686e-02   32.2      815
 1305.3  7138.2   1.91     5.6    1.12       385   21.9   3.2100e-02   21.9      861
 1312.3  7176.2   1.91    12.6    1.12      1211    8.9   1.0089e-01    8.9      861
 1323.3  7236.9   2.34    20.8    0.68      5179    3.4   4.3161e-01    3.4      908
 1326.4  7253.8   2.34     9.0    0.68       900   15.1   7.4999e-02   15.1      949
 1344.3  7351.3   2.66     9.5    1.32      1487    8.5   1.2388e-01    8.5      888
 1355.9  7415.0   2.67     3.9    1.32       487   20.7   4.0569e-02   20.7      888
 1362.3  7449.8   2.68    10.4    1.32      1424    8.5   1.1870e-01    8.5      888
 1377.4  7532.3   2.23    13.4    1.34      1974    6.5   1.6452e-01    6.5      760
 1381.4  7554.7   2.24    11.4    1.34      1214    8.9   1.0119e-01    8.9      760
 1387.3  7586.8   2.24    10.2    1.34      1461    7.6   1.2177e-01    7.6      760
 1394.9  7628.2   2.24     5.8    1.34       652   15.5   5.4317e-02   15.5      760
 1405.8  7687.6   2.26     5.2    1.13       942   26.5   7.8497e-02   26.5     1062
 1408.3  7701.5   2.27     5.0    1.13       977   25.4   8.1424e-02   25.4     1062
 1422.4  7778.8   2.28     7.1    0.67       762   12.9   6.3542e-02   12.9      516
 1441.9  7885.3   2.29     4.5    0.97       298   33.1   2.4835e-02   33.1      628
 1446.0  7907.8   2.29     9.2    0.97      1038   10.7   8.6526e-02   10.7      628
 1457.5  7970.3   2.41    13.9    1.23      3839    3.6   3.1990e-01    3.6      445
 1460.6  7987.7   2.42    25.7    1.23      7305    2.6   6.0876e-01    2.6      445
 1468.8  8032.3   2.42     6.4    1.23       573   13.2   4.7749e-02   13.2      445
 1476.6  8074.8   2.43    23.9    1.23      6317    2.6   5.2639e-01    2.6      465
 1485.8  8125.4   2.43     3.4    1.23       239   29.2   1.9909e-02   29.2      445
 1495.8  8180.3   2.43     9.3    1.12      1191    8.2   9.9219e-02    8.2      431
 1501.0  8208.3   2.43    12.3    1.12      1514    6.9   1.2616e-01    6.9      413
 1504.0  8225.1   2.43     7.8    1.12       400   21.2   3.3319e-02   21.2      431
 1508.9  8251.8   2.44     5.6    1.12       274   31.1   2.2843e-02   31.1      431
 1528.2  8357.2   2.34     9.1    0.86       934    9.2   7.7806e-02    9.2      300
 1553.4  8495.2   2.36     3.3    1.58       239   31.6   1.9911e-02   31.6      289
 1557.9  8519.6   2.36     7.8    1.58       761   11.9   6.3433e-02   11.9      289
 1571.3  8592.7   2.38    12.4    1.19      1283    6.2   1.0693e-01    6.2      246
 1579.0  8635.3   2.38     3.5    1.19       204   25.2   1.6960e-02   25.2      246
 1582.8  8655.9   2.38     3.6    1.19       137   34.8   1.1426e-02   34.8      246
 1593.0  8711.6   2.39     4.5    1.19       509   12.0   4.2433e-02   12.0      246
 1600.8  8754.1   2.40     4.4    1.19       236   22.1   1.9706e-02   22.1      246
 1610.1  8805.2   2.39     7.2    1.20       282   21.4   2.3472e-02   21.4      181
 1613.1  8821.6   2.39     6.2    1.20       606   10.4   5.0507e-02   10.4      181
 1622.2  8871.3   2.40     4.6    1.20       400   15.2   3.3316e-02   15.2      181
 1637.5  8954.9   2.41     3.6    1.79       300   23.7   2.4996e-02   23.7      231
 1653.3  9041.5   2.42     8.8    1.07       853    8.5   7.1081e-02    8.5      127
 1672.8  9148.3   2.43     5.8    0.90       374   14.8   3.1173e-02   14.8      138
 1677.5  9173.7   2.43     3.5    0.90       115   39.6   9.6067e-03   39.6      138
 1683.3  9205.7   2.43     5.6    0.90       443   12.7   3.6952e-02   12.7      132
 1688.2  9232.4   2.44     4.5    0.90       319   16.8   2.6545e-02   16.8      132
 1707.7  9338.9   2.45     3.6    0.97       149   24.1   1.2456e-02   24.1       82
 1715.5  9381.4   2.45     4.0    0.97       172   19.8   1.4357e-02   19.8       79
 1720.2  9407.5   2.46     4.9    0.97       361   11.6   3.0071e-02   11.6       79
 1729.3  9457.2   2.46     3.9    0.97       110   29.6   9.2009e-03   29.6       82
 1733.9  9482.0   2.47     3.4    0.97       124   27.2   1.0372e-02   27.2       82
 1740.2  9516.6   2.47     5.9    0.97       285   14.9   2.3727e-02   14.9       82
 1757.2  9609.6   2.48     5.0    1.30       107   40.0   8.9063e-03   40.0       97
 1764.1  9647.5   2.48     3.9    1.30       680    9.5   5.6694e-02    9.5      101
 1767.0  9663.3   2.49     7.3    1.30       762    8.5   6.3516e-02    8.5       97
 1786.4  9769.3   2.50     3.4    1.10       105   33.0   8.7588e-03   33.0       67
 1791.6  9797.5   2.50     3.7    1.10       179   20.9   1.4944e-02   20.9       69
 1798.1  9833.2   2.50     6.3    1.10       466   10.2   3.8833e-02   10.2       67
 1802.0  9854.9   2.51     4.2    1.10       329   13.3   2.7454e-02   13.3       67
 1805.9  9875.9   2.51     5.7    1.10       123   27.1   1.0264e-02   27.1       67
 1811.8  9908.4   2.51     3.5    1.10       149   24.1   1.2415e-02   24.1       69
 1815.7  9929.5   2.52     3.9    1.10       135   26.5   1.1250e-02   26.5       69
 1847.4 10102.9   2.53     3.7    1.14        75   41.2   6.2620e-03   41.2       49
 1854.0 10139.1   2.54     3.5    1.14        60   50.5   5.0224e-03   50.5       49
 1892.0 10347.0   2.56     3.3    1.03        71   45.7   5.9137e-03   45.7       55
 1919.3 10495.9   2.58     3.9    0.96       255   16.3   2.1236e-02   16.3       48
 1942.4 10622.7   2.59     3.6    0.89        79   40.6   6.5650e-03   40.6       50
 2103.1 11501.3   2.69     3.3    1.09       136   22.3   1.1315e-02   22.3       49
 2118.1 11583.4   2.70     3.5    1.09        47   53.6   3.9345e-03   53.6       49
 2203.6 12050.7   2.75     5.1    1.16       209   18.6   1.7423e-02   18.6       45
 2447.0 13382.1   2.90     3.5    1.11        48   57.0   4.0101e-03   57.0       32
 2613.9 14294.6   3.10    11.0    0.54      1102    5.7   9.1859e-02    5.7        8

   indicates the Iterative Peak Width fitting reached a limiting value.
