
                       be used for evaluation purposes
                                                            16-Oct-2019 14:32
                       _________________________________

                       P E A K     F I T     R E P O R T
                       _________________________________

 Spectrum file Analysed: AM_Ir02_IDM3_jobscript_060-079 
 Sample Title :                                                  

 Spectrum saved on 16-Oct-2019 at 14:32    Collected on 27-Feb-2019 at  3:49
 Sample  Taken  on 26-Feb-2019 at 23:58    Decayed      0 Days,     0 mins.

            Detector file number used:     5
            Energy     Calibration Performed on  8-Mar-2019 at 12:01
            Peak Shape Calibration Performed on  8-Mar-2019 at 12:02

 

   Datetime:  26-Feb-2019  23:58
   Live:      12000.0 
   Mass:      277
   Shelf:     40
   Detector:      5

   Reported Activity values were rounded     
   FitzPeaks Version: 3.71 23rd January 2014           
                                                                                                     
              


 Peak   Centre   FW@HM         Goodness   Peak      %      Gammas       %      2 Sigma
Energy  Channel  (KeV)  Signif  of Fit    Area   Uncert.  per sec.   Uncert. Background

   32.5   177.5   1.43     3.5    1.18      5163   58.7   4.3025e-01   58.7   621119
   54.1   295.4   1.73    22.2    7.94     67924   26.0   5.6603e+00   26.0  1794413
   61.2   334.3   1.48    17.7   51.02    555743   15.4   4.6312e+01   15.4  1196528
   63.0   344.0   1.48   390.8   51.02   8147761    1.1   6.7898e+02    1.1  1116760
   64.6   352.9   1.48   910.3   51.02  13155595    0.7   1.0963e+03    0.7  1116760
   71.1   388.6   1.56    19.6   11.92    263806    9.5   2.1984e+01    9.5   479109
   73.2   399.7   1.56   633.4   11.92   5133696    0.5   4.2781e+02    0.5   479109
   75.3   411.4   1.56   208.8   11.92   1556164    1.6   1.2968e+02    1.6   479109
   82.1   448.4   1.47   263.2    1.37    741267    0.4   6.1772e+01    0.4   216512
   84.6   462.1   1.48    30.7    1.37     64476    3.1   5.3730e+00    3.1   202078
   87.2   476.6   1.48    15.0    1.37     17101   11.9   1.4251e+00   11.9   216512
   94.0   513.4   1.47   253.5    1.50    713756    0.4   5.9480e+01    0.4   195857
   96.2   525.9   1.47   156.4    1.50    391705    0.6   3.2642e+01    0.6   182800
  113.4   619.9   1.48   180.0    1.08    353133    0.6   2.9428e+01    0.6   181326
  129.1   705.9   1.54   186.4    2.07    414178    0.6   3.4515e+01    0.6   211195
  140.8   769.5   1.48   214.2    1.94    476645    0.5   3.9720e+01    0.5   186609
  146.9   802.8   1.50     5.7    1.31      5747   26.7   4.7888e-01   26.7   176804
  172.1   940.6   1.51   197.1    1.55    410475    0.5   3.4206e+01    0.5   166510
  176.3   963.6   1.52    66.4    1.55     96487    2.0   8.0406e+00    2.0   166510
  178.8   977.7   1.52    77.9    1.55    113140    1.7   9.4283e+00    1.7   166510
  181.1   990.0   1.52     6.8    1.55     15648   11.8   1.3040e+00   11.8   177610
  186.6  1019.9   1.52   178.4    1.55    381337    0.6   3.1778e+01    0.6   166510
  187.6  1025.3   1.52    10.5    1.55     53312    3.9   4.4426e+00    3.9   166510
  190.7  1042.5   1.52    17.2    1.55     16229   11.3   1.3524e+00   11.3   166510
  197.1  1077.8   1.83    13.3    1.60     21665    7.6   1.8055e+00    7.6   173340
  203.7  1113.6   1.48    36.9    2.84     38174    4.9   3.1812e+00    4.9   134179
  208.7  1141.2   1.48    12.4    2.84     12225   15.6   1.0188e+00   15.6   134179
  212.8  1163.2   1.49    12.9    2.84      9302   20.5   7.7517e-01   20.5   134179
  219.7  1201.2   1.61    71.3    7.88     84856    2.7   7.0714e+00    2.7   128143
  223.3  1220.6   1.62    92.6    7.88    143457    1.4   1.1955e+01    1.4   128143
  234.0  1279.1   1.55     3.8    1.59      1968   58.1   1.6403e-01   58.1   109360
  243.4  1330.9   1.56   216.6    0.95    508440    0.4   4.2370e+01    0.4    98146
  245.2  1340.5   1.56    15.2    0.95     48704    2.9   4.0587e+00    2.9    92012
  252.3  1379.6   1.78     4.2    3.55      3132   32.9   2.6102e-01   32.9    84854
  258.4  1412.9   1.79    21.6    3.55     23203    4.4   1.9336e+00    4.4    89846
  263.3  1439.5   1.79     3.7    3.55      3664   27.8   3.0530e-01   27.8    84854
  268.6  1468.7   1.79   104.5    3.55    216408    0.7   1.8034e+01    0.7    89846
  276.6  1512.2   1.58     3.5    2.71      4317   22.1   3.5976e-01   22.1    69956
  284.4  1555.1   1.60    10.9    3.89     10000    8.8   8.3330e-01    8.8    63093
  288.3  1576.3   1.60    10.0    3.89      6073   13.3   5.0609e-01   13.3    63093
  293.8  1606.6   1.61    23.6    3.89     38752    2.9   3.2294e+00    2.9    63093
  295.8  1617.5   1.61    21.3    3.89     36769    3.0   3.0641e+00    3.0    63093
  300.4  1642.6   1.61   143.8    3.89    235805    0.5   1.9650e+01    0.5    63093
  308.5  1686.5   1.75    33.4    1.63     31251    3.2   2.6043e+00    3.2    60552
  317.3  1734.6   1.86   111.3   13.62    270042    0.9   2.2503e+01    0.9    64006
  324.6  1774.7   1.61     3.5    0.72      2339   36.3   1.9489e-01   36.3    54512
  328.5  1796.3   1.61   106.7    0.72    144545    0.8   1.2045e+01    0.8    54512
  343.2  1876.7   1.67    11.6    3.54      7756   11.0   6.4635e-01   11.0    60512
  351.2  1920.3   1.68   152.2    3.54    233713    0.6   1.9476e+01    0.6    60512
  359.9  1968.0   1.63   201.7    1.08    386586    0.4   3.2215e+01    0.4    51134
  361.1  1974.5   1.63     9.2    1.08     29541    3.3   2.4617e+00    3.3    54330
  365.0  1995.9   1.63     3.4    1.08      1578   45.2   1.3152e-01   45.2    51134
  371.2  2029.7   1.64    54.9    1.08     45076    1.8   3.7563e+00    1.8    51134
  380.0  2077.7   1.64     8.4    0.68      4334   15.6   3.6114e-01   15.6    42895
  397.3  2172.3   1.66    21.1    1.15     12232    5.8   1.0194e+00    5.8    39011
  403.9  2208.3   1.66    71.5    1.15     65271    1.2   5.4392e+00    1.2    39011
  407.2  2226.3   1.67     8.0    1.15     51202    1.6   4.2668e+00    1.6    39011
  409.4  2238.7   1.67   217.3    1.15    452051    0.3   3.7671e+01    0.3    39011
  420.6  2300.0   1.66     5.8    1.49      2451   27.3   2.0429e-01   27.3    32482
  431.1  2357.3   1.89    17.2    1.45     12076    5.8   1.0064e+00    5.8    33015
  445.0  2433.5   1.67     5.5    1.10      3112   17.4   2.5931e-01   17.4    24519
  447.9  2448.9   1.67    10.0    1.10      4118   13.1   3.4319e-01   13.1    23077
  456.5  2496.1   1.66   131.1    0.99    165067    0.6   1.3756e+01    0.6    25338
  468.1  2559.5   1.69    47.3    0.62     29759    2.0   2.4799e+00    2.0    20606
  477.6  2611.6   1.70     9.0    1.31      3766   13.0   3.1384e-01   13.0    20198
  479.9  2624.1   1.70     4.5    1.31      2079   21.4   1.7327e-01   21.4    19010
  484.7  2650.5   1.70     9.3    1.31      3142   14.6   2.6186e-01   14.6    20198
  493.6  2699.1   2.05    17.9    1.77     11627    9.7   9.6892e-01    9.7    23537
  502.6  2748.2   1.68    12.6    1.22      5178    9.6   4.3147e-01    9.6    18753
  502.6  2748.2   1.68    12.6    1.22      5178    9.6   4.3147e-01    9.6    18753
  511.0  2794.3   2.75    25.5    0.91     49538    3.4   4.1282e+00    3.4    32878
  518.5  2835.4   1.70    62.6    1.03     49041    1.4   4.0867e+00    1.4    18988
  530.6  2901.3   1.74    16.6    0.76      7687    6.4   6.4055e-01    6.4    18227
  538.9  2947.1   1.75   244.0    1.14    619772    0.2   5.1648e+01    0.2    15515
  541.6  2961.8   1.75    10.6    1.14     17820    3.6   1.4850e+00    3.6    14653
  545.0  2980.0   1.75   141.0    1.14    209334    0.5   1.7444e+01    0.5    15515
  558.0  3051.4   1.76    64.9    0.66     41784    1.4   3.4820e+00    1.4    10969
  569.0  3111.2   1.80   174.2    0.88    265527    0.4   2.2127e+01    0.4    10867
  576.6  3153.1   2.00    17.7    1.52      7117    4.7   5.9304e-01    4.7    10424
  583.7  3192.1   2.00    11.3    1.52      5577    6.6   4.6475e-01    6.6    10424
  588.3  3216.8   2.00    21.1    1.52      8699    3.9   7.2488e-01    3.9    10424
  594.6  3251.2   2.01    11.3    1.52      3521    9.0   2.9343e-01    9.0    10424
  605.2  3309.3   1.82    23.2    2.21     51756    1.3   4.3130e+00    1.3     9069
  607.6  3322.6   1.82   159.3    2.21    248758    0.4   2.0730e+01    0.4     8565
  612.5  3349.3   1.82    13.1    2.21      2042   20.6   1.7019e-01   20.6     9069
  616.3  3370.0   1.82    16.8    2.21      5363    8.0   4.4696e-01    8.0     9069
  622.7  3405.1   1.79     7.3    1.59      6468    7.0   5.3897e-01    7.0     7192
  624.1  3412.7   1.79    66.3    1.59     57102    1.0   4.7585e+00    1.0     7192
  627.1  3429.2   1.79    84.2    1.59     70085    0.9   5.8405e+00    0.9     7192
  631.1  3451.0   1.80    14.3    1.59      3505   11.0   2.9204e-01   11.0     7192
  640.9  3504.6   2.11     5.1    2.09      1181   21.7   9.8452e-02   21.7     5353
  644.6  3524.8   2.11    37.6    2.09     25439    1.8   2.1199e+00    1.8     5098
  651.5  3562.8   2.11    15.4    2.09      4005    7.2   3.3377e-01    7.2     5098
  655.8  3586.0   2.11    10.6    2.09      3456    7.5   2.8804e-01    7.5     5098
  659.1  3604.1   2.12     3.5    2.09       782   31.3   6.5205e-02   31.3     5098
  673.6  3683.2   1.82     6.9    1.66      1173   19.6   9.7773e-02   19.6     4404
  679.2  3714.2   1.82     6.4    1.66      1396   16.6   1.1637e-01   16.6     4404
  689.8  3772.1   1.86     3.7    0.90       426   45.3   3.5524e-02   45.3     3941
  698.4  3819.3   1.87    22.5    0.90      6044    3.9   5.0366e-01    3.9     3941
  708.6  3875.1   1.84     6.2    1.69       882   24.3   7.3506e-02   24.3     4044
  714.6  3907.5   1.85     7.6    1.69      1729   12.3   1.4407e-01   12.3     4269
  721.4  3945.0   1.85   177.6    1.69    259377    0.4   2.1615e+01    0.4     4044
  726.4  3972.0   1.85    27.7    1.69      7791    3.4   6.4928e-01    3.4     4044
  729.6  3989.5   1.85     3.3    1.69       837   25.6   6.9765e-02   25.6     4269
  733.8  4013.0   1.86    15.6    1.69      8970    3.1   7.4751e-01    3.1     4044
  735.9  4024.0   1.86    19.0    1.69      9968    3.0   8.3065e-01    3.0     4044
  743.8  4067.2   1.85     3.8    1.48       777   20.9   6.4723e-02   20.9     2813
  751.3  4108.4   1.85     7.9    1.48      1202   13.2   1.0013e-01   13.2     2813
  756.0  4134.0   1.86     7.6    1.48      1573   10.1   1.3107e-01   10.1     2813
  763.1  4173.1   1.86     3.5    1.48       567   26.4   4.7255e-02   26.4     2813
  765.4  4185.7   1.86     3.6    1.48       747   19.9   6.2251e-02   19.9     2813
  768.7  4203.8   1.87    13.1    1.48      2400    6.9   2.0001e-01    6.9     2813
  772.1  4222.3   1.87     3.8    1.48       363   43.1   3.0224e-02   43.1     2813
  782.0  4276.5   1.89     6.4    1.18      1051   18.2   8.7575e-02   18.2     2898
  788.9  4314.1   1.89    13.6    1.18      2783    7.2   2.3193e-01    7.2     2745
  792.7  4334.9   1.89    59.5    1.18     32923    1.1   2.7436e+00    1.1     2745
  796.0  4353.0   1.90     5.8    1.18       864   21.5   7.2025e-02   21.5     2745
  798.4  4366.0   1.90    17.2    1.18      4425    4.9   3.6876e-01    4.9     2745
  808.9  4423.2   2.14     4.1    1.35      1666   13.5   1.3887e-01   13.5     2850
  811.1  4435.5   2.14    10.5    1.35      3248    7.2   2.7069e-01    7.2     2850
  821.2  4490.8   2.26     4.3    1.70       553   31.0   4.6068e-02   31.0     2599
  828.4  4530.1   2.27    22.7    1.70     11573    2.2   9.6441e-01    2.2     2599
  836.0  4571.5   2.27     9.2    1.70      2426    7.9   2.0220e-01    7.9     2717
  839.2  4589.1   2.27     7.4    1.70      1448   12.7   1.2066e-01   12.7     2599
  855.8  4680.1   1.93     4.7    1.06       353   50.1   2.9420e-02   50.1     2238
  880.1  4812.6   2.33     9.3    1.96      1599   11.8   1.3329e-01   11.8     2391
  885.5  4842.4   2.34    12.2    1.96      3661    5.4   3.0508e-01    5.4     2391
  892.2  4878.8   2.34     3.8    1.96       812   21.4   6.7686e-02   21.4     2391
  902.7  4936.2   1.96     4.8    1.13       665   20.6   5.5432e-02   20.6     1940
  911.6  4984.8   1.96     7.1    1.13      1229   12.2   1.0241e-01   12.2     1940
  924.8  5057.2   2.06    24.7    1.03      6310    3.5   5.2584e-01    3.5     1825
  929.5  5083.1   2.06     5.3    1.03       755   21.2   6.2943e-02   21.2     1825
  931.3  5092.6   2.06     7.2    1.03      1878    9.2   1.5648e-01    9.2     1825
  934.6  5111.0   2.07     4.0    1.03       982   16.2   8.1814e-02   16.2     1825
  938.8  5133.9   2.07    12.8    1.03      2443    7.3   2.0357e-01    7.3     1825
  951.8  5204.9   1.99     4.2    0.89       467   31.0   3.8900e-02   31.0     1743
  955.8  5226.9   1.99     3.6    0.89       321   44.9   2.6768e-02   44.9     1743
  969.0  5298.9   2.00     4.9    1.04       617   26.5   5.1451e-02   26.5     1921
  986.5  5394.6   2.15     6.6    1.09      1275   10.4   1.0622e-01   10.4     1722
  992.8  5429.2   2.15     9.2    1.09      1574    8.5   1.3118e-01    8.5     1722
 1002.7  5483.2   2.16     7.2    1.09      1138   11.4   9.4835e-02   11.4     1722
 1007.8  5511.5   2.16    12.2    1.09      2041    7.5   1.7005e-01    7.5     1722
 1012.1  5534.6   2.16     6.1    1.09       929   14.2   7.7408e-02   14.2     1722
 1026.7  5614.6   2.07    24.9    1.07      6501    2.8   5.4176e-01    2.8     1629
 1033.9  5653.7   2.08     7.8    1.07       891   14.6   7.4275e-02   14.6     1551
 1036.1  5665.8   2.08    10.4    1.07      1844    7.7   1.5366e-01    7.7     1551
 1044.0  5709.3   2.08     9.1    1.07      1393   10.1   1.1612e-01   10.1     1551
 1070.5  5853.9   2.14     7.7    0.98      1196   10.4   9.9704e-02   10.4     1479
 1080.7  5909.8   2.14    10.4    0.98      1446    8.5   1.2054e-01    8.5     1553
 1089.4  5957.3   2.15     4.6    0.98       610   18.9   5.0839e-02   18.9     1553
 1106.3  6049.9   2.30    12.2    0.93      3684    5.1   3.0698e-01    5.1     1584
 1108.8  6063.5   2.30     4.4    0.93      1785    9.5   1.4874e-01    9.5     1656
 1120.3  6126.5   2.09     6.6    1.01       926   13.5   7.7149e-02   13.5     1422
 1124.1  6147.5   2.09     3.7    1.01       461   25.7   3.8380e-02   25.7     1422
 1133.6  6199.5   2.10     4.8    1.01       529   22.2   4.4118e-02   22.2     1422
 1143.8  6255.1   2.22     5.6    1.24       662   15.9   5.5197e-02   15.9     1471
 1150.6  6292.4   2.23    10.1    1.24      2017    6.3   1.6806e-01    6.3     1404
 1158.9  6337.6   2.23     3.4    1.24       666   16.8   5.5499e-02   16.8     1404
 1167.7  6385.6   2.24     4.1    1.24       500   20.2   4.1700e-02   20.2     1404
 1175.8  6429.8   2.24     5.8    1.24       417   24.3   3.4751e-02   24.3     1471
 1183.6  6472.7   2.25    10.0    1.24      1668    7.2   1.3898e-01    7.2     1471
 1194.9  6534.5   2.14     3.7    1.10       249   45.6   2.0753e-02   45.6     1324
 1198.8  6555.8   2.14     3.5    1.10       389   29.5   3.2434e-02   29.5     1324
 1207.5  6603.2   2.14     7.6    1.10      1153   10.8   9.6119e-02   10.8     1324
 1218.8  6665.1   2.15     3.3    0.93       183   53.2   1.5236e-02   53.2     1326
 1230.6  6729.8   2.16     8.5    0.93      1109   10.3   9.2389e-02   10.3     1326
 1239.9  6780.4   2.16     3.4    0.93       425   24.6   3.5443e-02   24.6     1326
 1253.9  6857.1   2.19    23.7    1.09      5535    3.7   4.6123e-01    3.7     1331
 1274.4  6969.2   2.14    11.4    0.80      1363    9.5   1.1359e-01    9.5      934
 1293.1  7071.6   2.11     3.7    1.13       202   41.9   1.6837e-02   41.9      796
 1300.0  7109.2   2.12     3.8    1.13       246   33.0   2.0518e-02   33.0      796
 1305.1  7137.0   2.12     4.2    1.13       341   25.5   2.8392e-02   25.5      759
 1312.3  7176.2   2.12    10.1    1.13      1021   10.3   8.5104e-02   10.3      796
 1323.3  7236.9   2.39    17.0    1.24      4143    4.1   3.4523e-01    4.1      751
 1326.4  7253.6   2.39     8.3    1.24       649   18.8   5.4065e-02   18.8      751
 1344.3  7351.6   2.23     8.3    1.37       918   10.7   7.6472e-02   10.7      653
 1355.9  7415.2   2.23     3.7    1.37       321   24.2   2.6729e-02   24.2      685
 1362.3  7450.1   2.24    10.0    1.37       994    9.6   8.2831e-02    9.6      685
 1377.4  7532.6   2.22    13.2    1.29      1959    5.9   1.6326e-01    5.9      607
 1381.4  7554.3   2.22     8.4    1.29       888   10.8   7.3973e-02   10.8      607
 1387.3  7586.4   2.22    10.0    1.29      1151    8.8   9.5927e-02    8.8      607
 1395.1  7629.5   2.23     5.6    1.29       569   16.0   4.7386e-02   16.0      607
 1407.4  7696.7   2.27     5.2    2.28       528   55.4   4.3982e-02   55.4     1563
 1422.5  7779.0   2.28     7.8    0.81       598   15.3   4.9837e-02   15.3      415
 1446.0  7907.5   2.29     9.1    1.12       731   14.8   6.0917e-02   14.8      684
 1457.5  7970.5   2.40    11.4    1.12      3141    3.9   2.6177e-01    3.9      347
 1460.7  7987.8   2.40    24.9    1.12      7393    2.3   6.1612e-01    2.3      347
 1468.8  8032.4   2.41     6.6    1.12       503   14.1   4.1945e-02   14.1      347
 1476.6  8074.8   2.41    19.4    1.12      4739    3.0   3.9493e-01    3.0      362
 1485.1  8121.5   2.42     3.6    1.12       226   27.0   1.8852e-02   27.0      347
 1495.7  8179.7   2.32     8.2    1.09       974    9.0   8.1186e-02    9.0      335
 1501.0  8208.4   2.32     9.9    1.09      1183    7.5   9.8613e-02    7.5      335
 1504.1  8225.2   2.33     7.7    1.09       285   26.1   2.3716e-02   26.1      335
 1508.9  8251.5   2.33     5.0    1.09       274   27.0   2.2869e-02   27.0      335
 1528.2  8357.3   2.34     8.7    1.05       730    9.9   6.0802e-02    9.9      251
 1536.1  8400.6   2.34     3.4    1.05       105   53.3   8.7820e-03   53.3      251
 1557.8  8519.3   2.36     7.2    1.52       550   15.2   4.5822e-02   15.2      301
 1571.3  8593.0   2.37     9.7    1.06       995    7.0   8.2939e-02    7.0      185
 1579.2  8636.2   2.37     4.0    1.06       262   18.5   2.1792e-02   18.5      185
 1582.8  8655.7   2.37     5.2    1.06       109   38.8   9.1203e-03   38.8      185
 1587.9  8684.0   2.38     3.3    1.06       131   30.9   1.0949e-02   30.9      185
 1593.0  8711.9   2.38     3.3    1.06       485   11.4   4.0388e-02   11.4      185
 1600.8  8754.3   2.38     4.2    1.06       221   21.2   1.8383e-02   21.2      185
 1610.0  8804.4   2.39     3.3    1.06       193   24.5   1.6115e-02   24.5      185
 1612.9  8820.3   2.39     5.8    1.06       481   11.6   4.0120e-02   11.6      185
 1622.2  8871.5   2.40     3.5    1.08       280   20.5   2.3308e-02   20.5      158
 1637.8  8956.7   2.41     3.6    1.93       197   30.9   1.6410e-02   30.9      181
 1653.4  9041.8   2.42     7.7    0.95       653    8.3   5.4407e-02    8.3      109
 1663.4  9096.8   2.42     3.3    0.95        97   34.2   8.1158e-03   34.2      114
 1672.9  9148.6   2.43     5.4    0.95       318   13.4   2.6470e-02   13.4      109
 1677.7  9174.9   2.43     3.6    0.95        96   36.9   7.9664e-03   36.9      114
 1683.2  9205.0   2.43     4.3    0.95       377   12.2   3.1439e-02   12.2      114
 1688.2  9232.1   2.44     4.5    0.95       250   16.9   2.0800e-02   16.9      114
 1707.9  9340.1   2.45     3.3    1.23        78   39.4   6.4789e-03   39.4       97
 1720.2  9407.3   2.46     4.9    1.23       283   14.2   2.3558e-02   14.2       97
 1729.4  9457.4   2.46     3.4    1.23        98   31.5   8.1953e-03   31.5       97
 1740.2  9516.4   2.47     5.3    1.23       196   19.1   1.6341e-02   19.1       97
 1757.5  9611.2   2.48     3.3    0.78       137   27.2   1.1458e-02   27.2       70
 1764.2  9647.8   2.48     5.2    0.78       685    8.3   5.7120e-02    8.3       70
 1766.9  9662.7   2.49     5.6    0.78       627    8.9   5.2240e-02    8.9       70
 1786.4  9769.2   2.50     3.3    1.03        74   47.7   6.2021e-03   47.7       85
 1791.6  9797.9   2.50     4.0    1.03       126   29.1   1.0534e-02   29.1       85
 1797.8  9831.9   2.50     4.7    1.03       335   13.2   2.7902e-02   13.2       85
 1802.0  9854.6   2.51     4.3    1.03       212   19.7   1.7644e-02   19.7       89
 1805.9  9875.8   2.51     3.6    1.03        81   46.1   6.7210e-03   46.1       85
 1812.1  9910.1   2.51     3.6    1.03        87   43.1   7.2813e-03   43.1       85
 1847.4 10102.8   2.53     3.7    1.06        91   33.8   7.5983e-03   33.8       42
 1853.3 10135.4   2.54     3.4    1.06        60   48.0   5.0052e-03   48.0       44
 1919.2 10495.4   2.58     5.1    0.86       246   16.3   2.0516e-02   16.3       49
 2102.7 11498.9   2.69     3.9    0.98       128   28.2   1.0637e-02   28.2       58
 2203.6 12051.1   2.75     4.1    1.04       209   17.3   1.7454e-02   17.3       39
 2447.1 13382.9   2.90     3.8    0.79        66   40.1   5.5198e-03   40.1       23
 2613.8 14294.6   3.07    11.3    0.85      1147    6.0   9.5583e-02    6.0       13

   indicates the Iterative Peak Width fitting reached a limiting value.
