
                       be used for evaluation purposes
                                                            15-Oct-2019 15:53
                       _________________________________

                       P E A K     F I T     R E P O R T
                       _________________________________

 Spectrum file Analysed: AM_Ir03_IDM2_jobscript_030-044 
 Sample Title :                                                  

 Spectrum saved on 15-Oct-2019 at 15:53    Collected on 26-Feb-2019 at 20:38
 Sample  Taken  on 26-Feb-2019 at 17:39    Decayed      0 Days,     0 mins.

            Detector file number used:     4
            Energy     Calibration Performed on  8-Mar-2019 at 11:45
            Peak Shape Calibration Performed on  8-Mar-2019 at 11:47

 

   Datetime:  26-Feb-2019  17:39
   Live:      9000.00 
   Mass:      377
   Shelf:     32
   Detector:      4

   Reported Activity values were rounded     
   FitzPeaks Version: 3.71 23rd January 2014           
                                                                                                     
              


 Peak   Centre   FW@HM         Goodness   Peak      %      Gammas       %      2 Sigma
Energy  Channel  (KeV)  Signif  of Fit    Area   Uncert.  per sec.   Uncert. Background

   61.8   336.6   1.15    11.2  101.13    262350   28.1   2.9150e+01   28.1   820463
   63.4   345.6   1.16   544.1  101.13   5827193    1.4   6.4747e+02    1.4   820463
   65.0   354.4   1.16   876.9  101.13   9680733    0.8   1.0756e+03    0.8   820463
   69.6   379.5   1.26     8.8   51.29     20704   30.3   2.3004e+00   30.3   300704
   71.3   388.8   1.27    17.3   51.29    143001    4.8   1.5889e+01    4.8   300704
   73.6   401.2   1.27   518.0   51.29   4043561    0.2   4.4928e+02    0.2   300704
   75.7   413.0   1.27   246.1   51.29   1252927    0.5   1.3921e+02    0.5   277573
   82.5   449.9   1.17   219.4    3.12    584811    0.4   6.4979e+01    0.4   139216
   85.0   463.7   1.17    33.7    3.12     44181    3.7   4.9090e+00    3.7   139216
   87.6   477.8   1.17    13.7    3.12     13227   12.5   1.4697e+00   12.5   139216
   94.4   515.0   1.16   222.5    1.32    574209    0.4   6.3801e+01    0.4   129840
   96.7   527.6   1.16   154.6    1.32    315378    0.6   3.5042e+01    0.6   119020
  113.9   621.5   1.17   140.8    0.83    286284    0.6   3.1809e+01    0.6   119170
  129.6   707.3   1.22   164.2    3.71    330237    1.5   3.6693e+01    1.5   140015
  138.5   756.1   1.19     5.6    1.00      6675   20.9   7.4162e-01   20.9   127174
  141.2   770.8   1.20   190.8    1.00    397725    0.5   4.4192e+01    0.5   127174
  147.2   803.7   1.16     4.5    0.98      5010   22.6   5.5662e-01   22.6   123305
  172.3   941.0   1.22   175.2    1.28    336279    0.5   3.7364e+01    0.5   117279
  176.5   963.8   1.22    66.3    1.28     81367    1.5   9.0408e+00    1.5   117279
  179.0   977.9   1.22    74.0    1.28     93959    1.3   1.0440e+01    1.3   117279
  181.3   990.0   1.23    12.0    1.28     13465    9.0   1.4961e+00    9.0   117279
  186.7  1019.9   1.23   156.9    1.37    319033    0.6   3.5448e+01    0.6   108168
  187.7  1025.5   1.23     9.1    1.37     38023    3.9   4.2248e+00    3.9   117182
  190.8  1042.4   1.23    17.0    1.37     14891    8.9   1.6545e+00    8.9   117182
  197.2  1077.0   1.45    10.1    1.80     13396    9.7   1.4884e+00    9.7   116032
  203.8  1113.1   1.29    36.7    2.42     35217    3.0   3.9130e+00    3.0    89478
  205.9  1124.8   1.29     7.1    2.42      5632   17.1   6.2583e-01   17.1    89478
  208.8  1140.8   1.29    12.4    2.42     13011    7.2   1.4457e+00    7.2    89478
  212.7  1162.2   1.30    10.2    2.42      8490   10.1   9.4335e-01   10.1    89478
  216.5  1183.0   1.30     4.9    2.42      3400   25.2   3.7779e-01   25.2    96361
  219.7  1200.4   1.30    61.8    2.42     72256    1.5   8.0284e+00    1.5    89478
  222.0  1212.9   1.30     7.3    2.42     11936    8.4   1.3262e+00    8.4    89478
  223.3  1220.1   1.31    80.3    2.42    118737    1.0   1.3193e+01    1.0    89478
  225.7  1233.2   1.31     5.0    2.42      5758   15.6   6.3978e-01   15.6    89478
  235.6  1287.3   1.28     3.9    1.87      1530   57.0   1.6998e-01   57.0    70904
  238.8  1304.7   1.28     3.8    1.87      2651   32.3   2.9455e-01   32.3    70904
  243.4  1329.9   1.29   189.3    1.87    426318    0.3   4.7369e+01    0.3    70904
  245.2  1339.6   1.29    11.3    1.87     23423    4.2   2.6026e+00    4.2    70904
  252.4  1378.9   1.25     3.5    0.75      1386   54.1   1.5395e-01   54.1    55409
  258.3  1411.5   1.29    24.9    1.63     17991    4.1   1.9990e+00    4.1    52489
  263.3  1438.4   1.30     5.5    1.63      1760   38.1   1.9550e-01   38.1    52489
  268.0  1464.4   1.30     6.9    1.63     57832    1.6   6.4258e+00    1.6    52489
  268.8  1468.9   1.30    85.1    1.63    117868    0.9   1.3096e+01    0.9    52489
  276.1  1508.8   1.27     4.0    1.10      1464   47.7   1.6268e-01   47.7    47031
  284.4  1554.3   1.35    12.2    6.83      8667    7.4   9.6296e-01    7.4    43261
  288.2  1575.0   1.36     9.0    6.83      5138   12.3   5.7088e-01   12.3    46589
  293.7  1604.8   1.36    49.0    6.83     56703    1.7   6.3003e+00    1.7    46589
  295.8  1616.5   1.36    26.7    6.83     30883    3.0   3.4315e+00    3.0    43261
  300.4  1641.4   1.37   133.3    6.83    203248    0.6   2.2583e+01    0.6    43261
  308.4  1685.4   1.37    34.4    3.04     26406    3.4   2.9340e+00    3.4    40013
  316.5  1729.7   1.31     9.5    1.08     70686    1.4   7.8540e+00    1.4    39380
  317.4  1734.8   1.31    93.0    1.08    155275    0.7   1.7253e+01    0.7    39380
  324.6  1774.1   1.35     3.4    1.45      1854   38.5   2.0595e-01   38.5    40934
  328.5  1795.1   1.35   142.8    1.45    231568    0.5   2.5730e+01    0.5    40934
  343.2  1875.7   1.39    10.8    1.38      6321   10.6   7.0238e-01   10.6    41589
  351.2  1919.2   1.41   134.9    5.44    190832    1.7   2.1204e+01    1.7    47280
  359.9  1967.0   1.39   170.4    1.42    322763    0.5   3.5863e+01    0.5    40491
  361.1  1973.5   1.39    10.9    1.42     30345    2.9   3.3716e+00    2.9    37599
  365.1  1995.4   1.39     3.6    1.42      1968   37.3   2.1865e-01   37.3    40491
  371.2  2028.8   1.37    49.1    1.54     34571    2.2   3.8412e+00    2.2    34675
  380.0  2076.9   1.35     7.1    0.72      3194   17.1   3.5487e-01   17.1    31642
  397.3  2171.7   1.36    18.5    0.99      9094    6.0   1.0105e+00    6.0    26315
  403.9  2207.3   1.42    66.9    1.67     54912    1.5   6.1013e+00    1.5    27618
  407.2  2225.5   1.42    26.4    1.67     40907    2.0   4.5452e+00    2.0    29591
  409.4  2237.7   1.43   197.5    1.67    376870    0.4   4.1874e+01    0.4    27618
  420.7  2299.5   1.39     4.9    1.31      2178   23.8   2.4196e-01   23.8    22775
  431.0  2356.0   1.63    15.5    0.98      9459    5.8   1.0510e+00    5.8    24212
  445.0  2432.1   1.41     8.1    0.87      2579   16.2   2.8652e-01   16.2    17830
  447.7  2447.4   1.41     8.2    0.87      3264   12.8   3.6271e-01   12.8    17830
  456.4  2494.8   1.44   121.6    1.24    139234    1.0   1.5470e+01    1.0    18764
  459.4  2510.8   1.45     7.4    1.24      2924   41.6   3.2490e-01   41.6    18764
  468.0  2558.0   1.46    44.8    1.02     26637    2.0   2.9597e+00    2.0    15288
  477.5  2609.9   1.43     9.6    1.27      3511   10.9   3.9013e-01   10.9    14861
  479.8  2622.8   1.44     4.7    1.27      1636   22.3   1.8174e-01   22.3    14861
  484.6  2649.0   1.44     7.6    1.27      2748   13.9   3.0530e-01   13.9    14861
  493.5  2697.7   1.74    13.9    2.76      9761    5.8   1.0846e+00    5.8    17136
  502.5  2746.6   1.48    23.3    0.74     10547    4.4   1.1719e+00    4.4    14567
  510.9  2792.7   2.92    21.7    2.89     51628    1.9   5.7365e+00    1.9    26740
  518.4  2833.9   1.46    54.9    2.89     38007    1.5   4.2230e+00    1.5    13370
  530.4  2899.6   1.57    16.6    1.05      6800    6.4   7.5553e-01    6.4    13856
  538.8  2945.5   1.53   217.4    3.09    522222    0.3   5.8025e+01    0.3    11987
  541.5  2960.3   1.53    14.0    3.09     14989    4.1   1.6655e+00    4.1    11987
  544.9  2978.4   1.54   126.9    3.09    178393    0.6   1.9821e+01    0.6    11987
  557.9  3049.8   1.52    51.9    1.05     32837    1.5   3.6485e+00    1.5     8461
  568.9  3109.7   1.58   136.1    1.20    224265    0.4   2.4918e+01    0.4     8796
  576.6  3151.7   1.82    13.4    1.72      5952    4.9   6.6138e-01    4.9     8120
  583.7  3190.8   1.82    10.5    1.72      4582    7.0   5.0907e-01    7.0     8120
  588.3  3215.9   1.83    15.1    1.72      7946    3.7   8.8289e-01    3.7     8120
  594.5  3249.8   1.83    10.6    1.72      3692    7.6   4.1019e-01    7.6     8120
  605.1  3307.6   1.60    33.2    3.12     40516    1.4   4.5018e+00    1.4     7304
  607.5  3321.1   1.60   129.1    3.12    213876    0.5   2.3764e+01    0.5     7304
  612.3  3347.5   1.61     7.5    3.12      1608   22.4   1.7867e-01   22.4     6847
  616.2  3368.7   1.61    23.2    3.12      9718    4.3   1.0798e+00    4.3     7304
  622.4  3402.2   1.60     9.0    2.03      5848    6.6   6.4973e-01    6.6     5888
  624.0  3411.1   1.60    55.4    2.03     49672    1.1   5.5191e+00    1.1     5888
  627.0  3427.7   1.60    66.5    2.03     60027    0.9   6.6696e+00    0.9     5888
  631.0  3449.7   1.60    10.4    2.03      2808   12.2   3.1202e-01   12.2     5888
  641.2  3505.3   1.88     3.9    2.51      1033   25.7   1.1481e-01   25.7     4992
  644.6  3524.0   1.89    33.2    2.51     26421    2.1   2.9357e+00    2.1     4729
  651.5  3561.5   1.46    15.7    1.22      2857    7.4   3.1748e-01    7.4     3624
  655.7  3584.3   1.46    11.2    1.22      2381    8.1   2.6452e-01    8.1     3624
  658.8  3601.4   1.46     3.6    1.22       434   41.7   4.8248e-02   41.7     3624
  668.9  3656.7   1.59     3.5    1.28       522   34.3   5.7998e-02   34.3     3425
  671.8  3672.6   1.59     5.1    1.28       639   27.9   7.1049e-02   27.9     3211
  673.6  3682.5   1.59     3.8    1.28      1074   16.8   1.1934e-01   16.8     3211
  678.8  3711.1   1.60     6.8    1.28      1324   14.2   1.4707e-01   14.2     3425
  698.3  3817.5   1.66    19.2    0.91      4860    7.9   5.3999e-01    7.9     3541
  708.6  3873.9   1.62     5.6    1.31       989   25.6   1.0993e-01   25.6     3137
  714.2  3904.4   1.63     7.0    1.31      1370   18.7   1.5225e-01   18.7     3137
  721.3  3943.2   1.67   147.8    2.74    224142    0.6   2.4905e+01    0.6     3196
  726.2  3970.2   1.67    20.5    2.74      6236    4.7   6.9285e-01    4.7     3196
  729.3  3986.9   1.67     3.3    2.74       744   33.4   8.2648e-02   33.4     3196
  733.7  4011.0   1.68    17.8    2.74      7772    3.8   8.6352e-01    3.8     3196
  735.7  4022.1   1.68    19.6    2.74      8662    3.5   9.6248e-01    3.5     3196
  743.5  4065.0   1.65     5.7    1.47       745   20.3   8.2786e-02   20.3     2354
  751.2  4106.6   1.66     5.8    1.47      1046   13.6   1.1624e-01   13.6     2501
  755.9  4132.7   1.66     7.7    1.47      1478   10.7   1.6421e-01   10.7     2501
  765.2  4183.4   1.67     3.4    1.49       490   33.3   5.4486e-02   33.3     2264
  768.6  4201.8   1.67     9.2    1.49      1678   10.2   1.8648e-01   10.2     2264
  771.8  4219.4   1.68     3.4    1.49       297   53.8   3.3007e-02   53.8     2264
  782.0  4275.1   1.73     5.9    1.59       825   22.2   9.1649e-02   22.2     2365
  788.7  4312.1   1.74    11.2    1.59      2387    8.0   2.6526e-01    8.0     2365
  792.6  4333.0   1.74    55.6    1.59     28474    1.2   3.1637e+00    1.2     2504
  796.1  4352.3   1.74     7.0    1.59       826   21.2   9.1818e-02   21.2     2365
  798.3  4364.2   1.74    15.9    1.59      3869    5.3   4.2988e-01    5.3     2365
  805.8  4405.6   1.82     3.7    1.00       331   49.7   3.6743e-02   49.7     2100
  808.6  4420.8   1.82     6.6    1.00      1547   11.1   1.7187e-01   11.1     2100
  811.0  4433.9   1.83    12.6    1.00      2945    6.4   3.2720e-01    6.4     2100
  821.1  4489.3   2.06     3.4    1.58       449   37.0   4.9909e-02   37.0     2294
  828.2  4528.1   2.07    21.4    1.58      9676    2.8   1.0751e+00    2.8     2294
  835.7  4569.1   1.73     9.6    1.60      2045    8.8   2.2719e-01    8.8     1838
  839.1  4587.7   1.73     8.1    1.60      1035   15.7   1.1500e-01   15.7     1838
  855.5  4677.3   1.74     3.4    1.68       343   47.2   3.8161e-02   47.2     1777
  880.1  4811.5   2.12     7.2    1.65      1311   12.1   1.4567e-01   12.1     2062
  885.4  4841.0   2.12    13.1    1.65      2955    6.3   3.2832e-01    6.3     1964
  891.5  4874.2   2.13     3.4    1.65       551   28.1   6.1269e-02   28.1     2062
  902.6  4934.6   1.78     5.6    0.99       538   22.9   5.9767e-02   22.9     1604
  911.5  4983.3   1.79     6.7    0.99      1055   12.2   1.1718e-01   12.2     1698
  924.7  5055.7   1.87    22.3    1.16      5116    3.8   5.6845e-01    3.8     1598
  929.7  5082.8   1.88     5.7    1.16       695   22.2   7.7223e-02   22.2     1598
  931.3  5091.9   1.88    11.9    1.16      2674    6.2   2.9710e-01    6.2     1598
  934.6  5109.9   1.88     4.1    1.16       795   18.2   8.8323e-02   18.2     1598
  938.7  5132.5   1.89    17.2    1.16      4075    4.8   4.5274e-01    4.8     1687
  952.0  5204.9   1.82     3.4    1.10       336   41.9   3.7322e-02   41.9     1551
  968.5  5295.3   1.84     4.1    1.03       492   28.6   5.4704e-02   28.6     1528
  986.6  5394.3   1.88     7.1    0.96       980   11.4   1.0892e-01   11.4     1399
  992.7  5427.7   1.89     8.9    0.96      1263    9.3   1.4033e-01    9.3     1399
 1000.1  5468.2   1.89     3.3    0.96       324   30.6   3.6002e-02   30.6     1399
 1002.7  5482.1   1.90     6.6    0.96       953   11.6   1.0589e-01   11.6     1326
 1007.8  5510.3   1.90    10.9    0.96      1606    7.5   1.7843e-01    7.5     1399
 1012.0  5533.3   1.90     6.5    0.96       812   14.4   9.0274e-02   14.4     1399
 1026.7  5613.5   1.98    20.9    0.83      5655    3.6   6.2828e-01    3.6     1348
 1034.0  5653.3   1.89     6.6    0.97       700   17.7   7.7803e-02   17.7     1330
 1036.0  5664.3   1.89     8.0    0.97      1367    9.4   1.5188e-01    9.4     1330
 1044.1  5708.6   1.90     8.9    0.97      1068   11.9   1.1870e-01   11.9     1330
 1070.6  5853.3   1.92     6.7    0.88       955   11.0   1.0610e-01   11.0     1267
 1080.7  5908.7   1.93     8.8    0.88      1181    8.9   1.3126e-01    8.9     1267
 1089.3  5955.6   1.94     4.4    0.88       554   17.9   6.1550e-02   17.9     1267
 1106.4  6049.4   2.34    10.5    0.94      3332    5.4   3.7020e-01    5.4     1430
 1108.9  6063.1   2.34     4.3    0.94      1404   11.6   1.5598e-01   11.6     1368
 1120.4  6125.8   1.96     6.3    0.81       712   15.0   7.9077e-02   15.0     1157
 1124.0  6145.5   1.96     3.8    0.81       369   27.3   4.1001e-02   27.3     1157
 1134.0  6200.4   1.97     3.6    0.81       308   32.9   3.4273e-02   32.9     1157
 1143.9  6254.2   2.03     4.7    1.00       527   20.5   5.8501e-02   20.5     1244
 1150.8  6291.9   2.04    18.3    1.00      3342    4.3   3.7131e-01    4.3     1244
 1158.2  6332.7   2.05     3.4    1.00       476   23.8   5.2838e-02   23.8     1244
 1168.0  6385.9   2.15     4.9    1.07       441   24.4   4.9008e-02   24.4     1172
 1175.7  6428.1   2.15     3.4    1.07       457   22.4   5.0795e-02   22.4     1172
 1183.7  6471.8   2.16    12.0    1.07      2107    6.1   2.3408e-01    6.1     1172
 1207.6  6602.6   2.03     8.7    1.03       887   12.4   9.8593e-02   12.4     1088
 1219.1  6665.4   2.04     3.4    1.03       258   37.3   2.8715e-02   37.3     1088
 1230.8  6729.5   2.05     7.4    1.27       949   11.8   1.0550e-01   11.8     1129
 1240.1  6780.5   2.06     4.5    1.27       389   26.8   4.3176e-02   26.8     1129
 1254.0  6856.2   2.20    22.0    1.38      4819    4.2   5.3545e-01    4.2     1146
 1274.6  6969.0   2.09     7.2    0.88       781   14.5   8.6814e-02   14.5      770
 1293.5  7072.3   2.26     3.9    1.04       343   24.9   3.8065e-02   24.9      671
 1299.9  7107.3   2.27     4.3    1.04       311   25.4   3.4506e-02   25.4      671
 1305.2  7136.7   2.27     3.6    1.04       277   28.0   3.0803e-02   28.0      671
 1312.2  7174.8   2.28     8.3    1.04       962    9.3   1.0688e-01    9.3      671
 1316.5  7198.2   2.28     3.4    1.04       214   36.4   2.3832e-02   36.4      671
 1323.5  7236.3   2.29    16.5    1.04      3616    3.6   4.0174e-01    3.6      671
 1326.6  7253.4   2.29     8.0    1.04       586   15.8   6.5141e-02   15.8      701
 1344.3  7350.0   2.15     6.7    0.93       664   29.0   7.3797e-02   29.0      794
 1362.6  7450.3   2.16     9.7    1.25       770   13.8   8.5594e-02   13.8      573
 1377.6  7532.2   2.19    10.9    1.19      1475    6.7   1.6385e-01    6.7      541
 1381.6  7554.2   2.19     7.8    1.19       694   13.1   7.7139e-02   13.1      541
 1387.5  7586.4   2.19     7.7    1.19      1033    9.3   1.1476e-01    9.3      541
 1395.2  7628.4   2.20     3.9    1.19       411   19.7   4.5652e-02   19.7      541
 1407.9  7698.3   2.20     7.8    2.52       735   35.4   8.1703e-02   35.4     1093
 1422.7  7778.9   2.21     5.9    0.95       534   15.7   5.9365e-02   15.7      351
 1442.1  7884.9   2.38     3.3    1.09       223   29.6   2.4772e-02   29.6      352
 1446.0  7906.6   2.38     5.0    1.09       765   10.2   8.5025e-02   10.2      352
 1449.9  7927.9   2.38     3.7    1.09       158   39.7   1.7537e-02   39.7      352
 1457.6  7969.9   2.39     9.7    1.09      2730    4.1   3.0335e-01    4.1      368
 1460.8  7987.1   2.39    20.6    1.09      5826    2.7   6.4728e-01    2.7      368
 1468.8  8031.3   2.40     7.8    1.09       865    9.2   9.6153e-02    9.2      352
 1476.7  8074.1   2.40    16.7    1.09      4304    3.1   4.7822e-01    3.1      368
 1486.2  8126.1   2.26     3.4    1.24       130   43.0   1.4476e-02   43.0      302
 1496.0  8179.7   2.27     5.2    1.24       744    9.8   8.2612e-02    9.8      302
 1501.0  8207.3   2.27     7.4    1.24       932    8.5   1.0354e-01    8.5      302
 1504.0  8223.8   2.28     6.6    1.24       226   27.3   2.5127e-02   27.3      302
 1509.2  8252.0   2.28     3.5    1.24       187   32.9   2.0726e-02   32.9      302
 1528.4  8357.1   2.30     8.0    0.74       640   10.6   7.1159e-02   10.6      212
 1536.3  8400.3   2.30     3.3    0.74       138   36.2   1.5308e-02   36.2      222
 1558.1  8519.3   2.32     7.1    1.35       422   17.7   4.6920e-02   17.7      278
 1571.3  8591.8   2.33     9.2    1.26       848    8.4   9.4234e-02    8.4      207
 1579.4  8635.9   2.34     4.4    1.26       153   36.1   1.6997e-02   36.1      198
 1593.1  8710.6   2.35     5.7    1.02       359   15.9   3.9919e-02   15.9      183
 1601.3  8755.6   2.36     4.2    1.02       167   31.2   1.8605e-02   31.2      183
 1610.4  8805.5   2.36     6.2    0.91       197   23.3   2.1909e-02   23.3      144
 1613.3  8821.1   2.37     6.2    0.91       419   12.9   4.6600e-02   12.9      144
 1622.3  8870.3   2.37     4.7    0.91       362   14.8   4.0222e-02   14.8      144
 1635.4  8942.2   2.38     6.3    0.97       170   28.3   1.8922e-02   28.3      121
 1638.1  8957.1   2.39     3.9    0.97       202   23.9   2.2394e-02   23.9      121
 1653.4  9040.7   2.40     9.4    1.09       601    9.9   6.6771e-02    9.9       97
 1673.0  9147.7   2.42     5.4    1.26       207   22.5   2.3053e-02   22.5      116
 1683.3  9204.4   2.42     4.7    1.26       290   16.4   3.2216e-02   16.4      116
 1688.4  9232.2   2.43     4.9    1.26       188   23.6   2.0890e-02   23.6      121
 1708.0  9339.1   2.44     3.3    1.23        84   35.0   9.3085e-03   35.0       83
 1720.5  9407.5   2.45     4.4    1.23       241   15.0   2.6781e-02   15.0       80
 1729.6  9457.2   2.46     3.5    1.23        81   37.2   9.0209e-03   37.2       83
 1740.4  9516.4   2.47     5.0    1.23       171   20.2   1.9028e-02   20.2       83
 1764.3  9646.9   2.49     5.4    0.96       564   10.6   6.2638e-02   10.6      109
 1767.0  9662.1   2.49     4.6    0.96       526   11.3   5.8479e-02   11.3      109
 1786.0  9766.0   2.51     3.6    1.04        78   49.7   8.7029e-03   49.7      109
 1791.7  9796.7   2.51     3.5    1.04        92   42.7   1.0235e-02   42.7      109
 1797.7  9829.9   2.52     5.2    1.04       235   20.5   2.6144e-02   20.5      109
 1802.2  9854.4   2.52     3.4    1.04       141   32.2   1.5703e-02   32.2      114
 1815.9  9929.5   2.53     3.5    1.15        73   53.5   8.1300e-03   53.5       86
 1847.3 10101.0   2.56     3.3    0.74        68   44.5   7.5115e-03   44.5       47
 1919.2 10494.4   2.62     4.1    0.86       170   22.4   1.8845e-02   22.4       53
 2102.9 11498.9   2.77     3.9    0.97       116   27.9   1.2833e-02   27.9       34
 2203.4 12048.3   2.85     4.0    0.73       201   17.7   2.2342e-02   17.7       36
 2446.6 13378.5   3.05     3.4    0.82        46   56.0   5.1175e-03   56.0       27
 2613.7 14292.4   3.05    12.0    0.89       928    6.3   1.0315e-01    6.3       13

   indicates the Iterative Peak Width fitting reached a limiting value.
