
                       be used for evaluation purposes
                                                            15-Oct-2019 16:13
                       _________________________________

                       P E A K     F I T     R E P O R T
                       _________________________________

 Spectrum file Analysed: AM_Ir03_IDM2_jobscript_090-102 
 Sample Title :                                                  

 Spectrum saved on 15-Oct-2019 at 16:13    Collected on 27-Feb-2019 at  8:23
 Sample  Taken  on 27-Feb-2019 at  6:01    Decayed      0 Days,     0 mins.

            Detector file number used:     4
            Energy     Calibration Performed on  8-Mar-2019 at 11:45
            Peak Shape Calibration Performed on  8-Mar-2019 at 11:47

 

   Datetime:  27-Feb-2019   6:01
   Live:      7800.00 
   Mass:      377
   Shelf:     32
   Detector:      4

   Reported Activity values were rounded     
   FitzPeaks Version: 3.71 23rd January 2014           
                                                                                                     
              


 Peak   Centre   FW@HM         Goodness   Peak      %      Gammas       %      2 Sigma
Energy  Channel  (KeV)  Signif  of Fit    Area   Uncert.  per sec.   Uncert. Background

   54.6   297.2   1.30    12.3    1.02     17414   42.6   2.2325e+00   42.6   676966
   61.7   336.4   1.15    23.1   91.10    270761    5.6   3.4713e+01    5.6   382603
   63.4   345.5   1.16   450.9   91.10   3782699    0.5   4.8496e+02    0.5   382603
   65.0   354.4   1.16   706.2   91.10   6085775    0.3   7.8023e+02    0.3   382603
   69.6   379.5   1.25     8.1   27.59     21182   18.5   2.7156e+00   18.5   177722
   71.4   389.0   1.25    29.6   27.59    125226    3.3   1.6055e+01    3.3   164051
   73.6   401.2   1.25   416.9   27.59   2499371    0.2   3.2043e+02    0.2   164051
   75.7   413.0   1.26   198.9   27.59    770347    0.6   9.8762e+01    0.6   164051
   82.5   450.1   1.15   188.6    1.95    392551    0.4   5.0327e+01    0.4    82035
   85.0   463.8   1.15    27.9    1.95     25875    4.5   3.3173e+00    4.5    82035
   87.6   477.8   1.15     8.9    1.95      7280   16.1   9.3330e-01   16.1    82035
   94.4   515.0   1.15   140.4    1.02    238268    0.6   3.0547e+01    0.6    76390
   96.7   527.5   1.15   139.6    1.02    243426    0.6   3.1208e+01    0.6    70024
  113.9   621.5   1.16    94.9    0.72    117856    1.0   1.5110e+01    1.0    71957
  129.6   707.3   1.20   147.4    1.79    251867    0.6   3.2291e+01    0.6    81079
  138.5   756.1   1.19     4.2    0.81      4295   23.4   5.5062e-01   23.4    75451
  141.2   770.8   1.19   115.8    0.81    164598    0.8   2.1102e+01    0.8    75451
  147.2   803.6   1.16     4.5    1.06      2290   38.7   2.9353e-01   38.7    74621
  172.3   941.0   1.21   160.4    1.13    258689    0.5   3.3165e+01    0.5    73036
  176.5   963.9   1.21    38.1    1.13     32935    2.9   4.2224e+00    2.9    73036
  179.1   978.0   1.21    68.4    1.13     71731    1.4   9.1963e+00    1.4    73036
  181.3   990.2   1.22     5.8    1.13      5133   17.4   6.5807e-01   17.4    73036
  186.7  1020.0   1.22   119.3    1.34    185871    0.7   2.3830e+01    0.7    67265
  187.7  1025.5   1.22     9.1    1.34     30257    3.7   3.8791e+00    3.7    72871
  190.9  1042.7   1.22     8.2    1.34      5550   17.6   7.1155e-01   17.6    67265
  197.2  1077.2   1.45    10.8    2.71     11697    9.4   1.4996e+00    9.4    71768
  203.8  1113.0   1.26    20.0    2.45     13875    5.9   1.7788e+00    5.9    51988
  206.0  1125.2   1.26     5.7    2.45      4312   17.4   5.5288e-01   17.4    56320
  208.8  1140.6   1.26    11.0    2.45      9391    7.9   1.2040e+00    7.9    56320
  212.8  1162.4   1.27     5.6    2.45      2329   30.3   2.9859e-01   30.3    56320
  216.6  1183.2   1.27     4.8    2.45      1586   44.5   2.0331e-01   44.5    56320
  219.7  1200.4   1.27    57.3    2.45     54175    1.6   6.9455e+00    1.6    56320
  222.1  1213.1   1.27     8.6    2.45      8218    9.3   1.0536e+00    9.3    56320
  223.4  1220.5   1.28    49.3    2.45     51591    1.7   6.6142e+00    1.7    56320
  243.4  1329.9   1.27   120.3    1.63    174047    0.7   2.2314e+01    0.7    37456
  245.2  1339.6   1.28    10.6    1.63     25160    3.7   3.2257e+00    3.7    40578
  258.3  1411.6   1.46    10.3    1.30      7521    8.8   9.6421e-01    8.8    38472
  268.6  1467.7   1.52    69.9   11.42    137338    1.3   1.7607e+01    1.3    33744
  276.1  1508.6   1.27     4.7    1.32      1914   28.4   2.4542e-01   28.4    28287
  284.4  1554.2   1.39     7.8    6.54      3765   12.8   4.8274e-01   12.8    27658
  288.3  1575.4   1.39     7.9    6.54      3448   13.5   4.4208e-01   13.5    27658
  293.7  1605.0   1.40    31.0    6.54     33546    2.9   4.3007e+00    2.9    27658
  295.8  1616.6   1.40    23.7    6.54     26869    4.1   3.4448e+00    4.1    27658
  300.4  1641.5   1.40    76.1    6.54     84896    1.2   1.0884e+01    1.2    27658
  308.5  1685.6   1.39    32.4    1.66     22670    2.9   2.9064e+00    2.9    25422
  316.5  1729.7   1.30     9.3    1.06     58440    1.4   7.4923e+00    1.4    23507
  317.5  1734.8   1.30    42.4    1.06     64456    1.3   8.2636e+00    1.3    23507
  328.5  1795.2   1.34    97.8    1.10    129663    0.7   1.6623e+01    0.7    24874
  343.2  1875.5   1.32     6.0    1.08      2570   19.8   3.2952e-01   19.8    23240
  351.2  1919.3   1.39   121.7    2.66    147235    0.8   1.8876e+01    0.8    25750
  359.9  1967.0   1.37   157.0    1.29    248185    0.5   3.1819e+01    0.5    24864
  361.1  1973.7   1.37     8.9    1.29     16372    4.7   2.0990e+00    4.7    24864
  371.2  2028.9   1.38    47.9    1.22     29386    2.0   3.7675e+00    2.0    19778
  380.0  2076.8   1.35     7.1    0.82      2567   16.3   3.2906e-01   16.3    17917
  397.3  2171.6   1.42    17.7    0.91      7983    5.4   1.0234e+00    5.4    16878
  403.9  2207.4   1.41    39.7    1.46     22877    2.5   2.9329e+00    2.5    14809
  407.1  2225.3   1.41    27.0    1.46     33135    1.8   4.2481e+00    1.8    14809
  409.4  2237.8   1.42   174.6    1.46    291008    0.4   3.7309e+01    0.4    14809
  420.7  2299.2   1.39     7.1    1.25      1388   27.0   1.7792e-01   27.0    13016
  431.1  2356.6   1.40     9.9    1.89      4859    8.4   6.2289e-01    8.4    11323
  445.1  2432.9   1.41     7.0    0.81      1855   16.6   2.3787e-01   16.6     9431
  447.7  2447.3   1.41     9.1    0.81      2591   12.1   3.3212e-01   12.1     9431
  456.4  2494.8   1.43   103.2    1.50    107464    0.7   1.3777e+01    0.7    10424
  468.0  2558.2   1.43    42.7    1.34     22449    2.0   2.8781e+00    2.0     7928
  477.6  2610.5   1.43     5.9    2.37      2163   12.5   2.7731e-01   12.5     8046
  479.9  2623.1   1.44     7.2    2.37      1525   17.5   1.9550e-01   17.5     7509
  484.6  2649.1   1.44     7.9    2.37      2023   12.0   2.5939e-01   12.0     7509
  491.0  2683.9   1.45     3.5    2.37       523   46.1   6.7079e-02   46.1     7509
  493.7  2698.7   1.45     9.7    2.37      4008    7.3   5.1388e-01    7.3     8046
  502.5  2746.6   1.45     6.9    1.00      1702   16.6   2.1819e-01   16.6     7288
  510.9  2792.8   2.93    14.4    2.60     25721    2.8   3.2976e+00    2.8    13255
  518.4  2833.9   1.47    49.9    2.60     32207    1.4   4.1291e+00    1.4     6627
  530.4  2899.6   1.48     9.5    1.03      2708   10.8   3.4716e-01   10.8     6917
  538.8  2945.5   1.51   183.0    2.13    399997    0.3   5.1282e+01    0.3     6016
  541.6  2960.5   1.52    15.2    2.13     10741    4.0   1.3771e+00    4.0     6016
  544.9  2978.5   1.52    78.4    2.13     72295    1.0   9.2685e+00    1.0     6016
  557.9  3049.8   1.52    45.9    1.10     27221    1.4   3.4898e+00    1.4     4052
  568.9  3110.0   1.61   102.1    1.39    104688    0.7   1.3422e+01    0.7     4155
  576.5  3151.6   1.75    15.3    1.28      3941    5.4   5.0531e-01    5.4     3674
  583.5  3190.0   1.75    11.2    1.28      3403    6.1   4.3632e-01    6.1     3890
  588.3  3215.8   1.76    16.2    1.28      6072    3.5   7.7849e-01    3.5     3674
  594.4  3249.5   1.76     8.1    1.28      1507   12.0   1.9322e-01   12.0     3674
  605.1  3307.7   1.59    42.0    1.99     35243    1.4   4.5183e+00    1.4     3441
  607.5  3321.2   1.60    91.2    1.99     88296    0.7   1.1320e+01    0.7     3441
  609.4  3331.3   1.60     5.9    1.99       923   28.2   1.1839e-01   28.2     3441
  612.4  3347.8   1.60     9.5    1.99      1709   14.0   2.1908e-01   14.0     3441
  616.0  3367.6   1.60     7.3    1.99      1357   18.0   1.7395e-01   18.0     3441
  622.2  3401.2   1.60     7.8    1.35      2901    8.5   3.7198e-01    8.5     2897
  624.0  3411.3   1.60    57.2    1.35     37110    1.1   4.7577e+00    1.1     2897
  627.1  3427.9   1.61    46.8    1.35     24135    1.5   3.0943e+00    1.5     2897
  631.0  3449.5   1.61    11.3    1.35      2323   10.0   2.9776e-01   10.0     2716
  640.9  3503.5   1.88     3.7    1.40       380   48.6   4.8776e-02   48.6     2325
  644.7  3524.5   1.89    21.6    1.40     12611    2.4   1.6169e+00    2.4     2325
  651.5  3561.5   1.58     7.7    1.01      1170   12.5   1.5000e-01   12.5     1735
  655.8  3585.0   1.58     6.4    1.01      1327   11.1   1.7013e-01   11.1     1851
  658.9  3602.0   1.58     3.8    1.01       395   34.5   5.0638e-02   34.5     1851
  673.5  3681.8   1.60     3.5    1.57       419   30.8   5.3738e-02   30.8     1746
  679.1  3712.5   1.60     3.4    1.57       531   24.9   6.8015e-02   24.9     1637
  698.4  3818.0   1.79    11.1    0.85      2138    7.8   2.7409e-01    7.8     1756
  708.5  3873.2   1.62     3.5    1.45       293   44.3   3.7532e-02   44.3     1666
  714.4  3905.5   1.63     4.1    1.45       413   34.1   5.2963e-02   34.1     1770
  721.3  3943.3   1.66   101.0    1.26     91150    0.7   1.1686e+01    0.7     1420
  726.2  3970.3   1.67    19.2    1.26      4211    7.0   5.3985e-01    7.0     1420
  733.7  4011.1   1.65    12.3    1.53      3203    4.5   4.1067e-01    4.5     1294
  735.7  4022.2   1.65    11.9    1.53      3572    4.3   4.5789e-01    4.3     1294
  743.6  4065.4   1.65     4.3    1.53       338   28.8   4.3308e-02   28.8     1375
  751.1  4106.2   1.66     3.8    1.53       366   27.3   4.6883e-02   27.3     1294
  755.8  4132.2   1.67     5.5    1.53       582   17.3   7.4565e-02   17.3     1294
  768.7  4202.3   1.46    11.0    1.12      1316   10.7   1.6870e-01   10.7     1219
  782.1  4275.5   1.73     3.6    1.45       291   38.3   3.7313e-02   38.3     1236
  788.9  4312.8   1.74     6.2    1.45       936   12.4   1.1995e-01   12.4     1236
  792.6  4333.2   1.74    33.2    1.45     11513    1.9   1.4760e+00    1.9     1236
  798.2  4364.0   1.74     8.2    1.45      1405    9.2   1.8009e-01    9.2     1308
  808.8  4421.8   1.71     5.9    1.53       578   22.1   7.4061e-02   22.1     1080
  811.0  4433.7   1.71     7.9    1.53      1339   10.8   1.7165e-01   10.8     1080
  821.7  4492.3   2.06     3.3    1.43       290   37.4   3.7146e-02   37.4     1103
  828.5  4529.3   2.07    12.6    1.43      5248    3.4   6.7281e-01    3.4     1103
  835.6  4568.3   2.07     5.0    1.43      1013   11.5   1.2981e-01   11.5     1103
  839.2  4587.8   2.07     4.4    1.43       775   14.5   9.9342e-02   14.5     1103
  880.1  4812.0   1.76     6.0    1.51       426   25.6   5.4651e-02   25.6      957
  885.5  4841.3   1.77     8.2    1.51      1158   10.7   1.4851e-01   10.7      904
  902.8  4935.7   1.78     3.5    1.02       280   31.4   3.5838e-02   31.4      873
  911.4  4982.7   1.79     8.0    1.02       761   13.4   9.7580e-02   13.4      825
  924.8  5056.2   1.89    14.1    1.17      2185    5.9   2.8018e-01    5.9      862
  931.2  5091.0   1.89     9.9    1.17      1570    7.5   2.0122e-01    7.5      862
  934.7  5110.4   1.89     7.1    1.17       459   22.0   5.8801e-02   22.0      910
  938.8  5132.6   1.90    13.9    1.17      2098    6.2   2.6898e-01    6.2      910
  969.0  5297.6   1.84     6.0    0.83       414   25.9   5.3121e-02   25.9      815
  986.7  5394.5   1.85     4.8    1.07       424   21.7   5.4358e-02   21.7      752
  992.8  5427.9   1.86     7.0    1.07       547   17.6   7.0191e-02   17.6      712
 1000.1  5467.9   1.86     5.1    0.93       218   39.4   2.7943e-02   39.4      654
 1002.6  5481.9   1.86     3.5    0.93       388   22.3   4.9766e-02   22.3      654
 1007.9  5510.5   1.87     5.5    0.93       641   14.3   8.2196e-02   14.3      691
 1011.9  5532.8   1.87     4.2    0.93       381   23.3   4.8845e-02   23.3      654
 1026.8  5614.0   1.84    15.3    1.01      2204    5.0   2.8260e-01    5.0      663
 1034.1  5654.1   1.85     6.1    1.01       354   23.2   4.5424e-02   23.2      663
 1036.1  5664.7   1.85     9.8    1.01      1273    7.3   1.6316e-01    7.3      663
 1044.2  5708.9   1.86     5.4    1.01       422   19.0   5.4128e-02   19.0      663
 1070.6  5853.7   1.92     4.7    0.82       397   19.4   5.0921e-02   19.4      661
 1080.7  5908.8   1.93     5.0    0.82       437   16.8   5.6008e-02   16.8      661
 1089.7  5958.2   1.94     4.4    0.82       234   30.7   3.0036e-02   30.7      661
 1106.5  6049.6   1.95     7.2    1.07      1196    9.5   1.5332e-01    9.5      690
 1108.9  6062.8   1.95     6.2    1.07       488   21.2   6.2573e-02   21.2      690
 1120.5  6126.1   1.96     5.4    0.89       521   19.9   6.6840e-02   19.9      675
 1133.9  6199.7   2.08     3.6    0.95       243   32.6   3.1107e-02   32.6      678
 1143.9  6254.4   2.08     4.7    0.95       278   28.6   3.5702e-02   28.6      711
 1150.8  6291.9   2.09    10.5    0.95      1779    6.3   2.2806e-01    6.3      678
 1168.0  6386.4   2.00     3.5    0.98       229   31.9   2.9381e-02   31.9      590
 1175.5  6427.4   2.01     3.3    0.98       219   33.3   2.8027e-02   33.3      590
 1183.6  6471.6   2.01     8.2    0.98      1043    9.1   1.3376e-01    9.1      590
 1199.9  6560.6   2.03     3.6    0.80       215   36.0   2.7565e-02   36.0      602
 1207.7  6603.3   2.03     5.2    0.80       426   19.2   5.4652e-02   19.2      602
 1230.8  6729.5   2.05     3.6    1.01       353   26.3   4.5217e-02   26.3      583
 1254.0  6856.4   2.19    15.3    1.27      2016    6.3   2.5846e-01    6.3      526
 1274.6  6968.9   2.09     7.2    1.09       634   14.0   8.1218e-02   14.0      408
 1293.7  7073.5   2.10     4.6    0.77       181   40.2   2.3264e-02   40.2      396
 1312.5  7176.3   2.12     6.4    0.94       361   21.7   4.6250e-02   21.7      375
 1323.6  7237.0   2.39    10.0    1.26      1450    7.7   1.8585e-01    7.7      479
 1344.2  7350.0   2.15     4.1    1.26       335   24.0   4.2929e-02   24.0      325
 1362.6  7450.1   2.16     4.8    1.09       309   23.8   3.9626e-02   23.8      299
 1377.6  7532.6   2.18    12.1    1.10      1181    7.1   1.5144e-01    7.1      283
 1381.6  7554.2   2.18     5.5    1.10       311   19.8   3.9899e-02   19.8      283
 1387.3  7585.2   2.19     5.0    1.10       425   15.4   5.4476e-02   15.4      283
 1395.5  7630.1   2.20     3.5    1.10       194   30.3   2.4936e-02   30.3      297
 1405.8  7686.8   2.20     6.6    1.39       369   20.1   4.7326e-02   20.1      276
 1408.5  7701.1   2.20     6.4    1.39       537   14.6   6.8835e-02   14.6      276
 1422.5  7778.0   2.21     3.6    1.11       212   28.0   2.7124e-02   28.0      201
 1446.2  7907.7   2.23     5.7    1.35       265   26.4   3.3958e-02   26.4      274
 1457.7  7970.5   2.35    11.7    0.79      1047    8.1   1.3428e-01    8.1      181
 1460.8  7987.2   2.35    21.9    0.79      5173    2.6   6.6317e-01    2.6      181
 1469.1  8032.6   2.36     6.5    0.79       544   10.8   6.9680e-02   10.8      181
 1476.7  8074.4   2.37    12.8    0.79      1770    4.9   2.2696e-01    4.9      181
 1495.8  8178.7   2.27     4.3    1.26       308   17.8   3.9538e-02   17.8      175
 1501.2  8208.4   2.27     6.5    1.26       402   14.0   5.1505e-02   14.0      175
 1509.1  8251.8   2.28     3.4    1.26        88   52.7   1.1327e-02   52.7      175
 1528.2  8356.2   2.30     6.9    1.24       298   19.1   3.8149e-02   19.1      124
 1557.9  8518.5   2.32     4.4    1.18       157   32.2   2.0111e-02   32.2      135
 1571.5  8592.7   2.33     7.5    1.08       356   15.8   4.5625e-02   15.8      116
 1593.2  8711.2   2.35     3.5    1.09       159   32.3   2.0352e-02   32.3      143
 1612.9  8819.2   2.37     3.3    1.43       152   27.5   1.9517e-02   27.5       94
 1622.2  8869.7   2.37     4.5    1.43       196   21.6   2.5110e-02   21.6       94
 1653.6  9041.5   2.40     3.8    0.77       246   16.5   3.1493e-02   16.5       61
 1673.2  9149.0   2.41     3.5    1.04       103   31.9   1.3168e-02   31.9       65
 1683.2  9203.6   2.42     4.0    1.04       130   25.1   1.6649e-02   25.1       62
 1688.0  9230.1   2.43     3.4    1.04        67   44.8   8.5353e-03   44.8       65
 1720.4  9406.8   2.45     3.7    0.93        74   37.3   9.5140e-03   37.3       52
 1729.6  9457.6   2.46     3.9    0.93       111   25.4   1.4168e-02   25.4       52
 1740.4  9516.6   2.47     3.8    0.93        82   30.8   1.0529e-02   30.8       52
 1764.5  9648.0   2.49     5.9    1.11       460   11.3   5.8939e-02   11.3       58
 1767.3  9663.5   2.49     6.5    1.11       225   19.6   2.8879e-02   19.6       60
 1797.9  9830.8   2.52     3.4    1.44        87   52.6   1.1171e-02   52.6       97
 1847.5 10101.9   2.56     3.4    1.22        47   59.5   6.0695e-03   59.5       40
 1919.2 10494.3   2.62     3.7    0.88       120   26.0   1.5376e-02   26.0       40
 2103.4 11501.5   2.77     3.7    0.81        77   36.2   9.8838e-03   36.2       34
 2203.6 12049.4   2.85     3.7    0.94       130   23.4   1.6724e-02   23.4       23
 2613.7 14292.3   3.05    11.3    0.68       843    6.8   1.0804e-01    6.8       12

   indicates the Iterative Peak Width fitting reached a limiting value.
