
                       be used for evaluation purposes
                                                            15-Oct-2019 15:46
                       _________________________________

                       P E A K     F I T     R E P O R T
                       _________________________________

 Spectrum file Analysed: AM_Ir03_IDM2_jobscript_015-029 
 Sample Title :                                                  

 Spectrum saved on 15-Oct-2019 at 15:46    Collected on 26-Feb-2019 at 17:26
 Sample  Taken  on 26-Feb-2019 at 14:21    Decayed      0 Days,     0 mins.

            Detector file number used:     4
            Energy     Calibration Performed on  8-Mar-2019 at 11:45
            Peak Shape Calibration Performed on  8-Mar-2019 at 11:47

 

   Datetime:  26-Feb-2019  14:21
   Live:      9000.00 
   Mass:      377
   Shelf:     32
   Detector:      4

   Reported Activity values were rounded     
   FitzPeaks Version: 3.71 23rd January 2014           
                                                                                                     
              


 Peak   Centre   FW@HM         Goodness   Peak      %      Gammas       %      2 Sigma
Energy  Channel  (KeV)  Signif  of Fit    Area   Uncert.  per sec.   Uncert. Background

   61.8   336.7   1.16     3.6  102.75    279739   29.8   3.1082e+01   29.8   980637
   63.4   345.6   1.16   571.4  102.75   6462096    1.4   7.1801e+02    1.4   980637
   65.0   354.5   1.16   924.8  102.75  10788915    0.8   1.1988e+03    0.8   898917
   69.6   379.4   1.27     7.7   50.96     22209   24.8   2.4677e+00   24.8   338522
   71.3   388.8   1.27    14.5   50.96    148085    4.0   1.6454e+01    4.0   338522
   73.6   401.2   1.27   545.1   50.96   4494554    0.2   4.9939e+02    0.2   338522
   75.7   413.0   1.27   259.7   50.96   1394675    0.4   1.5496e+02    0.4   312482
   82.5   449.9   1.17   224.7    3.88    632428    0.4   7.0270e+01    0.4   158748
   85.0   463.7   1.18    37.0    3.88     49096    3.5   5.4551e+00    3.5   158748
   87.6   477.9   1.18    12.1    3.88     13850   12.5   1.5388e+00   12.5   158748
   94.4   515.0   1.16   247.6    1.50    704953    0.3   7.8328e+01    0.3   146682
   96.7   527.6   1.16   154.6    1.50    323858    0.6   3.5984e+01    0.6   134458
  113.9   621.5   1.18   171.0    1.26    354486    0.5   3.9387e+01    0.5   132898
  129.6   707.4   1.23   160.0    5.50    341596    1.5   3.7955e+01    1.5   171169
  138.5   756.2   1.20     7.8    1.26      8835   17.7   9.8169e-01   17.7   143312
  141.2   770.8   1.20   204.2    1.26    486705    0.4   5.4078e+01    0.4   143312
  147.3   804.1   1.16     6.0    0.74      6140   18.8   6.8223e-01   18.8   138730
  172.3   941.0   1.22   164.6    1.23    346937    0.5   3.8549e+01    0.5   131516
  176.5   963.8   1.22    71.3    1.23     98758    1.4   1.0973e+01    1.4   131516
  179.0   977.9   1.23    66.8    1.23     95980    1.4   1.0664e+01    1.4   131516
  181.3   990.0   1.23    13.9    1.23     16547    7.5   1.8385e+00    7.5   131516
  186.7  1019.9   1.23   159.6    1.35    366833    0.5   4.0759e+01    0.5   121714
  187.7  1025.3   1.23     9.2    1.35     42779    3.5   4.7532e+00    3.5   131857
  190.8  1042.5   1.23    16.0    1.35     16359    8.2   1.8177e+00    8.2   131857
  197.1  1076.8   1.20     5.8    3.07      8842   29.2   9.8243e-01   29.2   114531
  203.8  1113.2   1.24    34.8    2.32     39663    3.4   4.4070e+00    3.4   106127
  208.8  1140.5   1.30    10.3    1.86     12722    8.5   1.4136e+00    8.5    97502
  212.8  1162.4   1.31    12.3    1.86     11201    9.5   1.2445e+00    9.5    97502
  216.7  1183.8   1.31     3.8    1.86      3578   27.1   3.9754e-01   27.1    97502
  219.7  1200.4   1.31    56.9    1.86     74534    1.6   8.2815e+00    1.6    97502
  221.9  1212.2   1.31     6.7    1.86     10609    9.5   1.1788e+00    9.5    97502
  223.3  1220.0   1.32    83.2    1.86    143190    0.9   1.5910e+01    0.9   105002
  225.7  1233.2   1.32     5.6    1.86      8181   12.2   9.0896e-01   12.2    97502
  243.4  1329.9   1.28   228.3    0.74    520514    0.3   5.7835e+01    0.3    76472
  245.2  1339.6   1.28     6.9    0.74     21358    5.6   2.3731e+00    5.6    76472
  252.3  1378.5   1.25     3.9    1.27      1999   40.9   2.2208e-01   40.9    67159
  258.3  1411.6   1.47    25.3    2.47     23737    4.0   2.6374e+00    4.0    70291
  263.3  1438.6   1.47     4.3    2.47      2750   32.2   3.0561e-01   32.2    70291
  268.0  1464.4   1.30     6.8    0.91     59745    1.9   6.6384e+00    1.9    55967
  268.8  1468.9   1.30    83.8    0.91    123659    1.0   1.3740e+01    1.0    55967
  284.4  1554.1   1.35    15.1    6.67     10778    6.4   1.1976e+00    6.4    52847
  288.2  1575.1   1.35    11.1    6.67      5693   12.0   6.3252e-01   12.0    52847
  293.7  1604.8   1.36    52.7    6.67     61424    1.9   6.8249e+00    1.9    52847
  295.8  1616.6   1.36    25.4    6.67     31375    3.2   3.4861e+00    3.2    49073
  300.4  1641.4   1.36   150.6    6.67    247878    0.6   2.7542e+01    0.6    49073
  308.4  1685.4   1.43    33.2    3.63     26849    3.7   2.9832e+00    3.7    52206
  316.5  1729.8   1.34     8.4    1.16     70470    1.7   7.8300e+00    1.7    47684
  317.4  1734.8   1.34   109.2    1.16    192558    0.7   2.1395e+01    0.7    47684
  324.7  1774.3   1.35     3.4    1.01      2334   32.0   2.5935e-01   32.0    43020
  328.5  1795.1   1.35   154.8    1.01    260284    0.5   2.8920e+01    0.5    46329
  343.2  1875.8   1.32     9.1    1.41      7133   10.0   7.9259e-01   10.0    43884
  351.2  1919.2   1.37   127.0    1.36    197583    0.6   2.1954e+01    0.6    47256
  352.5  1926.6   1.38     5.8    1.36      8675   10.7   9.6390e-01   10.7    47256
  359.9  1967.0   1.38   159.7    1.54    331410    0.4   3.6823e+01    0.4    45629
  361.1  1973.5   1.38    11.3    1.54     44842    2.3   4.9824e+00    2.3    42370
  365.1  1995.5   1.39     3.8    1.54      2463   31.7   2.7362e-01   31.7    42370
  371.2  2028.9   1.36    43.9    0.81     34123    2.2   3.7914e+00    2.2    39803
  380.1  2077.5   1.35     7.0    0.69      3176   18.3   3.5290e-01   18.3    33981
  397.4  2171.8   1.36    18.0    1.32      9045    6.9   1.0050e+00    6.9    32905
  403.9  2207.4   1.42    74.9    1.85     67448    1.3   7.4942e+00    1.3    33587
  407.2  2225.4   1.43    26.4    1.85     40669    2.0   4.5188e+00    2.0    33587
  409.4  2237.8   1.43   201.6    1.85    392148    0.4   4.3572e+01    0.4    31347
  420.7  2299.3   1.39     6.3    1.17      2334   24.1   2.5929e-01   24.1    28342
  431.0  2355.7   1.66    16.5    1.47     11761    5.3   1.3068e+00    5.3    29898
  445.1  2432.7   1.41     6.6    1.20      2555   18.2   2.8384e-01   18.2    20848
  447.8  2447.7   1.41     7.8    1.20      2930   16.9   3.2560e-01   16.9    20848
  456.4  2494.8   1.46   117.2    0.69    146773    0.6   1.6308e+01    0.6    20017
  459.2  2510.1   1.46     5.8    0.69      4665   12.5   5.1834e-01   12.5    20017
  468.0  2558.2   1.45    42.4    1.16     26676    2.2   2.9640e+00    2.2    18011
  474.4  2593.4   1.43     3.3    1.21       712   53.0   7.9160e-02   53.0    18708
  477.5  2609.9   1.43     8.5    1.21      3903    9.9   4.3366e-01    9.9    17461
  479.8  2622.4   1.44     6.2    1.21      1780   22.2   1.9777e-01   22.2    18708
  484.6  2649.0   1.44     6.5    1.21      2718   14.6   3.0197e-01   14.6    17461
  493.5  2697.5   1.74    16.7    1.09     11074    8.2   1.2304e+00    8.2    21300
  502.5  2746.7   1.49    34.7    0.90     20169    2.6   2.2410e+00    2.6    16973
  510.9  2792.7   2.90    22.0    3.59     60557    2.0   6.7285e+00    2.0    31930
  518.4  2833.9   1.44    52.1    3.59     37609    1.6   4.1787e+00    1.6    15965
  530.5  2899.8   1.49    17.0    1.35      8006    5.7   8.8961e-01    5.7    16470
  538.8  2945.5   1.53   210.4    2.75    541416    0.3   6.0157e+01    0.3    13529
  541.6  2960.4   1.53    12.0    2.75     15733    3.6   1.7481e+00    3.6    13529
  544.9  2978.5   1.54   135.8    2.75    218475    0.5   2.4275e+01    0.5    13529
  550.3  3008.2   1.54     3.8    2.75       833   58.4   9.2535e-02   58.4    13529
  557.9  3049.8   1.54    47.7    0.98     31833    1.6   3.5370e+00    1.6    10441
  568.9  3109.7   1.59   142.1    1.38    267040    0.4   2.9671e+01    0.4    10769
  576.6  3151.8   1.74    14.2    1.15      6425    4.7   7.1391e-01    4.7     9158
  583.4  3189.3   1.74     8.1    1.15      4062    7.0   4.5131e-01    7.0     9158
  585.1  3198.3   1.74     6.1    1.15      1709   16.7   1.8992e-01   16.7     9158
  588.3  3216.0   1.75    13.0    1.15      7982    4.1   8.8691e-01    4.1     9696
  594.4  3249.5   1.75    10.0    1.15      4085    7.2   4.5387e-01    7.2     9158
  602.7  3294.8   1.60     3.4    2.62      2526   17.4   2.8072e-01   17.4     7709
  605.1  3307.8   1.60    25.6    2.62     42523    1.5   4.7248e+00    1.5     7709
  607.5  3321.1   1.61   134.0    2.62    260451    0.4   2.8939e+01    0.4     7709
  609.4  3331.2   1.61     5.9    2.62      1469   26.0   1.6326e-01   26.0     7709
  612.4  3347.8   1.61     7.7    2.62      2346   14.8   2.6072e-01   14.8     7709
  616.2  3368.7   1.61    32.0    2.62     18022    2.5   2.0024e+00    2.5     7709
  622.3  3402.2   1.61    10.1    2.24      7076    6.5   7.8626e-01    6.5     6757
  624.0  3411.1   1.61    50.9    2.24     51380    1.1   5.7089e+00    1.1     6757
  627.0  3427.8   1.61    71.4    2.24     73739    0.8   8.1932e+00    0.8     6757
  631.1  3449.9   1.61     9.8    2.24      2863   12.7   3.1813e-01   12.7     6757
  644.6  3524.0   1.89    29.5    2.88     30853    1.8   3.4281e+00    1.8     6356
  651.5  3561.5   1.48    12.3    1.15      3427    6.6   3.8079e-01    6.6     4297
  655.6  3584.3   1.49     8.5    1.15      2587    8.3   2.8746e-01    8.3     4297
  658.8  3601.5   1.49     3.6    1.15       337   57.9   3.7468e-02   57.9     4297
  673.5  3681.9   1.60     5.3    1.91       826   26.5   9.1758e-02   26.5     4339
  679.0  3711.9   1.60     8.3    1.91      1399   15.2   1.5549e-01   15.2     4339
  698.3  3817.3   1.66    21.6    1.31      5903    8.4   6.5586e-01    8.4     4457
  708.4  3872.7   1.62     5.4    1.56      1140   24.8   1.2669e-01   24.8     3864
  714.2  3904.5   1.63     8.4    1.56      1339   22.5   1.4879e-01   22.5     4105
  721.3  3943.2   1.66   170.7    2.81    273209    0.4   3.0357e+01    0.4     3869
  726.2  3970.3   1.67    24.1    2.81      7007    4.4   7.7858e-01    4.4     4111
  729.4  3987.8   1.67     3.8    2.81       874   31.5   9.7129e-02   31.5     3869
  733.7  4011.1   1.67    19.5    2.81      9675    3.4   1.0750e+00    3.4     3869
  735.7  4022.1   1.68    22.6    2.81     10916    3.2   1.2129e+00    3.2     3869
  743.4  4064.3   1.65     6.0    1.69       967   17.6   1.0739e-01   17.6     2843
  745.9  4077.9   1.65     5.6    1.69       486   34.6   5.4035e-02   34.6     2675
  751.1  4106.3   1.66     5.3    1.69      1176   14.4   1.3072e-01   14.4     2675
  755.8  4132.2   1.66     9.7    1.69      1846   10.1   2.0514e-01   10.1     2675
  762.9  4170.8   1.70     3.5    0.96       598   27.5   6.6456e-02   27.5     2431
  765.3  4184.1   1.70     5.6    0.96       855   19.1   9.4991e-02   19.1     2288
  768.6  4201.8   1.70    11.6    0.96      2054    8.8   2.2827e-01    8.8     2431
  772.0  4220.8   1.70     3.8    0.96       513   32.4   5.7027e-02   32.4     2431
  781.8  4274.4   1.71     6.6    1.33       931   29.0   1.0347e-01   29.0     3263
  788.8  4312.3   1.72    11.9    1.33      2593   11.3   2.8808e-01   11.3     3263
  792.6  4333.1   1.72    54.3    1.33     34128    1.3   3.7920e+00    1.3     3263
  796.1  4352.6   1.72     5.7    1.33       732   37.9   8.1305e-02   37.9     3263
  798.3  4364.2   1.73    17.9    1.33      4799    6.2   5.3327e-01    6.2     3263
  808.8  4421.6   1.75     5.9    1.27      1764   11.0   1.9600e-01   11.0     2463
  811.1  4434.2   1.75    13.5    1.27      3341    6.2   3.7122e-01    6.2     2463
  820.8  4487.6   1.72     3.5    1.15       446   37.6   4.9525e-02   37.6     2276
  828.0  4526.8   1.85    25.5    1.08      9759    2.4   1.0843e+00    2.4     2187
  829.5  4534.9   1.86     5.5    1.08      1778   10.1   1.9756e-01   10.1     2187
  835.9  4569.9   1.86    10.6    1.08      2411    6.2   2.6793e-01    6.2     2187
  839.1  4587.6   1.86     6.4    1.08      1131   12.3   1.2568e-01   12.3     2308
  844.4  4616.6   1.87     3.4    1.08       306   42.0   3.4043e-02   42.0     2308
  849.9  4646.8   1.87     3.3    1.08       213   58.4   2.3646e-02   58.4     2187
  855.8  4678.6   1.88     6.0    1.08       506   28.3   5.6267e-02   28.3     2308
  880.1  4811.6   1.93     8.3    1.71      1436   12.4   1.5952e-01   12.4     2294
  885.5  4841.3   1.94    14.1    1.71      3350    6.1   3.7224e-01    6.1     2294
  902.6  4934.6   1.78     5.1    1.15       645   20.5   7.1714e-02   20.5     1858
  911.4  4983.1   1.79     5.3    1.15       986   14.3   1.0956e-01   14.3     1967
  924.7  5055.9   1.91    22.5    0.95      6539    3.1   7.2651e-01    3.1     1830
  929.7  5083.0   1.91     5.3    0.95       864   19.4   9.6050e-02   19.4     1830
  931.3  5091.6   1.91    11.4    0.95      3183    5.7   3.5368e-01    5.7     1932
  934.5  5109.3   1.91     3.6    0.95       940   16.9   1.0448e-01   16.9     1932
  938.7  5132.4   1.92    18.1    0.95      4483    4.4   4.9809e-01    4.4     1932
  951.7  5203.5   1.82     3.6    1.08       521   22.5   5.7881e-02   22.5     1567
  955.7  5225.3   1.83     3.6    1.08       304   37.5   3.3724e-02   37.5     1659
  964.6  5273.6   1.83     3.9    1.08       240   46.5   2.6710e-02   46.5     1659
  968.6  5295.5   1.84     3.6    1.08       489   24.5   5.4373e-02   24.5     1751
  986.6  5394.4   2.08     5.5    1.23      1314   11.9   1.4598e-01   11.9     1876
  992.8  5428.2   2.09    10.2    1.23      1616   10.5   1.7954e-01   10.5     1787
 1002.7  5482.3   1.80     7.5    1.43       958   14.9   1.0646e-01   14.9     1621
 1007.9  5510.4   1.81    10.6    1.43      1786    8.8   1.9845e-01    8.8     1531
 1012.1  5533.5   1.81     8.1    1.43       933   15.3   1.0369e-01   15.3     1531
 1026.7  5613.6   1.93    23.8    0.87      6797    3.3   7.5526e-01    3.3     1610
 1033.9  5653.0   1.89     7.2    1.01       777   17.0   8.6365e-02   17.0     1423
 1036.0  5664.1   1.89     6.4    1.01      1438    9.4   1.5973e-01    9.4     1423
 1044.1  5708.5   1.90     7.9    1.01      1321   10.1   1.4676e-01   10.1     1502
 1070.6  5853.5   1.92     8.1    1.11      1232   12.3   1.3684e-01   12.3     1518
 1080.8  5909.1   1.89    11.4    1.14      1586    8.5   1.7621e-01    8.5     1333
 1089.3  5956.0   1.90     5.5    1.14       682   18.3   7.5742e-02   18.3     1333
 1106.4  6049.2   2.19    14.2    1.63      3852    5.0   4.2796e-01    5.0     1534
 1108.9  6062.7   2.19     6.3    1.63      1895    9.9   2.1053e-01    9.9     1534
 1120.5  6126.5   1.96     6.4    0.65       702   15.7   7.7990e-02   15.7     1315
 1124.1  6145.9   1.96     5.1    0.65       543   19.3   6.0324e-02   19.3     1385
 1133.8  6199.4   1.97     3.7    0.65       379   28.0   4.2147e-02   28.0     1315
 1143.9  6254.6   2.16     7.5    1.10       849   14.8   9.4296e-02   14.8     1476
 1150.8  6292.1   2.17    16.9    1.10      3888    4.1   4.3196e-01    4.1     1476
 1158.4  6333.9   2.17     3.7    1.10       634   20.3   7.0435e-02   20.3     1546
 1168.0  6386.1   2.10     4.8    0.95       603   19.1   6.6998e-02   19.1     1299
 1175.3  6426.2   2.10     3.7    0.95       468   22.6   5.2037e-02   22.6     1299
 1183.7  6471.9   2.11    14.9    0.95      2568    5.5   2.8528e-01    5.5     1299
 1199.0  6555.9   2.03     3.5    1.14       325   30.8   3.6073e-02   30.8     1297
 1207.6  6602.6   2.03     8.9    1.14      1139   10.2   1.2653e-01   10.2     1297
 1219.0  6665.2   2.04     3.7    1.14       345   29.4   3.8292e-02   29.4     1297
 1230.8  6729.4   2.05     6.9    1.32      1120   11.7   1.2446e-01   11.7     1261
 1240.1  6780.3   2.06     3.7    1.32       439   27.0   4.8792e-02   27.0     1261
 1254.0  6856.3   2.12    24.2    1.42      5781    3.8   6.4234e-01    3.8     1248
 1274.5  6968.5   2.09     6.7    1.10       717   16.6   7.9699e-02   16.6      916
 1293.4  7071.7   2.22     3.6    0.93       319   27.1   3.5475e-02   27.1      809
 1299.8  7106.8   2.23     3.5    0.93       272   29.7   3.0261e-02   29.7      809
 1305.3  7136.8   2.23     4.5    0.93       410   20.6   4.5548e-02   20.6      809
 1312.4  7175.6   2.24     8.8    0.93      1202    8.2   1.3354e-01    8.2      772
 1316.7  7199.2   2.24     3.6    0.93       217   37.5   2.4073e-02   37.5      809
 1323.5  7236.3   2.25    17.4    0.93      4173    3.5   4.6363e-01    3.5      809
 1326.5  7253.0   2.25     9.0    0.93       752   12.8   8.3586e-02   12.8      809
 1341.9  7337.1   2.14     5.6    0.80       291   33.3   3.2326e-02   33.3      651
 1344.4  7351.1   2.15     7.9    0.80      1046   10.4   1.1624e-01   10.4      651
 1355.8  7413.3   2.15     3.9    1.04       281   46.6   3.1256e-02   46.6      734
 1362.6  7450.2   2.16     8.5    1.04       961   14.6   1.0682e-01   14.6      734
 1377.6  7532.1   2.14    13.4    1.45      1674    6.8   1.8601e-01    6.8      608
 1381.6  7554.0   2.14    11.5    1.45      1026    9.8   1.1398e-01    9.8      579
 1387.4  7586.1   2.15    10.3    1.45      1188    8.3   1.3196e-01    8.3      608
 1395.3  7629.0   2.15     5.3    1.45       498   18.4   5.5359e-02   18.4      608
 1405.9  7687.2   2.20     3.6    1.63       835   29.3   9.2768e-02   29.3      841
 1408.4  7700.8   2.20     7.9    1.63      1186   20.9   1.3183e-01   20.9      881
 1422.6  7778.7   2.21     5.7    0.98       660   13.5   7.3300e-02   13.5      429
 1442.2  7885.4   2.23     3.5    0.95       271   33.1   3.0165e-02   33.1      535
 1446.1  7906.9   2.23     7.8    0.95       784   12.9   8.7150e-02   12.9      561
 1457.7  7970.5   2.37    11.4    1.05      3456    3.8   3.8400e-01    3.8      388
 1460.8  7987.3   2.37    21.8    1.05      5893    2.6   6.5477e-01    2.6      388
 1468.9  8031.6   2.38     9.4    1.05       902    8.9   1.0025e-01    8.9      388
 1476.7  8074.2   2.38    19.1    1.05      5338    2.8   5.9312e-01    2.8      388
 1485.5  8122.7   2.39     3.6    1.05       238   27.9   2.6496e-02   27.9      388
 1496.0  8179.7   2.37     8.9    1.30       960    9.8   1.0662e-01    9.8      379
 1501.1  8207.8   2.38    11.1    1.30      1244    8.3   1.3820e-01    8.3      379
 1504.4  8225.8   2.38     6.6    1.30       255   31.3   2.8310e-02   31.3      379
 1509.3  8252.7   2.39     3.5    1.30       253   31.9   2.8163e-02   31.9      379
 1528.4  8357.3   2.30     7.9    1.25       831   10.5   9.2360e-02   10.5      245
 1558.1  8519.5   2.32     8.4    1.40       524   16.5   5.8259e-02   16.5      323
 1571.4  8592.1   2.27    11.6    1.43      1085    7.9   1.2054e-01    7.9      227
 1579.5  8636.6   2.28     3.8    1.43       194   30.8   2.1586e-02   30.8      237
 1592.9  8709.8   2.35     5.9    1.18       443   13.2   4.9241e-02   13.2      190
 1601.0  8754.2   2.36     3.8    1.18       221   20.6   2.4589e-02   20.6      190
 1610.4  8805.3   2.36     8.2    1.18       251   19.3   2.7943e-02   19.3      190
 1613.2  8820.7   2.37     6.7    1.18       468   12.2   5.2037e-02   12.2      190
 1622.3  8870.4   2.37     6.5    1.18       446   11.7   4.9508e-02   11.7      190
 1635.8  8944.5   2.38     3.5    1.17       243   22.4   2.6986e-02   22.4      142
 1638.6  8959.5   2.39     6.2    1.17       191   27.2   2.1180e-02   27.2      142
 1653.4  9040.4   2.40     8.1    0.83       650   10.1   7.2256e-02   10.1      129
 1672.9  9147.3   2.41     4.1    1.06       279   15.1   3.1040e-02   15.1      110
 1683.3  9204.3   2.42     4.5    1.06       374   12.5   4.1527e-02   12.5      110
 1688.2  9231.1   2.43     4.7    1.06       231   17.2   2.5667e-02   17.2      115
 1697.3  9280.7   2.43     3.3    1.06        72   42.0   8.0433e-03   42.0      115
 1707.5  9336.4   2.44     3.5    1.06       105   33.7   1.1648e-02   33.7      110
 1720.4  9407.0   2.45     4.0    1.32       272   16.4   3.0190e-02   16.4       87
 1729.8  9458.5   2.46     3.4    1.32        97   36.7   1.0729e-02   36.7       83
 1733.9  9480.8   2.46     3.6    1.32        90   37.6   9.9620e-03   37.6       87
 1740.3  9515.7   2.47     4.1    1.32       240   16.8   2.6721e-02   16.8       87
 1757.5  9609.7   2.48     3.5    1.15       113   32.8   1.2510e-02   32.8       65
 1764.3  9646.8   2.49     3.4    1.15       619    9.8   6.8754e-02    9.8       65
 1767.1  9662.5   2.49     5.9    1.15       670    8.8   7.4466e-02    8.8       68
 1791.9  9797.8   2.51     4.4    0.99       138   29.5   1.5362e-02   29.5       81
 1798.0  9831.4   2.52     5.8    0.99       389   12.8   4.3273e-02   12.8       84
 1801.9  9852.8   2.52     4.0    0.99       235   17.9   2.6116e-02   17.9       81
 1805.8  9874.2   2.52     3.9    0.99       167   23.1   1.8595e-02   23.1       81
 1811.9  9907.3   2.53     3.4    0.99       111   32.3   1.2370e-02   32.3       84
 1815.7  9928.4   2.53     3.5    0.99        93   37.6   1.0327e-02   37.6       84
 1919.2 10494.0   2.62     4.8    1.17       190   21.0   2.1146e-02   21.0       54
 1942.5 10621.5   2.64     3.7    0.65        61   49.2   6.7746e-03   49.2       47
 2102.9 11498.5   2.77     3.8    1.01       117   27.8   1.3045e-02   27.8       41
 2118.7 11585.0   2.78     3.5    0.97        50   53.6   5.5021e-03   53.6       31
 2203.8 12050.3   2.85     4.7    1.17       156   22.9   1.7374e-02   22.9       32
 2375.4 12988.9   2.99     3.3    0.93        58   51.1   6.4554e-03   51.1       38
 2447.5 13383.0   3.05     3.4    0.76        62   42.5   6.9397e-03   42.5       26
 2613.6 14291.7   3.20    10.8    0.84      1035    6.1   1.1497e-01    6.1        5

   indicates the Iterative Peak Width fitting reached a limiting value.
