
                       be used for evaluation purposes
                                                            15-Oct-2019 14:09
                       _________________________________

                       P E A K     F I T     R E P O R T
                       _________________________________

 Spectrum file Analysed: AM_Ir01_IDM1_jobscript_090-102 
 Sample Title :                                                  

 Spectrum saved on 15-Oct-2019 at 14:09    Collected on 27-Feb-2019 at  8:23
 Sample  Taken  on 27-Feb-2019 at  6:01    Decayed      0 Days,     0 mins.

            Detector file number used:     3
            Energy     Calibration Performed on  8-Mar-2019 at 11:49
            Peak Shape Calibration Performed on  8-Mar-2019 at 11:50

 

   Datetime:  27-Feb-2019   6:01
   Live:      7800.00 
   Mass:      177
   Shelf:     53
   Detector:      3

   Reported Activity values were rounded     
   FitzPeaks Version: 3.71 23rd January 2014           
                                                                                                     
              


 Peak   Centre   FW@HM         Goodness   Peak      %      Gammas       %      2 Sigma
Energy  Channel  (KeV)  Signif  of Fit    Area   Uncert.  per sec.   Uncert. Background

   61.4   336.1   1.13    34.5   70.97    241022    2.6   3.0900e+01    2.6   348414
   63.0   345.3   1.13   435.4   70.97   3099708    0.3   3.9740e+02    0.3   319380
   64.7   354.2   1.13   649.6   70.97   4878094    0.2   6.2540e+02    0.2   348414
   69.3   379.6   1.24     9.8   12.95     28895   10.6   3.7045e+00   10.6   148132
   71.2   389.7   1.24    41.6   12.95    141138    2.3   1.8095e+01    2.3   148132
   73.2   401.0   1.24   387.5   12.95   1952838    0.3   2.5036e+02    0.3   136737
   75.4   412.8   1.25   185.9   12.95    584253    0.6   7.4904e+01    0.6   136737
   82.2   449.8   1.13   161.5    1.65    282679    0.5   3.6241e+01    0.5    70689
   84.7   463.5   1.13    21.2    1.65     17865    5.7   2.2904e+00    5.7    64798
   87.2   477.6   1.13     8.1    1.65      5270   19.3   6.7561e-01   19.3    64798
   94.1   514.9   1.12   155.5    1.52    252160    0.6   3.2328e+01    0.6    67752
   96.4   527.5   1.12   114.0    1.52    156367    0.8   2.0047e+01    0.8    62106
  103.5   566.7   1.13     3.4    0.92      1409   56.7   1.8059e-01   56.7    60954
  106.0   580.0   1.13     4.5    0.92      1574   50.0   2.0175e-01   50.0    66495
  113.6   621.6   1.13   106.6    1.24    126898    1.1   1.6269e+01    1.1    63546
  129.3   707.6   1.17   120.8    2.41    161663    0.9   2.0726e+01    0.9    70571
  138.1   755.9   1.16     3.5    1.32      2854   34.0   3.6589e-01   34.0    65934
  140.9   771.2   1.16   131.3    1.32    175413    0.8   2.2489e+01    0.8    65934
  147.1   804.9   1.16     5.1    0.84      2074   40.5   2.6588e-01   40.5    63806
  172.1   942.0   1.17   133.6    1.26    169701    0.6   2.1757e+01    0.6    58569
  176.3   964.9   1.17    45.0    1.26     35959    2.3   4.6102e+00    2.3    58569
  178.9   979.0   1.18    55.0    1.26     46500    1.8   5.9615e+00    1.8    58569
  181.1   991.1   1.18     8.0    1.26      5992   14.0   7.6819e-01   14.0    58569
  186.6  1021.1   1.20   116.7    1.14    163965    0.7   2.1021e+01    0.7    54539
  187.6  1026.8   1.20     8.2    1.14     19704    5.0   2.5262e+00    5.0    54539
  190.7  1043.5   1.20    11.1    1.14      6386   13.5   8.1870e-01   13.5    59084
  197.1  1078.4   1.20     8.4    2.17      6396   24.7   8.1995e-01   24.7    52615
  203.7  1114.6   1.23    22.1    1.83     15096    5.4   1.9354e+00    5.4    44648
  206.1  1127.6   1.23     4.4    1.83      3066   23.6   3.9309e-01   23.6    44648
  208.8  1142.4   1.23     9.1    1.83      7374   10.2   9.4538e-01   10.2    44648
  212.7  1163.8   1.24     6.5    1.83      3769   19.3   4.8321e-01   19.3    41214
  216.7  1185.6   1.24     6.0    1.83      2810   26.0   3.6031e-01   26.0    44648
  219.7  1201.9   1.24    48.1    1.83     37185    2.2   4.7672e+00    2.2    41214
  222.1  1215.0   1.25     6.8    1.83      5481   13.8   7.0272e-01   13.8    41214
  223.3  1221.8   1.25    53.4    1.83     52141    1.8   6.6848e+00    1.8    41214
  233.6  1278.2   1.23     3.5    1.04      1101   49.2   1.4120e-01   49.2    32894
  238.7  1306.0   1.23     3.9    1.04      1988   25.8   2.5484e-01   25.8    32894
  243.4  1331.7   1.24   138.8    1.04    189151    0.5   2.4250e+01    0.5    35635
  245.1  1341.2   1.24    13.7    1.04     26421    2.4   3.3873e+00    2.4    32894
  252.4  1380.7   1.29     4.1    1.33      1019   43.1   1.3065e-01   43.1    28142
  258.3  1413.5   1.30    15.4    1.33      7924    6.1   1.0159e+00    6.1    28142
  263.3  1440.4   1.30     3.5    1.33       903   49.3   1.1582e-01   49.3    28142
  268.6  1469.6   1.51    60.7    8.55     91116    1.5   1.1681e+01    1.5    28225
  276.0  1510.1   1.26     5.3    1.33      2707   18.1   3.4703e-01   18.1    21506
  277.6  1519.0   1.26     4.8    1.33      2048   23.7   2.6254e-01   23.7    21506
  284.4  1556.1   1.31     8.7    5.14      3965   10.6   5.0834e-01   10.6    21737
  288.3  1577.1   1.31     6.7    5.14      2649   15.0   3.3958e-01   15.0    23409
  294.0  1608.2   1.31    10.5    5.14     12642    6.0   1.6208e+00    6.0    21737
  295.8  1618.3   1.32    17.4    5.14     16409    3.5   2.1038e+00    3.5    21737
  300.4  1643.5   1.32    89.5    5.14     88635    1.0   1.1364e+01    1.0    21737
  308.5  1687.6   1.40    24.1    1.38     13158    4.4   1.6869e+00    4.4    21650
  316.5  1731.8   1.31     8.0    1.04     34117    2.1   4.3740e+00    2.1    19145
  317.5  1736.9   1.31    58.6    1.04     71123    1.2   9.1184e+00    1.2    19145
  328.5  1797.3   1.31    61.3    1.13     40898    1.6   5.2433e+00    1.6    18633
  343.2  1877.8   1.31     7.9    0.52      2977   14.5   3.8165e-01   14.5    18829
  351.2  1921.6   1.38    96.4    4.61     98321    1.0   1.2605e+01    1.0    19306
  360.0  1969.3   1.35   125.2    1.05    164426    0.6   2.1080e+01    0.6    18232
  361.2  1975.8   1.35     8.4    1.05     12694    5.2   1.6274e+00    5.2    19634
  371.3  2031.2   1.33    41.2    0.67     22387    2.2   2.8702e+00    2.2    16380
  380.0  2079.0   1.34     6.2    0.95      2195   18.0   2.8143e-01   18.0    14916
  397.4  2174.1   1.33    19.2    0.98      6210    6.0   7.9621e-01    6.0    12971
  403.9  2209.7   1.38    45.1    0.99     24362    2.0   3.1234e+00    2.0    12277
  407.2  2227.7   1.38    29.2    0.99     25919    2.0   3.3230e+00    2.0    12277
  409.5  2240.0   1.38   146.5    0.99    193108    0.5   2.4757e+01    0.5    12277
  420.6  2301.0   1.37     4.9    1.04      1377   24.3   1.7649e-01   24.3    11085
  431.1  2358.6   1.56    12.1    0.92      5082    7.1   6.5154e-01    7.1    10176
  445.0  2434.3   1.39     6.8    1.07      1358   21.2   1.7405e-01   21.2     7893
  447.8  2449.8   1.39     8.4    1.07      2140   13.8   2.7434e-01   13.8     7893
  456.4  2497.0   1.41    90.2    1.33     72420    0.9   9.2847e+00    0.9     7643
  459.2  2512.2   1.42     4.1    1.33      1747   19.8   2.2397e-01   19.8     7643
  468.0  2560.3   1.38    36.2    0.77     13745    2.6   1.7621e+00    2.6     6815
  477.7  2613.0   1.70     6.5    1.42      2215   12.0   2.8396e-01   12.0     7114
  479.8  2624.9   1.70     3.3    1.42       984   26.3   1.2620e-01   26.3     7114
  484.7  2651.8   1.71     6.8    1.42      1606   16.5   2.0586e-01   16.5     7559
  490.8  2684.8   1.71     3.4    1.42       747   35.5   9.5751e-02   35.5     7559
  493.6  2700.1   1.71    10.2    1.42      4700    6.2   6.0262e-01    6.2     7559
  502.5  2749.1   1.44     7.4    0.83      1625   15.6   2.0839e-01   15.6     5840
  510.9  2794.7   2.88    14.2    2.50     19820    3.1   2.5410e+00    3.1    11574
  518.4  2835.9   1.44    48.2    2.50     24911    1.5   3.1937e+00    1.5     5787
  530.5  2901.8   1.55    10.4    1.03      2937    9.5   3.7649e-01    9.5     6258
  538.8  2947.5   1.49   174.6    1.66    265426    0.4   3.4029e+01    0.4     4808
  541.6  2962.6   1.49    13.6    1.66      7688    4.8   9.8568e-01    4.8     4808
  544.8  2980.5   1.49    94.5    1.66     79535    0.8   1.0197e+01    0.8     4808
  557.9  3051.7   1.51    47.6    1.10     21020    1.7   2.6949e+00    1.7     3616
  568.9  3111.8   1.55   106.7    1.14    106249    0.6   1.3622e+01    0.6     3455
  576.5  3153.8   1.60    11.5    0.84      2913    6.0   3.7346e-01    6.0     3035
  583.3  3190.7   1.60     9.8    0.84      2442    6.9   3.1305e-01    6.9     3035
  584.9  3199.5   1.61     5.7    0.84       740   20.6   9.4842e-02   20.6     2845
  588.1  3217.3   1.61    14.6    0.84      3511    5.0   4.5012e-01    5.0     3035
  594.5  3252.2   1.61     8.9    0.84      1426   11.1   1.8276e-01   11.1     3035
  605.0  3309.7   1.54    36.6    1.60     26636    1.5   3.4149e+00    1.5     2715
  607.5  3323.0   1.54    97.9    1.60     95006    0.6   1.2180e+01    0.6     2896
  609.1  3332.0   1.54     6.5    1.60      1502   16.7   1.9250e-01   16.7     2896
  612.3  3349.2   1.55     8.6    1.60       964   21.1   1.2353e-01   21.1     2715
  616.0  3369.8   1.55     9.5    1.60      1629   13.2   2.0879e-01   13.2     2896
  623.9  3412.8   1.60    45.3    2.45     26176    1.7   3.3559e+00    1.7     2201
  627.0  3429.7   1.60    51.9    2.45     27592    1.4   3.5374e+00    1.4     2201
  630.9  3451.4   1.60     9.7    2.45      2336    8.8   2.9953e-01    8.8     2201
  633.1  3463.4   1.60     4.0    2.45       904   21.5   1.1594e-01   21.5     2201
  644.4  3525.0   1.77    22.4    2.77      8724    2.8   1.1185e+00    2.8     2049
  651.4  3563.3   1.77    10.6    2.77      1406   12.6   1.8028e-01   12.6     1935
  655.6  3586.4   1.78     7.1    2.77      1269   13.2   1.6265e-01   13.2     1935
  673.6  3684.8   1.57     4.2    1.00       371   32.9   4.7594e-02   32.9     1550
  679.0  3714.0   1.57     4.2    1.00       576   21.2   7.3802e-02   21.2     1550
  698.2  3819.3   1.72    13.5    1.29      2251    7.3   2.8861e-01    7.3     1425
  708.3  3874.5   1.60     4.9    1.24       452   34.9   5.7972e-02   34.9     1200
  714.1  3906.4   1.60     4.9    1.24       597   27.3   7.6515e-02   27.3     1200
  721.2  3945.1   1.62   106.5    1.05     99284    0.6   1.2729e+01    0.6     1201
  726.1  3972.0   1.62    17.9    1.05      3569    7.3   4.5752e-01    7.3     1201
  733.6  4013.0   1.60    15.2    1.20      3653    4.1   4.6840e-01    4.1     1174
  735.6  4024.0   1.60    13.6    1.20      3743    4.2   4.7985e-01    4.2     1174
  743.3  4066.1   1.61     3.4    1.20       256   34.2   3.2775e-02   34.2     1174
  751.3  4109.4   1.61     5.5    1.20       422   21.7   5.4073e-02   21.7     1174
  755.8  4134.5   1.62     6.5    1.20       666   14.8   8.5391e-02   14.8     1174
  768.5  4203.6   1.35    11.1    0.91      1012   11.6   1.2979e-01   11.6      944
  781.9  4277.2   1.66     4.7    1.10       365   29.0   4.6824e-02   29.0     1001
  788.6  4313.8   1.67     8.0    1.10      1054   10.6   1.3512e-01   10.6     1001
  792.5  4335.0   1.67    38.0    1.10     12578    1.7   1.6125e+00    1.7     1001
  795.4  4350.9   1.68     5.5    1.10       316   32.8   4.0541e-02   32.8     1001
  798.1  4365.8   1.68    10.7    1.10      1652    7.4   2.1175e-01    7.4     1064
  808.6  4423.3   1.67     3.4    1.30       684   17.6   8.7732e-02   17.6      940
  810.8  4435.4   1.67     7.8    1.30      1147   11.1   1.4706e-01   11.1      940
  821.4  4493.1   2.02     3.3    1.27       193   49.1   2.4725e-02   49.1     1003
  828.3  4530.8   2.02    13.2    1.27      5146    3.6   6.5978e-01    3.6     1003
  835.5  4570.3   2.03     5.9    1.27      1170    9.4   1.5000e-01    9.4     1003
  838.9  4588.9   2.03     6.1    1.27       668   15.7   8.5657e-02   15.7     1003
  880.0  4813.8   1.73     4.2    1.53       496   18.5   6.3545e-02   18.5      782
  885.4  4843.4   1.73     7.4    1.53      1126    9.6   1.4442e-01    9.6      782
  892.2  4880.4   1.74     3.4    1.53       231   36.6   2.9624e-02   36.6      782
  902.5  4936.7   1.74     3.7    1.13       316   26.3   4.0498e-02   26.3      701
  911.3  4984.9   1.75     6.9    1.13       811   11.6   1.0396e-01   11.6      742
  924.7  5058.0   1.87    13.9    1.26      2299    5.7   2.9477e-01    5.7      726
  930.5  5089.7   1.88     4.7    1.26       563   16.9   7.2120e-02   16.9      766
  934.3  5110.6   1.88     3.5    1.26       436   21.1   5.5932e-02   21.1      766
  938.7  5134.6   1.88     7.8    1.26       671   15.2   8.6004e-02   15.2      766
  951.6  5205.4   1.78     3.8    1.20       164   59.7   2.1071e-02   59.7      695
  968.8  5299.6   1.80     6.1    1.12       444   22.8   5.6914e-02   22.8      710
  986.7  5397.0   1.81     5.3    1.06       488   18.8   6.2623e-02   18.8      669
  992.7  5430.1   1.81     6.3    1.06       547   16.9   7.0098e-02   16.9      669
 1002.7  5485.0   1.82     5.3    1.10       369   23.5   4.7247e-02   23.5      626
 1007.6  5511.7   1.83     6.8    1.10       612   14.6   7.8421e-02   14.6      626
 1012.0  5535.4   1.83     3.7    1.10       328   25.8   4.2076e-02   25.8      626
 1026.7  5616.2   1.88    15.1    1.00      2546    4.6   3.2645e-01    4.6      584
 1033.8  5654.8   1.89     6.3    1.00       368   21.1   4.7161e-02   21.1      584
 1036.0  5666.7   1.89     7.5    1.00       949    9.4   1.2171e-01    9.4      616
 1044.0  5710.4   1.89     6.0    1.00       519   15.3   6.6508e-02   15.3      616
 1070.4  5855.1   1.87     5.5    1.17       511   15.0   6.5557e-02   15.0      595
 1080.6  5910.6   1.88     6.2    1.17       536   14.6   6.8751e-02   14.6      628
 1089.2  5957.9   1.89     4.1    1.17       250   29.9   3.1999e-02   29.9      595
 1106.3  6051.6   1.90     8.0    0.91      1251    8.8   1.6044e-01    8.8      625
 1108.8  6065.0   1.90     3.4    0.91       625   15.5   8.0163e-02   15.5      592
 1120.3  6128.1   1.91     7.1    1.33       499   20.7   6.3936e-02   20.7      613
 1133.9  6202.1   1.92     4.1    1.07       193   37.1   2.4697e-02   37.1      619
 1143.9  6256.8   1.93     3.3    1.07       195   36.3   2.4987e-02   36.3      619
 1150.7  6294.5   1.94     5.5    1.07       525   15.8   6.7326e-02   15.8      619
 1167.7  6387.2   1.95     3.6    1.04       198   44.3   2.5448e-02   44.3      547
 1183.7  6474.6   1.96     4.4    0.89       479   19.5   6.1363e-02   19.5      537
 1207.6  6605.6   1.98     4.4    1.14       404   23.1   5.1848e-02   23.1      564
 1230.8  6732.4   2.00     4.3    1.15       406   20.5   5.2100e-02   20.5      580
 1238.6  6775.2   2.00     3.4    1.15       201   40.1   2.5749e-02   40.1      610
 1253.9  6858.9   2.18    14.1    0.98      2179    5.7   2.7939e-01    5.7      498
 1274.6  6971.8   2.03     4.0    1.06       187   41.2   2.3998e-02   41.2      409
 1312.4  7178.5   2.06     6.4    1.18       429   18.0   5.5060e-02   18.0      330
 1323.5  7239.5   2.13    11.2    0.78      1566    6.2   2.0071e-01    6.2      308
 1326.4  7255.5   2.14     5.4    0.78       274   25.8   3.5101e-02   25.8      308
 1344.3  7353.3   2.09     4.9    1.16       350   20.5   4.4890e-02   20.5      284
 1362.6  7453.5   2.10     5.4    1.09       357   20.9   4.5817e-02   20.9      306
 1377.6  7535.2   2.11     8.3    1.06       967    7.6   1.2393e-01    7.6      257
 1381.6  7557.2   2.11     4.9    1.06       358   16.3   4.5839e-02   16.3      257
 1387.5  7589.5   2.12     6.6    1.06       473   13.9   6.0626e-02   13.9      257
 1395.1  7630.9   2.12     3.6    1.06       158   34.9   2.0305e-02   34.9      257
 1405.9  7690.3   2.13     4.3    1.44       389   18.3   4.9910e-02   18.3      248
 1408.6  7704.9   2.13     3.6    1.44       407   17.8   5.2157e-02   17.8      236
 1422.5  7780.9   2.15     5.3    0.93       256   21.8   3.2791e-02   21.8      172
 1446.3  7910.9   2.16     5.2    1.08       269   25.1   3.4530e-02   25.1      249
 1457.7  7973.4   2.20     6.0    1.22      1263    6.4   1.6197e-01    6.4      164
 1460.8  7990.4   2.20    23.5    1.22      5032    2.7   6.4512e-01    2.7      164
 1469.0  8035.3   2.21     4.8    1.22       105   43.2   1.3493e-02   43.2      164
 1476.8  8077.6   2.22    11.5    1.22      1897    4.9   2.4324e-01    4.9      164
 1496.2  8183.7   2.20     4.1    1.43       336   16.4   4.3088e-02   16.4      162
 1501.3  8211.7   2.21     4.7    1.43       436   12.8   5.5833e-02   12.8      162
 1509.3  8255.6   2.21     3.5    1.43        81   57.8   1.0371e-02   57.8      162
 1528.4  8360.3   2.23     6.5    1.06       320   16.5   4.0972e-02   16.5      107
 1558.1  8522.4   2.25     5.2    1.11       195   24.9   2.5048e-02   24.9      121
 1571.4  8595.4   2.26     6.0    1.24       380   12.7   4.8718e-02   12.7      102
 1579.4  8639.2   2.27     3.6    1.24        79   50.4   1.0092e-02   50.4      102
 1593.2  8714.4   2.28     4.9    1.06       202   21.6   2.5848e-02   21.6      104
 1601.0  8757.1   2.28     3.8    1.06        95   38.2   1.2160e-02   38.2       99
 1612.8  8821.8   2.29     3.6    1.19       162   23.4   2.0795e-02   23.4       79
 1621.8  8871.1   2.30     3.7    1.19       130   26.3   1.6707e-02   26.3       79
 1638.2  8960.5   2.31     3.5    1.21        86   45.9   1.1060e-02   45.9       90
 1653.5  9044.3   2.32     5.5    1.20       246   18.3   3.1512e-02   18.3       74
 1672.9  9150.3   2.34     3.7    1.29       107   29.6   1.3694e-02   29.6       61
 1683.5  9208.7   2.35     4.2    1.29       165   20.3   2.1133e-02   20.3       61
 1688.3  9234.9   2.35     4.7    1.29        70   43.9   8.9426e-03   43.9       61
 1720.2  9409.3   2.37     3.6    1.01        90   31.8   1.1515e-02   31.8       51
 1729.4  9459.4   2.38     3.3    1.01        81   34.2   1.0343e-02   34.2       51
 1734.1  9485.4   2.39     3.3    1.01        45   52.9   5.7601e-03   52.9       51
 1740.4  9519.6   2.39     3.6    1.01        97   28.2   1.2473e-02   28.2       51
 1764.5  9651.3   2.41     5.4    1.46       464   11.4   5.9466e-02   11.4       51
 1767.1  9665.8   2.41     7.7    1.46       238   18.6   3.0487e-02   18.6       53
 1798.2  9835.8   2.43     3.5    1.02       106   32.1   1.3527e-02   32.1       56
 1802.4  9858.8   2.44     4.4    1.02        91   37.4   1.1630e-02   37.4       56
 1847.5 10105.5   2.47     3.6    0.74        85   32.4   1.0925e-02   32.4       33
 1919.4 10498.6   2.53     4.1    1.03       112   27.5   1.4420e-02   27.5       34
 2103.6 11506.5   2.67     3.4    0.92       109   23.6   1.3977e-02   23.6       32
 2118.2 11586.1   2.68     3.3    0.92        43   48.1   5.4907e-03   48.1       33
 2203.9 12054.9   2.75     3.4    1.05       160   18.9   2.0560e-02   18.9       28
 2214.2 12110.9   2.76     3.3    1.05        52   44.7   6.6709e-03   44.7       28
 2614.2 14299.2   2.99    11.3    0.85       928    6.5   1.1892e-01    6.5       11

   indicates the Iterative Peak Width fitting reached a limiting value.
