
                       be used for evaluation purposes
                                                            16-Oct-2019 15:27
                       _________________________________

                       P E A K     F I T     R E P O R T
                       _________________________________

 Spectrum file Analysed: AM_Ir06_IDM4_jobscript_040-059 
 Sample Title :                                                  

 Spectrum saved on 16-Oct-2019 at 15:27    Collected on 26-Feb-2019 at 23:45
 Sample  Taken  on 26-Feb-2019 at 19:47    Decayed      0 Days,     0 mins.

            Detector file number used:     6
            Energy     Calibration Performed on  8-Mar-2019 at 12:03
            Peak Shape Calibration Performed on  8-Mar-2019 at 12:04

 

   Datetime:  26-Feb-2019  19:47
   Live:      12000.0 
   Mass:      677
   Shelf:     25
   Detector:      6

   Reported Activity values were rounded     
   FitzPeaks Version: 3.71 23rd January 2014           
                                                                                                     
              


 Peak   Centre   FW@HM         Goodness   Peak      %      Gammas       %      2 Sigma
Energy  Channel  (KeV)  Signif  of Fit    Area   Uncert.  per sec.   Uncert. Background

   53.9   293.4   1.23    11.5    4.08     15163   57.8   1.2636e+00   57.8   760461
   61.5   335.2   1.10     6.1   50.59    142966    5.8   1.1914e+01    5.8   348581
   63.3   345.1   1.10   457.8   50.59   3477485    0.3   2.8979e+02    0.3   380270
   64.9   354.0   1.10   711.0   50.59   6005104    0.2   5.0043e+02    0.2   380270
   66.9   364.6   1.10   105.6   50.59    338313    2.4   2.8193e+01    2.4   348581
   71.4   389.3   1.23    20.3    8.56     84459    6.0   7.0383e+00    6.0   134522
   73.5   400.8   1.23   383.3    8.56   2226861    0.4   1.8557e+02    0.4   134522
   75.7   412.6   1.23   210.2    8.56    811053    0.7   6.7588e+01    0.7   145732
   78.0   425.1   1.23    26.5    8.56     40936   12.2   3.4114e+00   12.2   134522
   82.5   449.9   1.06   187.5    2.27    369481    0.5   3.0790e+01    0.5    94568
   85.0   463.4   1.06    23.6    2.27     24256    5.3   2.0213e+00    5.3    94568
   87.5   477.5   1.07     8.4    2.27      6760   18.4   5.6335e-01   18.4    94568
   96.6   527.1   1.09   149.1    0.74    263568    0.6   2.1964e+01    0.6    88818
  129.5   707.1   1.13   156.3    2.14    276726    0.6   2.3061e+01    0.6   101847
  136.1   742.9   1.10     3.8    2.11      5164   20.3   4.3037e-01   20.3   102799
  138.3   754.9   1.10     7.0    2.11      7133   13.8   5.9442e-01   13.8   102799
  141.0   769.9   1.10     9.2    2.11      5837   16.8   4.8644e-01   16.8    94232
  172.3   941.1   1.15   156.7    1.68    267068    0.7   2.2256e+01    0.7   112291
  179.1   978.1   1.15    68.0    0.97     74278    1.8   6.1899e+00    1.8   103708
  186.8  1020.5   1.17   106.4    0.97    172853    0.9   1.4404e+01    0.9    78708
  187.8  1026.0   1.17     8.1    0.97     28417    4.8   2.3681e+00    4.8    85863
  197.2  1077.2   1.38    11.8    3.65     13689    8.4   1.1407e+00    8.4    85529
  205.9  1125.1   1.39    15.2    2.00     11717    8.1   9.7639e-01    8.1    72816
  208.8  1140.9   1.40    10.2    2.00     12647    7.1   1.0539e+00    7.1    72816
  219.8  1200.7   1.17    61.5    0.82     54748    1.6   4.5624e+00    1.6    49378
  221.9  1212.2   1.18    11.3    0.82      8278    9.2   6.8985e-01    9.2    49378
  223.9  1223.1   1.18    24.4    0.82     18106    4.3   1.5088e+00    4.3    49378
  238.7  1304.4   1.19     5.4    2.61      1597   45.7   1.3310e-01   45.7    42833
  268.1  1465.0   1.22     7.1    0.76     47785    1.8   3.9820e+00    1.8    31012
  268.9  1469.4   1.22    77.5    0.76     91851    1.0   7.6543e+00    1.0    33597
  277.7  1517.4   1.22     3.3    1.02      1937   23.4   1.6139e-01   23.4    31064
  283.1  1546.9   1.23     3.3    1.02      2091   20.3   1.7429e-01   20.3    28675
  288.4  1576.1   1.23     6.1    1.02      2704   16.4   2.2537e-01   16.4    28675
  293.7  1604.8   1.32   163.8    4.84    292297    0.6   2.4358e+01    0.6    27377
  296.0  1617.5   1.32    64.9    4.84     73372    1.3   6.1143e+00    1.3    27377
  300.8  1644.0   1.33    52.7    4.84     39928    1.7   3.3274e+00    1.7    29483
  308.5  1686.2   1.28    75.2    1.12     67130    1.1   5.5942e+00    1.1    25744
  316.6  1730.2   1.29   131.5    0.84    183568    0.5   1.5297e+01    0.5    24887
  328.6  1795.7   1.29   362.4    4.10   1324529    0.2   1.1038e+02    0.2    23274
  351.3  1919.8   1.32   126.0    1.09    150470    0.6   1.2539e+01    0.6    20370
  360.0  1967.6   1.33   155.6    1.57    255620    0.4   2.1302e+01    0.4    18931
  361.2  1974.2   1.33    13.1    1.57     24026    2.7   2.0022e+00    2.7    20387
  365.1  1995.4   1.33    11.2    1.57      5372    9.6   4.4766e-01    9.6    18931
  371.3  2029.4   1.31    61.0    0.99     40949    1.4   3.4124e+00    1.4    14603
  374.5  2046.7   1.32     5.2    0.99      1578   22.0   1.3146e-01   22.0    14603
  380.1  2077.5   1.32    10.0    0.99      3715   10.0   3.0958e-01   10.0    14603
  397.4  2172.2   1.38    26.1    0.87     11489    3.9   9.5738e-01    3.9    13418
  407.2  2225.8   1.37    46.3    2.03     46383    1.4   3.8653e+00    1.4    12674
  409.5  2238.2   1.37   180.8    2.03    300301    0.4   2.5025e+01    0.4    12674
  416.4  2275.9   1.51     4.5    2.05      1367   22.1   1.1395e-01   22.1    11445
  420.7  2299.7   1.51     5.7    2.05      2010   15.0   1.6751e-01   15.0    11445
  424.4  2319.5   1.52     4.6    2.05      1892   16.6   1.5765e-01   16.6    11445
  431.8  2359.9   1.52    11.9    2.05      3839    8.0   3.1989e-01    8.0    11445
  445.2  2433.4   1.39     8.4    1.00      2095   14.7   1.7456e-01   14.7     8485
  447.8  2447.8   1.39    13.9    1.00      3809    8.2   3.1743e-01    8.2     8485
  456.5  2495.2   1.40   108.5    1.64    112419    0.7   9.3683e+00    0.7     8628
  468.1  2558.5   1.41    84.5    0.91     71519    0.8   5.9599e+00    0.8     7312
  474.0  2591.1   1.42     3.7    1.37       861   26.7   7.1751e-02   26.7     6025
  477.5  2610.1   1.43    14.0    1.37      5014    5.0   4.1782e-01    5.0     6025
  479.9  2623.0   1.43     6.7    1.37      1751   12.8   1.4591e-01   12.8     6025
  482.9  2639.5   1.43    10.0    1.37      3591    6.8   2.9923e-01    6.8     6456
  484.6  2649.1   1.43    12.0    1.37      4751    5.2   3.9589e-01    5.2     6025
  490.8  2682.6   1.44     4.2    1.37       780   26.9   6.5024e-02   26.9     6456
  494.7  2704.1   1.44     9.2    1.37      1849   12.2   1.5404e-01   12.2     6025
  502.5  2746.9   1.36    10.5    1.18      2403   10.0   2.0024e-01   10.0     4938
  511.0  2793.1   2.84    20.5    3.54     40639    2.0   3.3866e+00    2.0     9417
  518.5  2834.1   1.42    63.5    3.54     44480    1.1   3.7067e+00    1.1     4709
  530.1  2897.6   1.44     6.0    0.88      1202   18.3   1.0017e-01   18.3     4496
  538.9  2945.7   1.48   192.7    2.81    411610    0.3   3.4301e+01    0.3     4105
  541.6  2960.9   1.48    21.6    2.81     10668    3.6   8.8904e-01    3.6     4105
  558.0  3050.0   1.48    57.0    0.87     37952    1.1   3.1626e+00    1.1     2897
  569.3  3111.9   1.51    53.5    0.99     36570    1.1   3.0475e+00    1.1     2955
  576.5  3151.4   1.50    13.2    0.99      3358    6.2   2.7985e-01    6.2     2822
  583.4  3189.1   1.79    12.8    2.76      3853    6.0   3.2107e-01    6.0     3236
  588.8  3218.4   1.79    20.1    2.76     16768    2.5   1.3973e+00    2.5     3057
  594.2  3248.5   1.80    15.1    2.76      4272    5.9   3.5602e-01    5.9     3057
  605.1  3307.6   1.63    56.8    3.47     57484    1.3   4.7903e+00    1.3     3248
  609.2  3330.1   1.64    11.8    3.47      2370   10.7   1.9747e-01   10.7     3248
  612.4  3347.9   1.64    20.5    3.47      6600    4.5   5.4998e-01    4.5     3248
  615.9  3367.0   1.64     5.0    3.47      1007   22.6   8.3891e-02   22.6     3248
  622.0  3400.1   1.55    24.4    1.43     19651    1.7   1.6376e+00    1.7     2535
  624.1  3411.5   1.56    47.4    1.43     37913    1.1   3.1594e+00    1.1     2377
  628.5  3435.9   1.56     5.2    1.43      1079   16.9   8.9951e-02   16.9     2535
  631.0  3449.6   1.56    12.6    1.43      3764    5.5   3.1367e-01    5.5     2377
  633.1  3461.1   1.56     5.5    1.43       809   23.0   6.7425e-02   23.0     2535
  645.1  3526.9   1.57    83.9    1.03     61951    0.8   5.1625e+00    0.8     2387
  656.0  3586.0   1.55     9.1    1.15      1205   13.7   1.0045e-01   13.7     2242
  658.8  3601.4   1.55     3.8    1.15       288   54.5   2.4029e-02   54.5     2102
  700.5  3829.7   1.59     7.7    0.99      1336   12.4   1.1136e-01   12.4     2172
  726.3  3970.8   1.70    17.7    1.27      4206    5.0   3.5052e-01    5.0     2283
  762.5  4168.6   1.68     3.3    1.48       236   55.7   1.9664e-02   55.7     1778
  768.5  4201.6   1.68    13.4    1.48      2316    6.8   1.9302e-01    6.8     1778
  784.6  4289.4   1.66     3.5    0.90       345   40.4   2.8732e-02   40.4     1659
  804.0  4395.3   1.83     4.1    1.14       292   43.1   2.4292e-02   43.1     1598
  810.7  4432.3   1.84    12.3    1.14      2181    7.0   1.8179e-01    7.0     1598
  822.3  4495.5   1.74     3.7    0.92       361   33.0   3.0109e-02   33.0     1495
  828.9  4531.8   1.74    16.7    0.92      3261    4.8   2.7179e-01    4.8     1495
  839.2  4588.2   1.71     8.5    1.34       965   15.3   8.0404e-02   15.3     1486
  884.4  4835.0   1.75     3.5    1.27       266   45.5   2.2176e-02   45.5     1508
  890.0  4865.8   1.75     9.9    1.27      2059    7.7   1.7156e-01    7.7     1424
  911.1  4981.1   1.77     8.2    0.94      1060   14.0   8.8369e-02   14.0     1566
  925.3  5058.7   1.82     7.3    1.35       712   20.0   5.9348e-02   20.0     1439
  931.3  5091.6   1.83    25.4    1.35      6709    2.8   5.5910e-01    2.8     1439
  934.9  5111.3   1.83     6.7    1.35       597   22.7   4.9769e-02   22.7     1439
  938.7  5132.3   1.84    47.8    1.35     22569    1.4   1.8808e+00    1.4     1439
  964.6  5273.9   1.82     3.5    1.23       232   52.3   1.9369e-02   52.3     1311
  968.9  5297.5   1.82     4.7    1.23       593   22.2   4.9448e-02   22.2     1238
 1000.2  5468.6   1.77    12.4    1.04      1671    8.2   1.3924e-01    8.2     1012
 1036.1  5664.6   2.03    11.2    0.62      1791    7.3   1.4925e-01    7.3      926
 1048.7  5733.5   1.89     7.7    0.89       811   14.3   6.7565e-02   14.3      860
 1104.0  6036.3   1.94     8.6    0.93       846   13.5   7.0517e-02   13.5      772
 1120.7  6127.5   1.95     7.5    1.25      1040   11.5   8.6653e-02   11.5      789
 1133.9  6199.8   1.97     5.2    1.14       243   42.9   2.0215e-02   42.9      707
 1150.8  6292.1   1.99    45.2    1.50     18289    1.6   1.5241e+00    1.6      824
 1175.3  6426.2   2.05    13.1    1.11      1727    7.1   1.4391e-01    7.1      801
 1183.6  6471.2   2.06    28.8    1.11      8715    2.2   7.2625e-01    2.2      801
 1200.3  6562.5   2.02     3.9    0.81       268   35.3   2.2297e-02   35.3      628
 1218.8  6664.1   1.97    12.3    1.73      1515    9.6   1.2627e-01    9.6      863
 1238.2  6770.2   2.06     3.4    0.66       338   29.2   2.8172e-02   29.2      701
 1267.3  6929.3   2.08     3.6    1.03       230   34.1   1.9182e-02   34.1      516
 1274.5  6968.3   2.09     6.9    1.03       781   11.6   6.5053e-02   11.6      542
 1293.8  7073.8   2.10     9.9    1.09      1204    8.6   1.0030e-01    8.6      483
 1316.5  7197.9   2.12     5.2    1.11       385   19.8   3.2091e-02   19.8      382
 1324.4  7241.2   2.13     5.2    1.11       276   25.2   2.3020e-02   25.2      401
 1342.2  7338.6   2.18    10.2    0.56      1200    8.0   1.0003e-01    8.0      361
 1362.3  7448.4   2.16     4.0    1.03       103   54.1   8.6065e-03   54.1      303
 1369.3  7486.7   2.17     3.3    1.03       189   29.1   1.5761e-02   29.1      303
 1377.5  7532.0   2.18     7.3    1.03       564   12.2   4.7032e-02   12.2      318
 1408.5  7701.3   2.17    11.2    0.86      1041    8.2   8.6711e-02    8.2      254
 1460.8  7987.1   2.33    28.8    1.24      7893    2.1   6.5776e-01    2.1      185
 1468.9  8031.7   2.34    21.6    1.24      4608    3.0   3.8400e-01    3.0      194
 1479.2  8087.7   2.35     3.7    1.24       156   27.2   1.2978e-02   27.2      194
 1487.2  8131.4   2.36     6.4    1.24       423   12.1   3.5226e-02   12.1      194
 1495.8  8178.4   2.36     3.9    1.24        93   45.9   7.7256e-03   45.9      194
 1512.0  8267.2   2.29     8.8    1.64       895    9.1   7.4587e-02    9.1      181
 1553.5  8494.0   2.33     3.5    1.12       132   32.0   1.1028e-02   32.0      134
 1565.1  8557.8   2.34     7.7    1.12       515   10.9   4.2880e-02   10.9      140
 1622.2  8869.6   2.48    11.7    1.13      1457    5.6   1.2141e-01    5.6      118
 1661.5  9084.5   2.42     3.4    1.00        61   55.0   5.0540e-03   55.0       90
 1670.4  9133.6   2.43     3.3    1.00       102   36.4   8.4839e-03   36.4       90
 1729.6  9457.0   2.48     4.5    1.29       124   33.4   1.0371e-02   33.4       76
 1764.5  9648.0   2.46    10.3    1.15       795    8.2   6.6258e-02    8.2       60
 1780.5  9735.4   2.56     3.5    1.05        93   31.7   7.7504e-03   31.7       67
 1785.2  9761.4   2.57     3.4    1.05        77   36.8   6.4106e-03   36.8       67
 1797.2  9826.7   2.58     5.4    1.05       349   12.4   2.9107e-02   12.4       67
 1805.7  9873.1   2.59    10.0    1.05       687    7.9   5.7279e-02    7.9       67
 1829.4 10003.1   2.57     3.4    0.90        57   53.5   4.7303e-03   53.5       51
 1847.7 10102.8   2.59     3.3    0.81       111   33.7   9.2391e-03   33.7       65
 2043.8 11175.4   2.76     3.3    1.08       132   27.1   1.1023e-02   27.1       48
 2103.1 11499.9   2.81     3.7    1.06       142   27.1   1.1851e-02   27.1       57
 2203.9 12050.9   2.89     5.7    0.87       231   18.0   1.9233e-02   18.0       54
 2375.8 12991.0   3.04     3.8    1.02       124   30.2   1.0350e-02   30.2       62
 2447.2 13381.4   3.11     3.4    0.79        66   42.7   5.4909e-03   42.7       28
 2614.1 14293.9   3.21    11.5    0.92      1306    5.5   1.0880e-01    5.5       11

   indicates the Iterative Peak Width fitting reached a limiting value.
