
                       be used for evaluation purposes
                                                            15-Oct-2019 13:35
                       _________________________________

                       P E A K     F I T     R E P O R T
                       _________________________________

 Spectrum file Analysed: AM_Ir01_IDM1_jobscript_015-029 
 Sample Title :                                                  

 Spectrum saved on 15-Oct-2019 at 13:35    Collected on 26-Feb-2019 at 17:26
 Sample  Taken  on 26-Feb-2019 at 14:21    Decayed      0 Days,     0 mins.

            Detector file number used:     3
            Energy     Calibration Performed on  8-Mar-2019 at 11:49
            Peak Shape Calibration Performed on  8-Mar-2019 at 11:50

 

   Datetime:  26-Feb-2019  14:21
   Live:      9000.00 
   Mass:      177
   Shelf:     53
   Detector:      3

   Reported Activity values were rounded     
   FitzPeaks Version: 3.71 23rd January 2014           
                                                                                                     
              


 Peak   Centre   FW@HM         Goodness   Peak      %      Gammas       %      2 Sigma
Energy  Channel  (KeV)  Signif  of Fit    Area   Uncert.  per sec.   Uncert. Background

   61.4   336.4   1.13     8.2  127.93    322575    3.8   3.5842e+01    3.8   627521
   63.1   345.4   1.13   598.0  127.93   5917389    0.3   6.5749e+02    0.3   627521
   64.7   354.2   1.13   912.1  127.93   9717696    0.3   1.0797e+03    0.3   684569
   69.3   379.3   1.25    11.1   21.93     47242   23.3   5.2491e+00   23.3   253998
   71.0   389.0   1.25    23.8   21.93    175187    6.5   1.9465e+01    6.5   234459
   73.2   401.0   1.25   543.0   21.93   3946667    0.3   4.3852e+02    0.3   234459
   75.4   412.8   1.25   262.5   21.93   1207199    0.9   1.3413e+02    0.9   234459
   82.1   449.5   1.15   202.2    1.53    498520    0.6   5.5391e+01    0.6   131703
   84.7   463.5   1.15    30.3    1.53     40353    6.4   4.4837e+00    6.4   131703
   87.2   477.4   1.15    11.8    1.53     10867   22.5   1.2074e+00   22.5   131703
   94.1   514.9   1.12   277.1    1.79    752809    0.3   8.3645e+01    0.3   138769
   96.4   527.5   1.12   123.7    1.79    208277    0.9   2.3142e+01    0.9   127205
  113.6   621.6   1.13   193.8    1.08    376266    0.5   4.1807e+01    0.5   128211
  129.3   707.7   1.15   129.2    3.67    205579    2.3   2.2842e+01    2.3   161291
  138.2   756.1   1.16     4.6    1.69      6431   22.5   7.1460e-01   22.5   134282
  140.9   771.2   1.16   231.9    1.69    522566    0.4   5.8063e+01    0.4   134282
  146.9   804.1   1.16     5.4    0.79      5757   19.6   6.3971e-01   19.6   128459
  172.1   942.0   1.18   144.7    0.57    226339    0.7   2.5149e+01    0.7   115860
  176.3   964.9   1.20    87.7    1.12    109380    1.1   1.2153e+01    1.1   110130
  178.9   979.0   1.20    57.2    1.12     65507    1.8   7.2786e+00    1.8   110130
  181.1   991.2   1.20    20.2    1.12     21665    4.8   2.4073e+00    4.8   110130
  183.5  1004.2   1.20     3.4    1.12      4663   22.1   5.1811e-01   22.1   110130
  186.6  1021.0   1.20   182.0    1.12    368438    0.4   4.0938e+01    0.4   110130
  187.7  1026.8   1.21    10.4    1.12     25970    4.6   2.8856e+00    4.6   110130
  190.7  1043.4   1.21    20.5    1.12     18146    6.0   2.0162e+00    6.0   110130
  197.0  1078.1   1.20     8.6    1.81      7448   28.3   8.2760e-01   28.3   101597
  203.7  1114.5   1.27    46.7    3.12     49145    2.2   5.4606e+00    2.2    89657
  205.8  1126.2   1.28     3.4    3.12      4684   19.7   5.2046e-01   19.7    89657
  208.7  1142.2   1.28     7.1    3.12      8787   11.4   9.7635e-01   11.4    89657
  212.7  1163.7   1.28    13.3    3.12     11602    7.7   1.2891e+00    7.7    89657
  216.5  1184.4   1.28     4.7    3.12      3264   26.5   3.6271e-01   26.5    89657
  219.7  1202.0   1.29    50.4    3.12     50484    2.1   5.6094e+00    2.1    82761
  223.2  1221.4   1.29    98.1    3.12    152048    0.8   1.6894e+01    0.8    89657
  225.7  1234.8   1.29    10.7    3.12      7929   12.6   8.8098e-01   12.6    89657
  243.4  1331.7   1.24   232.2    1.26    567404    0.3   6.3045e+01    0.3    67980
  245.2  1341.3   1.24     7.1    1.26     22403    5.1   2.4892e+00    5.1    67980
  252.4  1381.2   1.24     4.2    0.98      2232   33.3   2.4799e-01   33.3    55236
  258.4  1413.6   1.50    29.0    6.47     26922    4.1   2.9913e+00    4.1    61397
  263.2  1439.8   1.50     5.4    6.47      3900   19.8   4.3334e-01   19.8    61397
  268.6  1469.6   1.51    62.7    6.47    121460    1.6   1.3496e+01    1.6    61397
  276.7  1513.9   1.26     3.4    2.43      2204   34.8   2.4486e-01   34.8    44478
  284.5  1556.4   1.29    16.3    6.40     11596    5.9   1.2885e+00    5.9    44853
  288.3  1577.2   1.29    11.7    6.40      5533   11.0   6.1477e-01   11.0    44853
  293.8  1607.6   1.30    19.8    6.40     21234    4.5   2.3593e+00    4.5    44853
  295.8  1618.4   1.30    16.2    6.40     19299    5.4   2.1443e+00    5.4    44853
  300.4  1643.5   1.30   163.6    6.40    261869    0.5   2.9097e+01    0.5    44853
  308.4  1687.5   1.32    21.6    3.25     13201   12.9   1.4667e+00   12.9    44112
  316.5  1731.8   1.29     6.5    1.38     40814    2.5   4.5349e+00    2.5    40410
  317.5  1737.0   1.29   133.4    1.38    211483    0.6   2.3498e+01    0.6    40410
  324.5  1775.3   1.32     3.6    1.41      1687   39.5   1.8743e-01   39.5    39019
  328.5  1797.4   1.32    80.8    1.41     80949    1.1   8.9944e+00    1.1    39019
  340.3  1861.6   1.54     3.3    0.86      1694   39.2   1.8820e-01   39.2    44213
  343.2  1877.7   1.54    12.3    0.86      9251    7.4   1.0279e+00    7.4    44213
  351.2  1921.4   1.34   101.1    1.04    133330    0.8   1.4814e+01    0.8    37925
  352.6  1928.9   1.34    10.2    1.04     10005    6.8   1.1116e+00    6.8    40843
  356.4  1949.8   1.35     3.9    1.04      2426   25.7   2.6951e-01   25.7    40843
  360.0  1969.4   1.35   126.0    1.04    221503    0.5   2.4611e+01    0.5    37925
  361.2  1975.9   1.35    14.7    1.04     46065    1.8   5.1183e+00    1.8    40843
  371.3  2031.2   1.37    35.9    1.01     26986    2.7   2.9985e+00    2.7    36017
  380.2  2080.1   1.34     4.9    1.01      2432   23.9   2.7027e-01   23.9    33481
  397.4  2173.9   1.31    13.8    1.00      6766    8.0   7.5181e-01    8.0    27659
  403.9  2209.7   1.37    74.7    1.51     73030    1.1   8.1144e+00    1.1    28691
  407.2  2227.9   1.38    25.1    1.51     31389    2.3   3.4876e+00    2.3    28691
  409.5  2240.1   1.38   151.4    1.51    258202    0.5   2.8689e+01    0.5    28691
  420.6  2300.9   1.37     4.8    1.43      2436   21.3   2.7067e-01   21.3    26046
  431.0  2357.6   1.56    17.6    1.15     11846    4.1   1.3162e+00    4.1    23290
  437.6  2393.8   1.57     3.5    1.15       998   44.7   1.1093e-01   44.7    24843
  445.0  2434.5   1.39     5.5    1.09      1762   25.0   1.9579e-01   25.0    18979
  447.8  2449.6   1.39     7.6    1.09      2657   16.5   2.9526e-01   16.5    18979
  456.5  2497.0   1.42   102.1    1.55     97202    0.8   1.0800e+01    0.8    17773
  459.4  2513.3   1.42     8.9    1.55      4918   11.9   5.4642e-01   11.9    17773
  468.0  2560.3   1.42    33.0    1.23     16697    3.1   1.8552e+00    3.1    16150
  477.6  2612.5   1.42     8.0    1.51      2494   14.7   2.7713e-01   14.7    17136
  484.8  2652.1   1.42     7.1    1.51      2007   18.5   2.2305e-01   18.5    15994
  493.5  2699.4   1.70    19.0    1.12     11741    7.5   1.3045e+00    7.5    19652
  502.5  2748.8   1.44    44.3    0.81     24962    2.1   2.7736e+00    2.1    14917
  510.9  2794.9   2.83    21.6    2.86     48678    2.0   5.4087e+00    2.0    29783
  518.4  2835.9   1.39    48.0    2.86     29073    1.8   3.2303e+00    1.8    14891
  530.4  2901.7   1.46    20.7    0.89      8863    5.2   9.8481e-01    5.2    14801
  538.8  2947.6   1.49   186.0    3.04    360676    0.3   4.0075e+01    0.3    11758
  541.5  2962.3   1.50     9.2    3.04     11415    4.4   1.2683e+00    4.4    11758
  544.8  2980.5   1.50   153.0    3.04    241006    0.5   2.6778e+01    0.5    11758
  550.3  3010.2   1.50     3.7    3.04      1047   40.1   1.1631e-01   40.1    11758
  557.9  3051.9   1.49    49.1    0.58     24729    1.8   2.7476e+00    1.8     9647
  568.8  3111.6   1.53   178.3    1.69    282798    0.4   3.1422e+01    0.4     9176
  576.6  3154.0   1.59    13.7    1.04      4938    5.3   5.4872e-01    5.3     7962
  583.3  3190.9   1.59     9.0    1.04      2797    9.2   3.1074e-01    9.2     7962
  585.0  3199.9   1.59     3.9    1.04      2103   11.4   2.3371e-01   11.4     7962
  588.1  3217.2   1.60    14.5    1.04      4736    5.4   5.2621e-01    5.4     7962
  594.5  3252.1   1.60    14.2    1.04      3874    6.7   4.3048e-01    6.7     7962
  602.2  3294.4   1.55     4.2    1.59      2151   15.0   2.3905e-01   15.0     6237
  605.0  3309.6   1.55    22.6    1.59     31929    1.6   3.5477e+00    1.6     6237
  607.5  3323.1   1.55   173.2    1.59    287123    0.4   3.1903e+01    0.4     6653
  609.5  3334.0   1.56     6.3    1.59      1613   20.6   1.7919e-01   20.6     6653
  612.3  3349.4   1.56     7.7    1.59      1626   19.0   1.8070e-01   19.0     6237
  616.2  3370.7   1.56    44.8    1.59     22317    1.9   2.4796e+00    1.9     6237
  622.7  3406.4   1.54     8.4    2.48      7082    6.2   7.8694e-01    6.2     5848
  624.0  3413.2   1.54    49.2    2.48     33288    1.6   3.6987e+00    1.6     5848
  627.0  3429.7   1.54    91.2    2.48     79831    0.8   8.8701e+00    0.8     5848
  631.0  3452.0   1.54    10.1    2.48      2060   17.4   2.2890e-01   17.4     6238
  640.9  3506.1   1.79     4.6    2.65      1232   22.8   1.3687e-01   22.8     5104
  644.3  3524.6   1.79    41.6    2.65     24476    2.0   2.7195e+00    2.0     4820
  651.5  3563.6   1.48    15.5    1.25      3781    6.5   4.2017e-01    6.5     4124
  655.5  3585.6   1.48    11.3    1.25      2429    9.1   2.6985e-01    9.1     4124
  668.6  3657.6   1.56     3.6    1.39       454   43.8   5.0422e-02   43.8     3526
  671.9  3675.4   1.57     5.6    1.39       755   25.1   8.3855e-02   25.1     3526
  673.8  3685.6   1.57     5.1    1.39      1282   14.8   1.4242e-01   14.8     3526
  678.8  3713.2   1.57     9.1    1.39      1729   11.4   1.9207e-01   11.4     3761
  698.2  3819.4   1.69    21.6    1.67      6986    4.2   7.7621e-01    4.2     3521
  708.2  3874.1   1.59     7.3    1.81      1322   19.4   1.4693e-01   19.4     3242
  714.2  3906.5   1.60     7.0    1.81      1631   16.1   1.8127e-01   16.1     3039
  721.2  3945.2   1.61   167.2    4.28    300034    0.4   3.3337e+01    0.4     3305
  726.1  3972.1   1.62    22.0    4.28      6792    4.7   7.5466e-01    4.7     3305
  729.3  3989.3   1.62     3.9    4.28      1161   24.1   1.2902e-01   24.1     3305
  733.6  4013.0   1.62    21.4    4.28     10770    3.4   1.1967e+00    3.4     3305
  735.6  4024.0   1.62    21.3    4.28     11899    3.0   1.3221e+00    3.0     3305
  743.3  4066.0   1.62     6.3    1.11      1135   13.4   1.2611e-01   13.4     2336
  745.9  4080.3   1.62     4.8    1.11       724   20.6   8.0431e-02   20.6     2336
  751.0  4108.2   1.63     7.2    1.11      1712    9.8   1.9026e-01    9.8     2336
  755.9  4134.6   1.63     8.5    1.11      2112    7.9   2.3464e-01    7.9     2336
  765.2  4186.0   1.64     5.5    1.64       762   22.5   8.4621e-02   22.5     2242
  768.5  4203.7   1.64     8.1    1.64      1486   11.6   1.6514e-01   11.6     2242
  771.9  4222.1   1.64     4.6    1.64       371   47.4   4.1267e-02   47.4     2242
  781.9  4277.0   1.68     6.0    2.01      1096   18.1   1.2175e-01   18.1     2416
  788.7  4314.2   1.69    13.6    2.01      3329    6.1   3.6990e-01    6.1     2567
  792.5  4335.0   1.69    55.9    2.01     37856    1.0   4.2063e+00    1.0     2416
  796.0  4354.1   1.69     7.4    2.01      1007   18.8   1.1192e-01   18.8     2416
  798.2  4366.1   1.70    16.7    2.01      5290    4.4   5.8777e-01    4.4     2416
  808.6  4423.4   1.58     6.7    1.46      1586   21.9   1.7625e-01   21.9     2433
  810.9  4435.5   1.58    12.7    1.46      2911   12.0   3.2344e-01   12.0     2433
  820.8  4489.8   1.68     4.7    1.17       462   35.9   5.1345e-02   35.9     2113
  828.0  4529.0   1.86    21.7    1.20     10778    2.5   1.1976e+00    2.5     2049
  829.7  4538.3   1.86     5.1    1.20       990   17.3   1.1003e-01   17.3     2049
  835.7  4571.2   1.87     9.6    1.20      2766    6.6   3.0729e-01    6.6     2049
  839.0  4589.5   1.87     5.5    1.20       940   16.5   1.0446e-01   16.5     2163
  844.5  4619.6   1.87     3.5    1.20       338   46.3   3.7583e-02   46.3     2163
  850.0  4649.5   1.70     4.1    1.24       333   41.8   3.7026e-02   41.8     1862
  855.5  4679.7   1.71     3.8    1.24       649   21.5   7.2111e-02   21.5     1862
  860.3  4705.9   1.71     3.5    1.24       229   59.6   2.5497e-02   59.6     1862
  880.0  4813.7   2.07     9.7    2.27      1724   10.1   1.9156e-01   10.1     2077
  885.4  4843.2   2.08    15.1    2.27      3926    5.5   4.3623e-01    5.5     2077
  891.9  4878.6   2.08     3.5    2.27       805   20.1   8.9430e-02   20.1     2180
  902.4  4936.2   1.74     6.0    1.20       715   17.3   7.9477e-02   17.3     1678
  911.5  4986.0   1.75     7.0    1.20      1125   11.9   1.2497e-01   11.9     1777
  924.7  5057.9   1.88    24.8    2.22      6887    3.2   7.6518e-01    3.2     1691
  930.5  5089.7   1.89     3.6    2.22      1399   11.7   1.5540e-01   11.7     1785
  934.3  5110.7   1.89     4.4    2.22       882   17.2   9.8041e-02   17.2     1785
  938.7  5134.8   1.90    10.3    2.22      1532   10.8   1.7018e-01   10.8     1785
  951.7  5205.9   1.78     6.1    1.23       572   19.7   6.3534e-02   19.7     1498
  955.5  5226.3   1.79     4.9    1.23       421   25.7   4.6771e-02   25.7     1415
  964.6  5276.3   1.79     3.5    1.23       337   31.8   3.7398e-02   31.8     1498
  968.7  5298.8   1.80     6.1    1.23       610   21.1   6.7794e-02   21.1     1498
  986.5  5396.3   1.87     7.4    1.67      1333   10.9   1.4806e-01   10.9     1509
  992.6  5429.6   1.87    12.5    1.67      1892    8.2   2.1023e-01    8.2     1593
 1002.8  5485.1   1.75     9.9    0.92      1233   10.9   1.3699e-01   10.9     1419
 1007.7  5512.3   1.76    12.8    0.92      1927    7.0   2.1413e-01    7.0     1340
 1011.9  5535.3   1.76     8.4    0.92      1080   12.0   1.1998e-01   12.0     1340
 1026.7  5615.9   1.83    28.1    1.07      7590    2.6   8.4332e-01    2.6     1370
 1033.8  5655.0   1.83     4.7    1.07      1040   11.9   1.1555e-01   11.9     1370
 1036.1  5667.3   1.83     6.7    1.07      1093   10.8   1.2148e-01   10.8     1370
 1044.0  5710.6   1.84    11.7    1.07      1609    8.1   1.7876e-01    8.1     1370
 1070.6  5855.9   1.87     9.2    1.68      1330   11.9   1.4781e-01   11.9     1381
 1080.7  5911.1   1.81    11.6    1.07      1519    8.6   1.6877e-01    8.6     1307
 1089.4  5958.8   1.82     6.9    1.07       797   14.3   8.8501e-02   14.3     1307
 1106.3  6051.7   1.97    16.9    1.03      4118    4.5   4.5755e-01    4.5     1337
 1108.8  6065.1   1.98     8.6    1.03      2056    7.8   2.2842e-01    7.8     1408
 1120.3  6128.3   1.91     5.6    1.06       664   17.4   7.3776e-02   17.4     1288
 1124.2  6149.5   1.92     3.6    1.06       475   22.2   5.2820e-02   22.2     1288
 1133.7  6201.1   1.92     3.3    1.06       292   37.3   3.2401e-02   37.3     1288
 1144.0  6257.5   1.93     5.6    1.34       786   15.0   8.7388e-02   15.0     1309
 1150.7  6294.5   1.94     8.8    1.34      1178   10.2   1.3088e-01   10.2     1309
 1157.9  6333.4   1.94     4.3    1.34       598   19.4   6.6498e-02   19.4     1309
 1167.9  6388.3   1.95     5.0    0.97       611   17.2   6.7853e-02   17.2     1240
 1175.7  6431.2   1.96     4.0    0.97       275   34.7   3.0593e-02   34.7     1240
 1183.8  6475.4   1.96     8.5    0.97      1146   10.1   1.2729e-01   10.1     1240
 1198.9  6557.8   1.97     3.8    0.92       323   33.9   3.5840e-02   33.9     1269
 1207.6  6605.4   1.98     8.0    0.92      1102   11.1   1.2244e-01   11.1     1269
 1230.8  6732.3   2.00     8.5    1.34      1159   10.6   1.2883e-01   10.6     1220
 1240.4  6785.0   2.00     5.9    1.34       399   29.9   4.4328e-02   29.9     1284
 1254.0  6859.2   2.03    26.4    1.37      6521    3.1   7.2460e-01    3.1     1140
 1274.6  6972.0   2.03     4.1    0.97       272   39.4   3.0205e-02   39.4      822
 1293.3  7074.2   1.92     3.5    1.07       227   33.2   2.5175e-02   33.2      683
 1300.0  7111.0   1.93     4.9    1.07       385   22.0   4.2827e-02   22.0      647
 1305.3  7139.8   1.93     5.5    1.07       417   19.4   4.6388e-02   19.4      683
 1312.3  7178.1   1.94    11.5    1.07      1170    8.8   1.2995e-01    8.8      683
 1323.5  7239.4   2.03    20.6    2.37      4155    4.7   4.6169e-01    4.7     1110
 1344.4  7353.7   2.09     8.0    0.85       903   21.4   1.0029e-01   21.4      829
 1356.3  7418.7   2.48     3.4    1.47       405   24.8   4.5018e-02   24.8      665
 1362.6  7453.0   2.48    10.4    1.47      1213   10.0   1.3479e-01   10.0      665
 1377.6  7535.2   2.22    11.2    1.10      1393    8.0   1.5479e-01    8.0      553
 1381.6  7557.2   2.22     8.4    1.10      1204    8.3   1.3383e-01    8.3      553
 1387.5  7589.2   2.22    10.1    1.10      1416    7.4   1.5728e-01    7.4      553
 1390.5  7605.7   2.23     5.3    1.10       235   35.2   2.6059e-02   35.2      553
 1395.2  7631.5   2.23     3.6    1.10       682   14.0   7.5772e-02   14.0      528
 1405.9  7690.1   2.13     5.1    1.06       889   24.5   9.8768e-02   24.5      898
 1408.3  7703.3   2.13     4.6    1.06       936   23.0   1.0400e-01   23.0      898
 1422.7  7781.9   2.15     6.2    0.84       690   12.6   7.6620e-02   12.6      426
 1442.2  7888.8   2.16     4.7    1.45       269   34.4   2.9940e-02   34.4      506
 1446.2  7910.8   2.16    10.0    1.45       908   11.7   1.0092e-01   11.7      506
 1457.7  7973.5   2.24    15.3    1.19      3713    3.6   4.1258e-01    3.6      344
 1460.8  7990.5   2.25    24.2    1.19      5988    2.6   6.6529e-01    2.6      344
 1469.0  8035.2   2.25     4.7    1.19       293   21.3   3.2513e-02   21.3      360
 1476.8  8077.8   2.26    21.4    1.19      5532    2.8   6.1470e-01    2.8      360
 1485.7  8126.7   2.27     4.1    1.19       217   28.3   2.4154e-02   28.3      360
 1496.0  8183.1   2.26     9.5    1.24      1049    8.8   1.1653e-01    8.8      309
 1501.2  8211.1   2.27    10.8    1.24      1470    6.4   1.6337e-01    6.4      309
 1504.4  8228.7   2.27     8.0    1.24       295   25.4   3.2757e-02   25.4      309
 1509.2  8255.2   2.27     4.6    1.24       273   26.5   3.0312e-02   26.5      309
 1528.4  8360.4   2.18    10.8    1.02       860    8.9   9.5601e-02    8.9      234
 1536.6  8404.7   2.18     3.5    1.02       145   37.3   1.6121e-02   37.3      234
 1553.4  8496.8   2.25     3.3    0.94       187   30.6   2.0795e-02   30.6      215
 1558.0  8522.0   2.25     7.7    0.94       679   10.8   7.5409e-02   10.8      215
 1571.5  8595.6   2.28    12.0    0.93      1119    6.3   1.2431e-01    6.3      178
 1579.4  8639.0   2.29     4.2    0.93       279   16.8   3.1005e-02   16.8      170
 1582.8  8657.9   2.29     4.0    0.93       162   25.9   1.7984e-02   25.9      170
 1588.3  8687.9   2.30     3.4    0.93       116   33.6   1.2835e-02   33.6      170
 1593.1  8714.0   2.30     6.3    0.93       571    9.5   6.3497e-02    9.5      170
 1601.2  8758.2   2.31     4.2    0.93       236   18.3   2.6229e-02   18.3      170
 1610.5  8809.1   2.31     3.3    0.93       315   14.9   3.5020e-02   14.9      170
 1613.4  8825.3   2.31     6.7    0.93       560   10.1   6.2182e-02   10.1      178
 1622.5  8875.0   2.30     5.3    1.20       281   16.7   3.1188e-02   16.7      135
 1635.4  8945.5   2.31     5.7    1.20       238   19.2   2.6390e-02   19.2      141
 1638.3  8961.2   2.31     5.0    1.20       219   21.3   2.4315e-02   21.3      135
 1653.5  9044.3   2.32     8.5    1.08       799    8.1   8.8820e-02    8.1       98
 1673.1  9151.5   2.34     5.8    1.17       352   13.6   3.9141e-02   13.6      120
 1683.6  9209.3   2.35     6.1    1.17       425   11.6   4.7186e-02   11.6      120
 1688.5  9236.0   2.35     4.5    1.17       255   18.1   2.8377e-02   18.1      115
 1707.7  9340.9   2.36     3.9    0.99       101   29.2   1.1192e-02   29.2       63
 1716.0  9386.4   2.37     3.8    0.99       172   19.2   1.9093e-02   19.2       63
 1720.7  9411.8   2.37     4.9    0.99       335   11.4   3.7186e-02   11.4       63
 1729.9  9462.0   2.38     3.5    0.99       122   23.9   1.3590e-02   23.9       65
 1733.9  9484.1   2.39     3.4    0.99        92   33.8   1.0250e-02   33.8       65
 1740.6  9520.5   2.39     4.2    0.99       274   14.2   3.0479e-02   14.2       63
 1757.7  9614.1   2.40     3.3    0.88        77   45.6   8.5448e-03   45.6       77
 1764.4  9650.7   2.41     4.9    0.88       639    9.1   7.0987e-02    9.1       74
 1767.2  9666.1   2.41     6.4    0.88       745    8.5   8.2824e-02    8.5       77
 1792.2  9802.8   2.43     3.5    1.30       107   34.6   1.1853e-02   34.6       86
 1798.2  9835.9   2.43     5.9    1.30       345   12.9   3.8369e-02   12.9       86
 1802.1  9857.1   2.44     4.9    1.30       278   15.5   3.0877e-02   15.5       86
 1812.0  9911.1   2.44     4.0    1.30       127   28.0   1.4095e-02   28.0       86
 1815.7  9931.4   2.45     3.4    1.30       104   32.1   1.1587e-02   32.1       82
 1847.3 10104.4   2.47     3.7    0.85        70   41.8   7.8073e-03   41.8       52
 1854.0 10141.0   2.48     3.4    0.85        55   53.6   6.1142e-03   53.6       52
 1919.4 10498.5   2.53     4.9    1.02       161   20.5   1.7866e-02   20.5       34
 1943.6 10631.1   2.55     3.5    0.82        82   33.8   9.0637e-03   33.8       39
 2103.2 11504.2   2.67     3.4    1.01        91   29.4   1.0112e-02   29.4       45
 2118.3 11586.5   2.68     3.4    1.01        50   45.7   5.5385e-03   45.7       43
 2203.9 12054.7   2.75     3.8    0.96       165   18.4   1.8323e-02   18.4       33
 2214.9 12115.1   2.76     3.4    0.96        60   39.6   6.7082e-03   39.6       32
 2447.3 13386.2   2.93     3.6    0.96        54   46.2   6.0334e-03   46.2       21
 2614.3 14299.3   3.03    10.4    0.77      1018    6.3   1.1308e-01    6.3       14

   indicates the Iterative Peak Width fitting reached a limiting value.
