
                       be used for evaluation purposes
                                                            15-Oct-2019 16:05
                       _________________________________

                       P E A K     F I T     R E P O R T
                       _________________________________

 Spectrum file Analysed: AM_Ir03_IDM2_jobscript_060-074 
 Sample Title :                                                  

 Spectrum saved on 15-Oct-2019 at 16:05    Collected on 27-Feb-2019 at  2:49
 Sample  Taken  on 26-Feb-2019 at 23:58    Decayed      0 Days,     0 mins.

            Detector file number used:     4
            Energy     Calibration Performed on  8-Mar-2019 at 11:45
            Peak Shape Calibration Performed on  8-Mar-2019 at 11:47

 

   Datetime:  26-Feb-2019  23:58
   Live:      9000.00 
   Mass:      377
   Shelf:     32
   Detector:      4

   Reported Activity values were rounded     
   FitzPeaks Version: 3.71 23rd January 2014           
                                                                                                     
              


 Peak   Centre   FW@HM         Goodness   Peak      %      Gammas       %      2 Sigma
Energy  Channel  (KeV)  Signif  of Fit    Area   Uncert.  per sec.   Uncert. Background

   61.7   336.5   1.15    16.7   86.33    255488   21.6   2.8388e+01   21.6   675852
   63.4   345.6   1.15   508.9   86.33   4898324    1.3   5.4426e+02    1.3   675852
   65.0   354.4   1.15   807.9   86.33   8045065    0.7   8.9390e+02    0.7   675852
   69.6   379.4   1.26     8.6   33.98     26422   15.4   2.9357e+00   15.4   240195
   71.3   388.9   1.26    24.0   33.98    145982    3.1   1.6220e+01    3.1   221718
   73.6   401.2   1.26   475.5   33.98   3356375    0.2   3.7293e+02    0.2   240195
   75.7   413.0   1.26   226.9   33.98   1039398    0.5   1.1549e+02    0.5   221718
   82.5   450.0   1.17   206.9    1.66    507834    0.5   5.6426e+01    0.5   109038
   85.0   463.8   1.17    31.1    1.66     37742    6.2   4.1936e+00    6.2   109038
   87.5   477.5   1.17    11.7    1.66     10920   20.5   1.2134e+00   20.5    99952
   94.4   515.0   1.15   181.7    1.47    391281    0.5   4.3476e+01    0.5   104514
   96.7   527.5   1.15   153.2    1.47    296697    0.6   3.2966e+01    0.6    95805
  113.9   621.4   1.16   126.8    1.01    195466    0.8   2.1718e+01    0.8    96724
  129.6   707.3   1.20   162.3    2.69    311638    0.7   3.4626e+01    0.7   110370
  138.4   755.7   1.18     5.6    1.14      5606   21.8   6.2289e-01   21.8   103221
  141.2   770.8   1.18   156.7    1.14    270030    0.6   3.0003e+01    0.6   103221
  147.3   804.6   1.16     6.4    1.09      3957   25.9   4.3967e-01   25.9    92340
  172.3   941.0   1.21   173.5    1.23    316979    0.5   3.5220e+01    0.5    97509
  176.5   963.9   1.22    53.6    1.23     54908    2.0   6.1009e+00    2.0    97509
  179.0   977.9   1.22    75.5    1.23     88231    1.3   9.8035e+00    1.3    97509
  181.2   990.0   1.22     8.4    1.23      9009   11.9   1.0010e+00   11.9    97509
  186.7  1019.9   1.24   136.2    0.83    254066    0.6   2.8230e+01    0.6    89494
  187.8  1025.5   1.24     8.8    0.83     34562    3.7   3.8403e+00    3.7    96951
  190.8  1042.3   1.25    12.6    0.83      9528   12.8   1.0586e+00   12.8    96951
  197.2  1077.1   1.45    12.4    2.08     13442    9.0   1.4935e+00    9.0    96240
  203.8  1113.0   1.30    28.1    2.46     24034    3.8   2.6705e+00    3.8    73738
  206.0  1125.4   1.30     3.9    2.46      5055   17.0   5.6161e-01   17.0    73738
  208.8  1140.9   1.30    13.7    2.46     13066    7.0   1.4518e+00    7.0    73738
  212.8  1162.3   1.31     8.7    2.46      5818   14.2   6.4641e-01   14.2    73738
  216.6  1183.1   1.31     3.7    2.46      3347   24.2   3.7194e-01   24.2    73738
  219.7  1200.4   1.31    62.8    2.46     69140    1.6   7.6822e+00    1.6    73738
  222.0  1212.9   1.31     7.7    2.46     10568    8.7   1.1742e+00    8.7    79411
  223.4  1220.2   1.32    62.4    2.46     85227    1.3   9.4696e+00    1.3    73738
  225.7  1232.9   1.32     3.6    2.46      4931   18.1   5.4788e-01   18.1    79411
  243.4  1329.9   1.28   167.6    0.60    289183    0.5   3.2131e+01    0.5    55250
  245.2  1339.6   1.28     4.4    0.60     26442    3.8   2.9380e+00    3.8    55250
  252.2  1378.1   1.38     3.7    1.44      1584   38.1   1.7604e-01   38.1    49746
  258.4  1411.7   1.38    17.3    1.44     12315    5.3   1.3684e+00    5.3    49746
  263.4  1439.5   1.39     3.9    1.44      1516   41.3   1.6850e-01   41.3    46193
  268.0  1464.4   1.28     6.9    0.95     55271    1.9   6.1412e+00    1.9    40591
  268.8  1469.0   1.28    82.2    0.95    110502    1.0   1.2278e+01    1.0    37469
  276.1  1508.6   1.27     5.0    1.83      1809   36.4   2.0104e-01   36.4    38428
  284.4  1554.0   1.36     9.4    7.00      6065    9.5   6.7388e-01    9.5    37899
  288.2  1575.0   1.36     9.9    7.00      3957   14.7   4.3965e-01   14.7    37899
  293.7  1604.9   1.37    41.9    7.00     45986    1.9   5.1096e+00    1.9    37899
  295.8  1616.5   1.37    28.2    7.00     30913    3.7   3.4347e+00    3.7    35192
  300.4  1641.4   1.37   107.2    7.00    137917    0.9   1.5324e+01    0.9    35192
  308.4  1685.6   1.36    35.9    1.59     26007    2.8   2.8897e+00    2.8    32504
  316.5  1729.7   1.33    10.0    1.31     68783    1.5   7.6426e+00    1.5    31621
  317.4  1734.8   1.33    67.5    1.31    106092    1.0   1.1788e+01    1.0    31621
  328.5  1795.1   1.35   127.4    0.98    184810    0.6   2.0534e+01    0.6    33897
  343.2  1875.6   1.32     8.4    0.64      4142   13.5   4.6017e-01   13.5    31780
  351.2  1919.2   1.40   131.7    3.35    178730    0.8   1.9859e+01    0.8    36036
  359.9  1966.9   1.37   170.8    1.18    300731    0.4   3.3415e+01    0.4    32412
  361.0  1973.2   1.37     8.9    1.18     23841    3.5   2.6490e+00    3.5    32412
  365.2  1995.9   1.38     3.5    1.18      1653   39.2   1.8365e-01   39.2    32412
  371.2  2028.9   1.37    50.5    1.12     34063    2.1   3.7848e+00    2.1    27526
  380.0  2077.0   1.35     8.3    0.93      3434   14.5   3.8157e-01   14.5    24923
  397.3  2171.6   1.44    17.6    0.90      9437    5.4   1.0486e+00    5.4    23712
  403.9  2207.4   1.42    50.7    1.63     37183    1.8   4.1314e+00    1.8    21114
  407.2  2225.5   1.42    28.1    1.63     40685    1.8   4.5206e+00    1.8    22622
  409.4  2237.7   1.42   182.8    1.63    354893    0.4   3.9433e+01    0.4    21114
  420.7  2299.5   1.39     3.6    0.76      1532   28.3   1.7024e-01   28.3    17543
  431.1  2356.2   1.68    12.5    1.10      7964    6.3   8.8490e-01    6.3    18291
  445.0  2432.3   1.41     7.4    1.05      2538   15.3   2.8201e-01   15.3    13703
  447.8  2447.4   1.41     9.0    1.05      2957   13.3   3.2858e-01   13.3    13703
  456.4  2494.8   1.46   106.6    1.26    133368    0.6   1.4819e+01    0.6    13279
  459.1  2509.3   1.46     3.3    1.26      2921   17.2   3.2456e-01   17.2    14228
  468.0  2558.1   1.46    41.8    1.22     26297    1.9   2.9219e+00    1.9    11557
  477.5  2610.3   1.43     7.8    1.22      2766   11.8   3.0735e-01   11.8    11243
  479.8  2622.5   1.44     4.6    1.22      1634   19.3   1.8160e-01   19.3    12046
  484.6  2648.9   1.44     6.0    1.22      2283   15.2   2.5372e-01   15.2    11243
  493.6  2698.0   1.74    11.4    1.86      6053   12.8   6.7259e-01   12.8    14676
  502.5  2747.0   1.39    11.1    1.14      3530    9.5   3.9218e-01    9.5     9963
  510.9  2792.7   2.91    16.8    3.06     37573    2.3   4.1748e+00    2.3    19931
  518.4  2833.9   1.45    51.7    3.06     37322    1.3   4.1469e+00    1.3     9965
  530.5  2899.8   1.48    12.2    1.02      4636    7.4   5.1510e-01    7.4    10244
  538.8  2945.5   1.52   193.1    2.22    488721    0.3   5.4302e+01    0.3     9095
  541.6  2960.4   1.53    14.7    2.22     13580    3.8   1.5089e+00    3.8     9095
  544.9  2978.4   1.53    96.1    2.22    121048    0.7   1.3450e+01    0.7     9095
  557.9  3049.7   1.52    57.7    0.80     31576    1.4   3.5084e+00    1.4     6172
  568.9  3109.8   1.60   126.1    0.75    161380    0.5   1.7931e+01    0.5     6362
  576.5  3151.4   1.81    16.3    1.59      5157    5.2   5.7303e-01    5.2     5555
  583.6  3190.0   1.81    13.2    1.59      4210    6.2   4.6775e-01    6.2     5882
  588.3  3215.7   1.81    15.9    1.59      7477    3.7   8.3076e-01    3.7     5882
  594.4  3249.3   1.82     8.5    1.59      2453    9.3   2.7254e-01    9.3     5882
  605.1  3307.6   1.60    42.8    2.66     40885    1.3   4.5428e+00    1.3     5438
  607.5  3321.1   1.60   117.1    2.66    144626    0.5   1.6070e+01    0.5     5438
  612.4  3347.6   1.60    11.9    2.66      1708   19.5   1.8977e-01   19.5     5438
  616.1  3368.2   1.61    11.8    2.66      3427    9.7   3.8079e-01    9.7     5438
  622.3  3401.7   1.60     8.7    1.33      4188   11.6   4.6531e-01   11.6     4301
  624.0  3411.2   1.60    62.0    1.33     45810    1.4   5.0900e+00    1.4     4301
  627.0  3427.8   1.60    61.9    1.33     40540    1.4   4.5044e+00    1.4     4301
  631.0  3449.4   1.60    12.4    1.33      2912   15.5   3.2360e-01   15.5     4301
  633.2  3461.4   1.61     3.4    1.33       866   50.2   9.6250e-02   50.2     4301
  644.7  3524.2   1.89    26.1    2.70     18765    2.3   2.0849e+00    2.3     3843
  651.4  3561.3   1.51    10.0    1.29      1949    9.4   2.1660e-01    9.4     2663
  655.7  3584.6   1.52     9.1    1.29      1812    9.7   2.0134e-01    9.7     2663
  658.7  3601.0   1.52     3.4    1.29       397   42.5   4.4147e-02   42.5     2840
  673.6  3682.4   1.60     4.0    1.31       421   39.1   4.6770e-02   39.1     2711
  679.1  3712.5   1.60     6.4    1.31       955   17.6   1.0616e-01   17.6     2541
  698.3  3817.5   1.73    15.6    1.01      3699    5.5   4.1102e-01    5.5     2455
  708.5  3873.1   1.62     4.4    1.20       696   32.6   7.7311e-02   32.6     2314
  714.1  3903.8   1.63     4.9    1.20       754   29.7   8.3729e-02   29.7     2314
  721.3  3943.1   1.66   128.9    3.08    150491    0.6   1.6721e+01    0.6     2605
  726.2  3970.1   1.66    21.5    3.08      5273    5.4   5.8593e-01    5.4     2605
  733.7  4011.0   1.66    14.2    1.96      5279    4.0   5.8655e-01    4.0     2060
  735.7  4021.9   1.66    18.1    1.96      5984    3.6   6.6493e-01    3.6     2060
  743.6  4065.2   1.67     4.6    1.96       510   28.8   5.6679e-02   28.8     2060
  751.1  4106.4   1.72     6.9    1.04       732   17.1   8.1375e-02   17.1     1697
  755.9  4132.7   1.72     5.7    1.04      1068   12.0   1.1870e-01   12.0     1697
  762.9  4170.7   1.73     3.4    1.04       344   33.2   3.8221e-02   33.2     1697
  765.4  4184.7   1.73     6.3    1.04       458   25.3   5.0931e-02   25.3     1697
  768.6  4201.7   1.73    10.6    1.04      1933    7.1   2.1475e-01    7.1     1697
  771.9  4220.2   1.73     3.4    1.04       253   47.3   2.8161e-02   47.3     1697
  781.8  4274.0   1.72     3.8    1.49       539   25.5   5.9850e-02   25.5     1718
  788.8  4312.3   1.72    11.3    1.49      1657    9.2   1.8408e-01    9.2     1718
  792.6  4333.0   1.73    43.2    1.49     19379    1.4   2.1532e+00    1.4     1718
  796.0  4351.6   1.73     6.3    1.49       530   26.8   5.8924e-02   26.8     1718
  798.2  4364.1   1.73    12.2    1.49      2671    6.2   2.9683e-01    6.2     1718
  808.9  4422.2   1.71     5.0    1.18      1016   15.5   1.1287e-01   15.5     1617
  811.0  4433.9   1.71     9.2    1.18      1964    8.4   2.1819e-01    8.4     1617
  828.3  4528.7   2.07    16.4    1.55      7476    3.2   8.3069e-01    3.2     1668
  835.7  4569.1   2.07     6.4    1.55      1561    9.6   1.7347e-01    9.6     1668
  839.1  4587.4   2.08     6.4    1.55       883   16.8   9.8159e-02   16.8     1752
  855.4  4676.6   1.74     3.3    1.00       264   50.2   2.9293e-02   50.2     1358
  880.1  4811.9   1.76     6.6    1.64       755   16.7   8.3898e-02   16.7     1428
  885.5  4841.2   1.77     9.6    1.64      1834    7.8   2.0382e-01    7.8     1348
  890.5  4868.4   1.77     3.4    1.64       284   44.1   3.1509e-02   44.1     1348
  902.6  4935.0   1.78     4.0    0.92       379   27.9   4.2146e-02   27.9     1290
  911.4  4982.9   1.79     6.5    0.92       924   12.8   1.0272e-01   12.8     1290
  924.8  5055.9   1.99    17.1    1.63      3566    4.6   3.9625e-01    4.6     1314
  931.1  5090.6   2.00    10.4    1.63      2491    6.4   2.7682e-01    6.4     1249
  934.6  5109.9   2.00     4.1    1.63       666   19.3   7.4034e-02   19.3     1314
  938.7  5132.2   2.00    17.7    1.63      3250    5.1   3.6110e-01    5.1     1314
  951.9  5204.3   1.82     3.3    0.90       286   33.0   3.1807e-02   33.0     1100
  955.7  5225.0   1.83     3.4    0.90       154   59.0   1.7154e-02   59.0     1100
  964.8  5274.7   1.83     3.4    0.90       271   33.7   3.0083e-02   33.7     1100
  968.8  5297.0   1.84     3.9    0.90       512   19.4   5.6935e-02   19.4     1100
  986.5  5393.8   1.85     6.2    0.84       705   16.0   7.8310e-02   16.0     1036
  992.6  5427.2   1.86     8.4    0.84       895   12.8   9.9494e-02   12.8     1036
 1002.7  5482.2   1.52     6.1    1.27       398   24.7   4.4192e-02   24.7      931
 1007.8  5510.1   1.52    10.3    1.27       886   11.7   9.8478e-02   11.7      931
 1012.2  5533.9   1.52     7.8    1.27       549   17.8   6.1045e-02   17.8      931
 1026.7  5613.4   1.88    18.5    0.90      3772    4.0   4.1914e-01    4.0     1010
 1033.9  5652.6   1.89     7.0    0.90       525   18.4   5.8280e-02   18.4     1010
 1036.1  5664.7   1.89     8.9    0.90      1372    7.8   1.5245e-01    7.8     1010
 1044.0  5708.2   1.90     6.2    0.90       700   14.1   7.7785e-02   14.1      957
 1070.5  5853.0   1.92     6.0    1.05       734   12.9   8.1590e-02   12.9      898
 1080.8  5909.0   1.93     7.2    1.05       767   12.2   8.5191e-02   12.2      898
 1089.3  5955.8   1.94     4.4    1.05       424   21.0   4.7074e-02   21.0      948
 1106.4  6049.2   2.12    11.9    1.52      2030    7.6   2.2559e-01    7.6     1047
 1108.8  6062.6   2.12     4.4    1.52       869   16.2   9.6604e-02   16.2     1047
 1120.4  6126.1   1.96     6.8    1.07       692   14.1   7.6876e-02   14.1      930
 1124.1  6145.9   1.96     3.8    1.07       195   45.8   2.1644e-02   45.8      930
 1133.8  6199.3   1.97     3.5    1.07       312   29.6   3.4712e-02   29.6      884
 1144.1  6255.2   2.04     4.3    1.07       372   26.0   4.1360e-02   26.0      984
 1150.8  6291.9   2.05    15.1    1.07      2649    4.9   2.9436e-01    4.9      984
 1158.2  6332.5   2.06     3.6    1.07       302   33.1   3.3519e-02   33.1     1033
 1167.9  6385.4   2.08     3.5    0.83       320   27.5   3.5589e-02   27.5      919
 1175.4  6426.4   2.08     4.3    0.83       320   27.4   3.5593e-02   27.4      919
 1183.6  6471.3   2.09    10.4    0.83      1567    7.0   1.7415e-01    7.0      919
 1207.5  6602.0   2.03     5.0    1.37       644   15.4   7.1551e-02   15.4      845
 1219.2  6666.3   2.04     3.5    1.37       217   40.3   2.4104e-02   40.3      845
 1230.8  6729.6   2.05     6.2    1.32       609   16.2   6.7621e-02   16.2      852
 1240.0  6779.9   2.06     3.3    1.32       316   30.7   3.5141e-02   30.7      852
 1254.0  6856.3   2.08    18.1    0.94      3142    4.9   3.4911e-01    4.9      818
 1274.6  6969.2   2.09     7.5    0.85       707   14.9   7.8573e-02   14.9      599
 1293.8  7073.9   2.10     3.4    0.95       226   32.3   2.5096e-02   32.3      523
 1300.0  7108.0   2.11     3.4    0.95       127   56.0   1.4091e-02   56.0      523
 1305.0  7135.1   2.11     3.3    0.95       233   29.9   2.5852e-02   29.9      523
 1312.3  7175.3   2.12     7.7    0.95       619   13.4   6.8830e-02   13.4      549
 1323.6  7236.9   2.24    15.4    1.69      2260    6.4   2.5107e-01    6.4      692
 1344.3  7350.5   2.15     8.2    1.19       555   13.9   6.1626e-02   13.9      443
 1356.1  7414.9   2.15     3.4    1.19       182   33.9   2.0211e-02   33.9      443
 1362.6  7450.4   2.16     6.3    1.19       556   13.1   6.1830e-02   13.1      443
 1377.5  7531.9   2.26    11.3    1.21      1479    6.8   1.6432e-01    6.8      410
 1381.6  7554.2   2.26     7.2    1.21       560   13.9   6.2169e-02   13.9      410
 1387.4  7586.1   2.27     7.4    1.21       741   11.0   8.2351e-02   11.0      410
 1395.1  7628.1   2.27     3.4    1.21       308   23.5   3.4269e-02   23.5      410
 1405.7  7686.0   2.20     7.2    1.18       336   54.5   3.7338e-02   54.5      635
 1408.3  7700.1   2.20     6.6    1.18       758   24.6   8.4232e-02   24.6      635
 1422.4  7777.5   2.21     4.8    1.07       393   14.9   4.3663e-02   14.9      297
 1433.7  7839.4   2.22     3.5    1.07        91   57.1   1.0079e-02   57.1      297
 1442.1  7885.0   2.23     3.4    1.07       149   36.1   1.6607e-02   36.1      311
 1446.1  7907.0   2.23     5.6    1.07       489   13.8   5.4378e-02   13.8      311
 1457.6  7969.9   2.35     6.2    1.28      1790    5.9   1.9891e-01    5.9      263
 1460.7  7987.0   2.36    23.6    1.28      5890    2.8   6.5444e-01    2.8      251
 1468.8  8031.2   2.36     7.2    1.28       612   11.1   6.8003e-02   11.1      263
 1476.7  8074.2   2.37    14.4    1.28      2795    4.1   3.1054e-01    4.1      263
 1496.0  8179.6   2.27     7.9    1.09       586   11.4   6.5161e-02   11.4      203
 1501.1  8207.8   2.27     7.4    1.09       752    9.2   8.3564e-02    9.2      203
 1504.3  8225.2   2.28     5.6    1.09       153   35.4   1.6958e-02   35.4      203
 1509.3  8252.4   2.28     3.8    1.09       190   29.6   2.1114e-02   29.6      212
 1512.3  8269.2   2.28     4.0    1.09       118   48.6   1.3138e-02   48.6      203
 1528.2  8356.2   2.30     5.6    1.16       433   13.4   4.8151e-02   13.4      161
 1536.5  8401.3   2.30     4.0    1.16        83   55.3   9.2529e-03   55.3      168
 1557.8  8517.6   2.32     5.8    1.24       335   18.3   3.7271e-02   18.3      183
 1571.4  8592.3   2.33     9.0    1.03       573   11.4   6.3639e-02   11.4      148
 1593.1  8710.8   2.35     4.0    0.86       276   19.2   3.0635e-02   19.2      153
 1601.0  8754.0   2.36     3.4    0.86       125   33.6   1.3908e-02   33.6      146
 1612.9  8819.2   2.37     3.4    1.31       256   20.1   2.8443e-02   20.1      143
 1622.3  8870.6   2.37     3.5    1.31       278   17.6   3.0847e-02   17.6      143
 1635.1  8940.8   2.38     3.5    1.30       130   35.1   1.4421e-02   35.1      105
 1638.2  8957.6   2.39     3.8    1.30       122   38.1   1.3596e-02   38.1      105
 1653.4  9040.4   2.40     5.8    0.92       383   13.5   4.2506e-02   13.5       98
 1672.9  9147.1   2.41     3.7    1.04       158   23.6   1.7536e-02   23.6       98
 1683.4  9204.9   2.42     3.4    1.04       185   21.0   2.0559e-02   21.0       98
 1688.2  9231.1   2.43     3.5    1.04       142   25.7   1.5800e-02   25.7       98
 1720.6  9408.4   2.45     3.4    1.13       128   34.3   1.4257e-02   34.3       90
 1740.1  9515.0   2.47     5.2    0.79       137   30.0   1.5239e-02   30.0       79
 1757.2  9608.4   2.48     3.9    0.95        87   35.6   9.6583e-03   35.6       55
 1764.3  9647.3   2.49     7.3    0.95       617    9.0   6.8555e-02    9.0       55
 1767.0  9662.0   2.49     8.3    0.95       331   14.0   3.6760e-02   14.0       55
 1798.0  9831.2   2.52     5.7    1.70       136   42.1   1.5064e-02   42.1      138
 1847.1 10100.1   2.56     3.4    0.86        63   45.9   7.0520e-03   45.9       42
 1918.9 10492.3   2.62     4.0    1.01       162   22.4   1.8004e-02   22.4       48
 2103.0 11499.4   2.77     3.9    1.08       140   23.3   1.5536e-02   23.3       36
 2203.6 12049.2   2.85     3.6    1.10       152   22.7   1.6931e-02   22.7       35
 2447.5 13383.0   3.05     3.4    0.85        58   43.8   6.4439e-03   43.8       21
 2613.5 14291.2   3.18    11.3    1.05       944    6.9   1.0485e-01    6.9       12

   indicates the Iterative Peak Width fitting reached a limiting value.
