
                       be used for evaluation purposes
                                                            15-Oct-2019 14:05
                       _________________________________

                       P E A K     F I T     R E P O R T
                       _________________________________

 Spectrum file Analysed: AM_Ir01_IDM1_jobscript_075-089 
 Sample Title :                                                  

 Spectrum saved on 15-Oct-2019 at 14:05    Collected on 27-Feb-2019 at  5:49
 Sample  Taken  on 27-Feb-2019 at  3:01    Decayed      0 Days,     0 mins.

            Detector file number used:     3
            Energy     Calibration Performed on  8-Mar-2019 at 11:49
            Peak Shape Calibration Performed on  8-Mar-2019 at 11:50

 

   Datetime:  27-Feb-2019   3:01
   Live:      9000.00 
   Mass:      177
   Shelf:     53
   Detector:      3

   Reported Activity values were rounded     
   FitzPeaks Version: 3.71 23rd January 2014           
                                                                                                     
              


 Peak   Centre   FW@HM         Goodness   Peak      %      Gammas       %      2 Sigma
Energy  Channel  (KeV)  Signif  of Fit    Area   Uncert.  per sec.   Uncert. Background

   61.4   336.0   1.13    38.3   98.30    280499    2.6   3.1167e+01    2.6   437478
   63.1   345.3   1.13   486.6   98.30   3867734    0.2   4.2975e+02    0.2   401021
   64.7   354.2   1.13   730.1   98.30   6167284    0.2   6.8525e+02    0.2   437478
   69.3   379.6   1.24    10.7   13.72     32767    9.6   3.6408e+00    9.6   184901
   71.2   389.7   1.24    40.0   13.72    165971    2.1   1.8441e+01    2.1   184901
   73.2   401.0   1.24   433.6   13.72   2456935    0.3   2.7299e+02    0.3   170678
   75.4   412.8   1.25   209.6   13.72    734925    0.5   8.1658e+01    0.5   170678
   82.2   449.7   1.14   177.8    2.20    348815    0.5   3.8757e+01    0.5    89641
   84.7   463.5   1.14    22.1    2.20     22496    5.4   2.4996e+00    5.4    82171
   87.3   477.8   1.14     9.8    2.20      6565   18.2   7.2949e-01   18.2    89641
   94.1   514.9   1.12   182.7    1.33    347487    0.5   3.8610e+01    0.5    84964
   96.4   527.5   1.12   123.0    1.33    186077    0.8   2.0675e+01    0.8    77883
  103.6   567.0   1.13     4.0    0.98      1945   45.5   2.1613e-01   45.5    83550
  105.8   578.9   1.13     3.7    0.98      1671   53.6   1.8569e-01   53.6    83550
  113.6   621.6   1.14   116.1    1.69    173936    0.8   1.9326e+01    0.8    79609
  129.3   707.6   1.16   120.1    2.64    187955    1.7   2.0884e+01    1.7    84619
  138.1   756.0   1.15     3.6    0.96      3451   30.3   3.8347e-01   30.3    82851
  140.9   771.2   1.15   140.8    0.96    240595    0.6   2.6733e+01    0.6    82851
  146.9   804.1   1.16     4.2    1.00      3563   25.4   3.9584e-01   25.4    79890
  172.1   942.0   1.18   141.9    0.87    199903    0.6   2.2211e+01    0.6    73350
  176.3   964.9   1.18    55.1    0.87     49346    1.8   5.4828e+00    1.8    73350
  178.9   979.0   1.18    60.3    0.87     55414    1.7   6.1571e+00    1.7    73350
  181.2   991.3   1.18    11.7    0.87      8828   10.5   9.8091e-01   10.5    73350
  186.6  1021.1   1.20   132.1    0.99    206675    0.6   2.2964e+01    0.6    68167
  187.6  1026.7   1.20     8.1    0.99     22545    4.7   2.5051e+00    4.7    68167
  190.7  1043.4   1.21    14.5    0.99      8641   11.6   9.6011e-01   11.6    68167
  197.1  1078.7   1.44    10.5    1.56     10909    9.2   1.2121e+00    9.2    78731
  203.7  1114.4   1.13    27.5    1.15     18735    4.5   2.0817e+00    4.5    54921
  208.8  1142.5   1.27     8.5    2.31      8076    9.5   8.9735e-01    9.5    53496
  212.6  1163.5   1.27     8.9    2.31      4866   14.9   5.4068e-01   14.9    53496
  216.6  1185.0   1.27     7.1    2.31      3052   23.2   3.3917e-01   23.2    49381
  219.7  1201.9   1.27    52.6    2.31     44999    1.9   4.9999e+00    1.9    49381
  221.9  1214.0   1.28     7.2    2.31      7094   10.3   7.8826e-01   10.3    49381
  223.3  1221.8   1.28    63.7    2.31     73934    1.3   8.2149e+00    1.3    53496
  225.6  1234.6   1.28     4.2    2.31      4439   16.2   4.9318e-01   16.2    53496
  228.3  1249.1   1.28     4.5    2.31      2374   29.8   2.6380e-01   29.8    53496
  233.8  1279.2   1.23     3.8    1.15      1596   39.0   1.7735e-01   39.0    42796
  238.5  1305.1   1.23     4.2    1.15      1723   36.7   1.9148e-01   36.7    42796
  243.4  1331.7   1.24   154.3    1.23    259043    0.5   2.8783e+01    0.5    42414
  245.2  1341.3   1.24    12.2    1.23     29889    3.0   3.3210e+00    3.0    42414
  258.4  1413.6   1.33    19.4    1.26     10948    6.0   1.2164e+00    6.0    34846
  268.6  1469.5   1.51    66.3   10.10    107303    1.5   1.1923e+01    1.5    35959
  276.1  1510.6   1.26     3.7    0.93      1708   31.1   1.8982e-01   31.1    29610
  277.5  1518.4   1.26     4.3    0.93      2355   22.1   2.6166e-01   22.1    29610
  284.5  1556.3   1.29    11.0    7.34      5257    9.8   5.8408e-01    9.8    27527
  288.3  1577.3   1.30     9.5    7.34      3454   14.9   3.8380e-01   14.9    27527
  294.0  1608.3   1.30    11.9    7.34     15065    6.2   1.6738e+00    6.2    27527
  295.8  1618.4   1.30    19.5    7.34     18912    4.1   2.1013e+00    4.1    27527
  300.4  1643.5   1.30   107.1    7.34    120804    0.8   1.3423e+01    0.8    27527
  308.5  1687.6   1.36    26.1    1.62     15255    4.1   1.6950e+00    4.1    25331
  316.5  1731.7   1.30     7.9    0.81     39327    2.0   4.3697e+00    2.0    24286
  317.5  1736.9   1.30    75.4    0.81     97050    0.9   1.0783e+01    0.9    24286
  324.7  1776.4   1.32     3.8    0.85      1090   47.8   1.2116e-01   47.8    23559
  328.5  1797.3   1.32    62.7    0.85     52294    1.2   5.8104e+00    1.2    23559
  343.2  1877.7   1.31     7.5    0.83      3779   12.8   4.1989e-01   12.8    23825
  351.2  1921.6   1.38    97.1    5.56    115416    2.1   1.2824e+01    2.1    26070
  360.0  1969.3   1.34   124.8    0.86    193328    0.5   2.1481e+01    0.5    22990
  361.1  1975.5   1.35     8.8    0.86     18092    4.1   2.0102e+00    4.1    22990
  371.3  2031.2   1.34    40.6    0.72     26134    2.2   2.9037e+00    2.2    19424
  380.1  2079.5   1.34     5.2    0.94      2523   17.5   2.8031e-01   17.5    17747
  397.4  2174.1   1.37    17.6    0.94      7137    6.1   7.9295e-01    6.1    16869
  403.9  2209.7   1.38    54.9    1.76     34117    1.8   3.7908e+00    1.8    15855
  407.2  2227.7   1.38    32.4    1.76     30088    2.1   3.3431e+00    2.1    15855
  409.5  2240.1   1.38   159.1    1.76    229666    0.5   2.5518e+01    0.5    15855
  420.6  2301.0   1.37     5.0    0.82      1719   21.9   1.9097e-01   21.9    14274
  431.1  2358.2   1.66    11.6    1.39      6909    6.6   7.6770e-01    6.6    13940
  445.1  2435.0   1.39     5.1    0.78      1484   21.2   1.6489e-01   21.2    10306
  447.9  2450.0   1.39     7.3    0.78      2451   13.0   2.7232e-01   13.0    10306
  456.4  2497.0   1.42    92.0    1.32     85429    0.8   9.4921e+00    0.8     9788
  459.3  2512.4   1.42     5.4    1.32      2448   15.8   2.7201e-01   15.8     9788
  468.0  2560.3   1.43    34.8    0.71     15782    2.5   1.7536e+00    2.5     8624
  477.7  2613.1   1.42     8.7    1.05      2380   11.9   2.6444e-01   11.9     8339
  479.9  2625.5   1.42     3.8    1.05      1142   23.3   1.2694e-01   23.3     8935
  484.7  2651.4   1.42     5.7    1.05      1791   15.3   1.9897e-01   15.3     8935
  493.5  2699.8   1.65    12.5    1.43      5035   12.5   5.5947e-01   12.5    10161
  502.5  2748.8   1.44     8.8    0.78      2691   11.1   2.9905e-01   11.1     7629
  510.9  2794.9   2.87    15.2    1.96     25921    2.6   2.8801e+00    2.6    15367
  518.4  2836.0   1.44    49.2    1.96     28666    1.5   3.1851e+00    1.5     7684
  530.5  2901.9   1.48    13.1    0.98      3958    7.7   4.3980e-01    7.7     7166
  538.8  2947.5   1.49   165.3    2.02    315675    0.4   3.5075e+01    0.4     6445
  541.6  2962.7   1.50    14.4    2.02      9085    4.6   1.0094e+00    4.6     6445
  544.8  2980.5   1.50    98.3    2.02    109927    0.8   1.2214e+01    0.8     6445
  557.9  3051.7   1.50    44.1    0.88     24514    1.6   2.7238e+00    1.6     4704
  568.8  3111.7   1.55   104.6    0.79    141237    0.5   1.5693e+01    0.5     4627
  576.5  3153.9   1.60    11.2    1.00      3511    5.7   3.9014e-01    5.7     4093
  583.3  3190.6   1.61     9.1    1.00      2812    7.2   3.1242e-01    7.2     4093
  584.8  3199.1   1.61     5.7    1.00       930   19.3   1.0331e-01   19.3     4093
  588.2  3217.4   1.61    12.4    1.00      4134    4.9   4.5933e-01    4.9     4093
  594.5  3252.0   1.62     6.2    1.00      1729   10.5   1.9214e-01   10.5     4093
  605.0  3309.7   1.54    33.3    1.84     30804    1.6   3.4227e+00    1.6     3664
  607.5  3323.0   1.54    99.4    1.84    131181    0.6   1.4576e+01    0.6     3908
  609.1  3331.9   1.54     6.2    1.84      1571   19.2   1.7455e-01   19.2     3908
  612.3  3349.5   1.55     8.5    1.84      1139   22.3   1.2653e-01   22.3     3664
  616.1  3370.4   1.55    10.1    1.84      2524   10.4   2.8039e-01   10.4     3664
  622.7  3406.1   1.54     6.1    1.59      3218    8.9   3.5752e-01    8.9     3379
  624.0  3413.2   1.55    41.7    1.59     29173    1.3   3.2414e+00    1.3     3168
  627.0  3429.7   1.55    52.7    1.59     36647    1.2   4.0719e+00    1.2     3168
  631.0  3451.6   1.55     9.3    1.59      1930   13.2   2.1446e-01   13.2     3168
  641.0  3506.5   1.83     4.4    2.44       633   32.5   7.0319e-02   32.5     2603
  644.4  3524.8   1.83    29.9    2.44     12043    2.7   1.3381e+00    2.7     2603
  651.4  3563.5   1.39    12.6    1.14      1793    8.5   1.9923e-01    8.5     1942
  655.6  3586.1   1.39     9.4    1.14      1265   12.1   1.4051e-01   12.1     2092
  673.6  3684.6   1.57     5.4    1.19       551   25.6   6.1250e-02   25.6     1902
  678.9  3713.6   1.57     4.9    1.19       715   20.2   7.9449e-02   20.2     1902
  698.2  3819.4   1.65    15.6    1.24      3169    5.9   3.5216e-01    5.9     1823
  708.3  3874.7   1.60     3.8    1.16       547   32.4   6.0728e-02   32.4     1716
  714.1  3906.4   1.60     5.4    1.16       787   23.0   8.7412e-02   23.0     1716
  721.2  3945.2   1.60   120.1    2.02    135957    0.6   1.5106e+01    0.6     1866
  726.2  3972.3   1.61    19.9    2.02      4450    4.7   4.9448e-01    4.7     1866
  729.3  3989.1   1.61     3.7    2.02       337   51.4   3.7434e-02   51.4     1866
  733.6  4013.1   1.61    13.2    2.02      4664    4.8   5.1823e-01    4.8     1866
  735.6  4023.8   1.62    16.5    2.02      5328    4.2   5.9202e-01    4.2     1866
  743.3  4066.0   1.62     4.1    1.41       496   22.3   5.5162e-02   22.3     1403
  751.1  4108.6   1.63     5.4    1.41       618   17.9   6.8674e-02   17.9     1491
  755.9  4134.6   1.63     4.4    1.41       915   13.7   1.0162e-01   13.7     1403
  765.2  4185.9   1.50     3.7    1.58       318   35.7   3.5288e-02   35.7     1195
  768.5  4203.8   1.50    10.6    1.58      1494    8.9   1.6595e-01    8.9     1195
  772.3  4224.8   1.50     3.4    1.58       187   59.2   2.0828e-02   59.2     1195
  781.9  4277.3   1.67     4.5    0.97       546   21.3   6.0620e-02   21.3     1369
  788.8  4314.6   1.67     8.4    0.97      1509    8.6   1.6764e-01    8.6     1369
  792.5  4335.0   1.68    39.8    0.97     17472    1.6   1.9413e+00    1.6     1289
  796.0  4354.0   1.68     6.0    0.97       477   24.3   5.2966e-02   24.3     1289
  798.2  4366.4   1.68    12.4    0.97      2331    6.1   2.5904e-01    6.1     1369
  808.6  4423.4   1.67     4.2    1.33       741   18.2   8.2387e-02   18.2     1270
  810.9  4435.7   1.67     7.4    1.33      1527    9.4   1.6972e-01    9.4     1270
  821.2  4492.1   2.02     3.4    1.87       286   42.9   3.1801e-02   42.9     1345
  828.2  4530.3   2.02    17.9    1.87      6258    3.6   6.9528e-01    3.6     1345
  835.6  4571.0   1.69     7.6    1.08      1324    8.4   1.4715e-01    8.4     1001
  839.0  4589.4   1.70     5.4    1.08       685   14.0   7.6072e-02   14.0     1064
  844.3  4618.5   1.70     3.3    1.08       200   42.0   2.2250e-02   42.0     1064
  849.9  4649.3   1.70     3.6    1.08       195   43.4   2.1619e-02   43.4     1064
  855.6  4680.1   1.71     3.9    1.08       362   24.0   4.0208e-02   24.0     1064
  860.2  4705.5   1.71     3.5    1.08       226   39.1   2.5097e-02   39.1     1064
  880.0  4813.8   1.73     6.1    1.69       687   15.9   7.6287e-02   15.9     1062
  885.3  4842.9   1.73     9.6    1.69      1702    7.1   1.8907e-01    7.1     1062
  892.1  4879.9   1.74     3.4    1.69       298   34.0   3.3066e-02   34.0     1124
  902.4  4936.3   1.74     3.9    1.05       360   26.4   4.0029e-02   26.4      979
  911.3  4985.0   1.75     4.8    1.05       878   12.4   9.7519e-02   12.4     1037
  924.6  5057.7   1.82    17.6    1.38      3170    4.5   3.5221e-01    4.5     1000
  930.7  5091.0   1.83     3.9    1.38       641   16.5   7.1190e-02   16.5     1000
  934.6  5112.3   1.83     4.1    1.38       570   18.5   6.3287e-02   18.5     1000
  938.7  5134.6   1.83     8.1    1.38       857   13.2   9.5194e-02   13.2     1000
  951.7  5206.0   1.78     3.6    1.31       193   57.8   2.1412e-02   57.8      924
  964.9  5277.8   1.79     3.3    1.17       239   43.4   2.6502e-02   43.4      876
  968.5  5297.9   1.80     3.5    1.17       540   20.4   5.9958e-02   20.4      876
  986.6  5396.6   1.81     5.2    1.24       675   15.1   7.4992e-02   15.1      830
  992.7  5430.1   1.81     6.8    1.24       668   15.3   7.4253e-02   15.3      830
 1002.6  5484.4   1.82     5.5    0.83       584   16.7   6.4892e-02   16.7      805
 1007.7  5512.0   1.83     9.2    0.83       858   11.9   9.5366e-02   11.9      805
 1012.1  5536.3   1.83     5.6    0.83       547   17.9   6.0814e-02   17.9      805
 1026.7  5615.9   1.90    17.4    0.98      3391    4.1   3.7683e-01    4.1      768
 1033.8  5654.7   1.91     7.1    0.98       461   19.8   5.1207e-02   19.8      811
 1036.0  5667.1   1.91     7.7    0.98      1158    8.4   1.2864e-01    8.4      768
 1044.1  5710.9   1.92     5.4    0.98       713   12.9   7.9273e-02   12.9      768
 1070.5  5855.7   1.87     6.7    0.97       669   12.5   7.4379e-02   12.5      779
 1080.8  5911.8   1.88     8.2    0.97       797   10.5   8.8528e-02   10.5      738
 1089.3  5958.6   1.89     5.1    0.97       372   21.5   4.1284e-02   21.5      779
 1106.4  6051.7   2.04    11.4    1.19      1879    7.2   2.0876e-01    7.2      842
 1108.8  6065.2   2.05     3.7    1.19       862   14.5   9.5751e-02   14.5      842
 1120.3  6128.2   1.91     6.6    0.90       707   13.3   7.8512e-02   13.3      756
 1124.1  6148.5   1.92     3.7    0.90       227   34.3   2.5179e-02   34.3      756
 1133.8  6201.8   1.92     3.6    0.90       215   40.0   2.3841e-02   40.0      756
 1144.1  6257.9   1.93     4.5    1.07       386   22.4   4.2864e-02   22.4      790
 1150.7  6294.3   1.94     8.3    1.07       815   11.4   9.0510e-02   11.4      790
 1158.0  6334.0   1.94     3.8    1.07       233   38.9   2.5938e-02   38.9      790
 1167.8  6387.9   1.95     4.3    0.82       286   34.6   3.1767e-02   34.6      715
 1183.6  6474.4   1.96     6.8    0.76       703   14.5   7.8061e-02   14.5      668
 1199.2  6559.4   1.97     4.0    0.87       211   40.7   2.3437e-02   40.7      749
 1207.6  6605.6   1.98     5.0    0.87       622   15.0   6.9150e-02   15.0      749
 1230.8  6732.2   2.00     5.5    1.37       490   19.7   5.4423e-02   19.7      762
 1239.8  6781.7   2.00     3.4    1.37       315   28.8   3.5051e-02   28.8      762
 1254.0  6859.2   2.03    17.7    1.31      3025    4.8   3.3616e-01    4.8      631
 1274.7  6972.7   2.03     3.8    1.05       229   37.1   2.5452e-02   37.1      504
 1299.9  7110.3   2.05     3.9    1.04       161   43.1   1.7906e-02   43.1      422
 1305.2  7139.4   2.05     3.6    1.04       188   35.0   2.0900e-02   35.0      422
 1312.3  7178.2   2.06     7.0    1.04       590   13.1   6.5603e-02   13.1      422
 1323.5  7239.4   2.19    13.1    1.08      2178    5.3   2.4204e-01    5.3      396
 1326.5  7255.8   2.19     5.6    1.08       411   20.9   4.5695e-02   20.9      396
 1344.4  7353.8   2.09     8.0    1.54       560   12.8   6.2243e-02   12.8      337
 1355.6  7414.9   2.09     3.8    1.54       164   33.7   1.8270e-02   33.7      337
 1362.5  7452.9   2.10     7.7    1.54       528   13.4   5.8672e-02   13.4      337
 1377.7  7535.6   2.01    10.6    1.33      1078    8.2   1.1978e-01    8.2      327
 1381.7  7557.6   2.01     7.0    1.33       425   15.5   4.7245e-02   15.5      327
 1387.4  7588.9   2.02     7.2    1.33       607   11.7   6.7423e-02   11.7      345
 1395.2  7631.7   2.02     3.6    1.33       215   28.9   2.3884e-02   28.9      345
 1405.7  7689.2   2.13     7.5    1.14       503   16.3   5.5916e-02   16.3      323
 1408.2  7702.9   2.13     3.9    1.14       609   13.6   6.7661e-02   13.6      323
 1422.6  7781.6   2.15     4.8    1.20       340   19.1   3.7761e-02   19.1      231
 1446.2  7910.6   2.16     5.9    1.59       346   23.1   3.8416e-02   23.1      340
 1457.6  7973.0   2.26     7.3    1.08      1630    5.5   1.8115e-01    5.5      190
 1460.8  7990.4   2.26    23.8    1.08      6029    2.5   6.6989e-01    2.5      190
 1469.2  8036.4   2.27     4.9    1.08       197   24.6   2.1918e-02   24.6      190
 1476.7  8077.5   2.28    13.4    1.08      2708    3.8   3.0087e-01    3.8      199
 1485.4  8125.1   2.28     3.4    1.08        99   45.0   1.0952e-02   45.0      190
 1496.0  8183.0   2.20     7.4    0.94       531   11.2   5.9041e-02   11.2      179
 1501.1  8211.0   2.21     6.5    0.94       627   10.6   6.9657e-02   10.6      179
 1504.4  8228.7   2.21     5.5    0.94       129   38.9   1.4342e-02   38.9      171
 1509.3  8255.5   2.21     5.6    0.94       168   32.1   1.8640e-02   32.1      171
 1528.5  8360.8   2.23     7.0    1.01       420   12.4   4.6684e-02   12.4      127
 1536.5  8404.3   2.23     3.5    1.01        91   44.2   1.0061e-02   44.2      127
 1557.9  8521.5   2.25     6.8    1.31       259   22.5   2.8784e-02   22.5      163
 1571.5  8595.6   2.26     7.1    1.14       523   10.1   5.8084e-02   10.1      110
 1579.3  8638.5   2.27     3.4    1.14       128   28.5   1.4244e-02   28.5      110
 1583.2  8659.9   2.27     3.4    1.14       104   32.2   1.1590e-02   32.2      110
 1592.9  8713.0   2.28     5.4    1.14       320   13.5   3.5573e-02   13.5      110
 1601.3  8758.6   2.28     3.3    1.14       115   31.0   1.2832e-02   31.0      115
 1613.2  8824.1   2.29     4.2    1.26       223   20.9   2.4810e-02   20.9      121
 1622.2  8872.9   2.30     3.4    1.26       153   27.5   1.6967e-02   27.5      121
 1637.9  8959.0   2.31     3.3    1.11       132   33.3   1.4718e-02   33.3      110
 1653.6  9044.9   2.32     6.0    1.05       361   13.4   4.0126e-02   13.4       65
 1672.9  9150.2   2.34     4.2    1.08       147   23.8   1.6382e-02   23.8       83
 1683.7  9209.3   2.35     3.6    1.08       176   21.0   1.9503e-02   21.0       83
 1688.3  9234.6   2.35     3.4    1.08       121   29.4   1.3419e-02   29.4       83
 1707.8  9341.5   2.36     3.6    1.02        48   58.2   5.3530e-03   58.2       45
 1720.6  9411.2   2.37     5.2    1.20       140   25.3   1.5540e-02   25.3       69
 1729.8  9461.9   2.38     4.4    1.20       119   26.9   1.3211e-02   26.9       69
 1740.5  9520.1   2.39     3.8    1.20       126   24.7   1.4038e-02   24.7       72
 1764.6  9652.1   2.41     8.1    0.93       674    8.9   7.4834e-02    8.9       75
 1767.4  9667.2   2.41     8.9    0.93       306   15.9   3.3954e-02   15.9       71
 1798.3  9836.2   2.43     3.8    1.69       124   38.8   1.3792e-02   38.8      101
 1847.3 10104.2   2.47     3.4    1.17        96   30.8   1.0651e-02   30.8       39
 1919.4 10498.7   2.53     3.6    0.90       154   22.5   1.7112e-02   22.5       47
 1943.6 10631.1   2.55     3.4    0.87        51   55.6   5.6504e-03   55.6       42
 2103.8 11507.1   2.67     3.6    0.86       109   30.4   1.2107e-02   30.4       49
 2203.9 12054.9   2.75     5.4    0.77       198   15.9   2.2038e-02   15.9       30
 2214.9 12115.2   2.76     3.4    0.77        53   44.7   5.9041e-03   44.7       30
 2447.9 13389.1   2.94     3.9    0.79        44   54.4   4.8425e-03   54.4       19
 2614.3 14299.7   3.03    11.2    0.83      1038    6.2   1.1538e-01    6.2       14

   indicates the Iterative Peak Width fitting reached a limiting value.
