
                       be used for evaluation purposes
                                                            16-Oct-2019 15:12
                       _________________________________

                       P E A K     F I T     R E P O R T
                       _________________________________

 Spectrum file Analysed: AM_Ir06_IDM4_jobscript_000-019 
 Sample Title :                                                  

 Spectrum saved on 16-Oct-2019 at 15:12    Collected on 26-Feb-2019 at 15:15
 Sample  Taken  on 26-Feb-2019 at 10:56    Decayed      0 Days,     0 mins.

            Detector file number used:     6
            Energy     Calibration Performed on  8-Mar-2019 at 12:03
            Peak Shape Calibration Performed on  8-Mar-2019 at 12:04

 

   Datetime:  26-Feb-2019  10:56
   Live:      12000.0 
   Mass:      677
   Shelf:     25
   Detector:      6

   Reported Activity values were rounded     
   FitzPeaks Version: 3.71 23rd January 2014           
                                                                                                     
              


 Peak   Centre   FW@HM         Goodness   Peak      %      Gammas       %      2 Sigma
Energy  Channel  (KeV)  Signif  of Fit    Area   Uncert.  per sec.   Uncert. Background

   53.8   293.3   1.23    11.6    2.59     16745   56.7   1.3954e+00   56.7   857054
   59.7   325.3   1.10    10.8   25.52     69993    9.1   5.8327e+00    9.1   344138
   61.0   332.4   1.10     3.5   25.52    134813    4.7   1.1234e+01    4.7   344138
   61.9   337.6   1.10     7.5   25.52    218807    3.0   1.8234e+01    3.0   344138
   63.3   345.2   1.10   479.4   25.52   3894774    0.2   3.2456e+02    0.2   344138
   65.0   354.0   1.10   742.3   25.52   6559264    0.1   5.4661e+02    0.1   375424
   66.9   364.6   1.11   110.6   25.52    398517    1.7   3.3210e+01    1.7   344138
   69.2   377.4   1.11     7.7   25.52     15628   41.1   1.3023e+00   41.1   344138
   71.4   389.1   1.22    21.6   13.30     81195    4.8   6.7662e+00    4.8   182657
   73.5   400.8   1.22   401.0   13.30   2423223    0.3   2.0194e+02    0.3   182657
   75.7   412.6   1.22   218.3   13.30    876393    0.5   7.3033e+01    0.5   197878
   78.0   425.4   1.22    26.0   13.30     36778    9.9   3.0648e+00    9.9   197878
   82.5   449.9   1.07   192.7    2.10    404314    0.5   3.3693e+01    0.5   115199
   84.9   463.4   1.07    25.5    2.10     30018    4.7   2.5015e+00    4.7   115199
   87.5   477.2   1.07    11.3    2.10      8371   16.4   6.9759e-01   16.4   115199
   96.6   527.2   1.09   153.9    1.08    289742    0.6   2.4145e+01    0.6   108008
  129.5   707.1   1.14   157.3    2.02    302423    0.6   2.5202e+01    0.6   123923
  135.9   741.9   1.10     5.0    1.87      5050   37.7   4.2087e-01   37.7   126164
  138.3   755.1   1.10     6.3    1.87      6346   30.8   5.2881e-01   30.8   126164
  141.0   769.8   1.10     9.0    1.87      6902   27.7   5.7518e-01   27.7   115650
  147.1   803.5   1.11     3.6    0.92      2602   45.4   2.1685e-01   45.4   129769
  172.3   941.1   1.15   161.4    0.84    292224    0.6   2.4352e+01    0.6   136816
  179.1   978.1   1.16    67.2    0.76     81314    1.7   6.7762e+00    1.7   125785
  186.8  1020.5   1.18   106.6    0.97    184975    0.9   1.5415e+01    0.9   104070
  187.8  1026.0   1.18     8.0    0.97     30427    4.7   2.5356e+00    4.7   104070
  197.2  1077.1   1.38    14.4    3.68     14405    8.8   1.2004e+00    8.8   101322
  205.9  1125.1   1.39    14.4    2.11     11731    8.8   9.7759e-01    8.8    86475
  208.8  1140.8   1.40    11.1    2.11     13211    7.6   1.1009e+00    7.6    86475
  219.8  1200.7   1.19    59.3    1.10     59793    1.7   4.9827e+00    1.7    58755
  221.8  1212.0   1.19    10.1    1.10      9280    9.6   7.7334e-01    9.6    58755
  223.9  1223.1   1.19    23.9    1.10     19305    4.8   1.6087e+00    4.8    58755
  235.9  1288.8   1.19     3.4    1.79      2086   28.4   1.7387e-01   28.4    48788
  238.6  1303.8   1.19     4.3    1.79      2638   22.0   2.1981e-01   22.0    48788
  245.1  1339.0   1.19     4.3    1.79      1677   34.8   1.3972e-01   34.8    48788
  268.1  1464.9   1.22     7.2    1.05     50919    1.8   4.2433e+00    1.8    36941
  268.9  1469.4   1.22    76.6    1.05    100417    1.0   8.3681e+00    1.0    40019
  277.7  1517.4   1.22     3.6    1.08      2003   24.1   1.6689e-01   24.1    37146
  283.1  1547.1   1.23     7.1    1.08      2632   17.6   2.1931e-01   17.6    34289
  288.4  1576.2   1.23     6.2    1.08      2327   20.5   1.9394e-01   20.5    34289
  293.7  1604.8   1.31   185.2    4.78    396082    0.5   3.3007e+01    0.5    32826
  296.0  1617.6   1.31    59.8    4.78     72702    1.6   6.0585e+00    1.6    32826
  300.8  1644.1   1.31    61.8    4.78     54210    1.6   4.5175e+00    1.6    35351
  308.5  1686.2   1.29    70.8    1.08     69047    1.2   5.7539e+00    1.2    30121
  316.6  1730.2   1.29   127.2    1.86    183659    0.6   1.5305e+01    0.6    29963
  328.6  1795.7   1.29   408.4    5.83   1812353    0.2   1.5103e+02    0.2    27929
  338.6  1850.3   1.28     3.8    1.10      1009   47.5   8.4115e-02   47.5    24061
  340.9  1863.2   1.28     3.4    1.10       877   54.0   7.3058e-02   54.0    24061
  351.3  1919.8   1.32   130.5    1.40    164190    0.6   1.3682e+01    0.6    23121
  360.0  1967.5   1.33   157.2    1.27    275557    0.4   2.2963e+01    0.4    21833
  361.2  1973.8   1.33    13.2    1.27     33028    2.2   2.7523e+00    2.2    21833
  365.1  1995.7   1.33    13.4    1.27      7228    7.8   6.0230e-01    7.8    21833
  371.3  2029.4   1.32    58.8    0.89     41177    1.3   3.4314e+00    1.3    16978
  374.6  2047.2   1.32     3.9    0.89      1104   34.2   9.2027e-02   34.2    16978
  380.2  2077.8   1.33    10.2    0.89      3730   10.5   3.1086e-01   10.5    16978
  397.4  2172.2   1.32    25.7    1.36     11165    4.3   9.3038e-01    4.3    14699
  407.2  2225.9   1.37    44.1    1.68     46745    1.4   3.8954e+00    1.4    14980
  409.5  2238.2   1.37   176.8    1.68    326569    0.4   2.7214e+01    0.4    14980
  416.3  2275.4   1.61     3.4    2.07      1299   27.2   1.0828e-01   27.2    14314
  420.8  2300.0   1.62     6.6    2.07      2282   15.4   1.9015e-01   15.4    14314
  424.4  2319.7   1.62     4.8    2.07      2229   16.7   1.8579e-01   16.7    14314
  431.8  2360.0   1.63    11.0    2.07      4374    8.3   3.6451e-01    8.3    14314
  445.2  2433.7   1.36     7.9    0.98      2187   14.8   1.8224e-01   14.8     9446
  447.8  2447.8   1.36    12.7    0.98      3690    8.9   3.0749e-01    8.9    10173
  456.5  2495.2   1.40   114.8    2.02    122281    0.7   1.0190e+01    0.7    10738
  468.1  2558.5   1.41    86.6    1.11     71587    0.8   5.9656e+00    0.8     8148
  472.7  2583.7   1.41     4.1    1.11       884   30.6   7.3644e-02   30.6     7604
  474.3  2592.7   1.42     4.5    1.11      1157   23.0   9.6456e-02   23.0     7604
  477.4  2609.7   1.42    17.6    1.11      6718    4.9   5.5987e-01    4.9     7604
  479.8  2622.7   1.42     5.5    1.11      2004   13.6   1.6698e-01   13.6     7604
  482.8  2639.0   1.42    14.0    1.11      5292    5.8   4.4099e-01    5.8     7604
  484.7  2649.3   1.43    13.5    1.11      5006    5.9   4.1718e-01    5.9     7604
  490.7  2682.1   1.41     4.2    1.77       775   34.1   6.4588e-02   34.1     6533
  494.7  2704.2   1.41     9.2    1.77      1987   13.4   1.6561e-01   13.4     6533
  502.5  2747.0   1.39    22.3    0.94      6988    4.5   5.8237e-01    4.5     5961
  511.0  2793.0   2.83    25.4    3.91     62714    1.4   5.2262e+00    1.4    11578
  518.5  2834.2   1.41    64.5    3.91     45228    1.4   3.7690e+00    1.4     5789
  530.1  2897.6   1.44     6.4    0.89      1415   17.2   1.1792e-01   17.2     5420
  538.9  2945.7   1.48   209.5    2.93    449819    0.3   3.7485e+01    0.3     5075
  541.7  2961.0   1.48    22.6    2.93     11698    3.5   9.7486e-01    3.5     4736
  557.9  3050.0   1.49    65.2    1.33     39236    1.1   3.2697e+00    1.1     3399
  562.4  3074.5   1.50     3.3    1.33       394   56.7   3.2841e-02   56.7     3642
  569.3  3111.9   1.53    62.4    1.47     37869    1.2   3.1558e+00    1.2     3595
  576.5  3151.4   1.51    15.5    1.03      3643    6.2   3.0356e-01    6.2     3500
  583.4  3189.2   1.78    14.8    2.56      4252    5.8   3.5435e-01    5.8     3820
  588.8  3218.8   1.79    28.9    2.56     20553    2.1   1.7128e+00    2.1     3820
  594.2  3248.5   1.79    20.1    2.56      6121    4.9   5.1005e-01    4.9     3608
  605.0  3307.6   1.65    66.6    3.15     58590    1.0   4.8825e+00    1.0     4002
  609.1  3329.9   1.66    11.1    3.15      2527   11.2   2.1054e-01   11.2     3766
  612.4  3347.9   1.66    23.6    3.15      6787    4.9   5.6556e-01    4.9     3766
  616.3  3368.9   1.66    16.6    3.15      5582    5.5   4.6518e-01    5.5     3766
  622.0  3400.1   1.56    35.8    1.90     26959    1.5   2.2466e+00    1.5     3468
  624.1  3411.5   1.56    56.6    1.90     41288    1.1   3.4407e+00    1.1     3251
  628.6  3436.3   1.57     4.3    1.90       680   37.1   5.6626e-02   37.1     3468
  631.0  3449.7   1.57    16.5    1.90      3594    7.6   2.9947e-01    7.6     3251
  645.2  3526.9   1.57    93.7    1.69     84924    0.7   7.0770e+00    0.7     2832
  656.0  3586.1   1.55     9.4    0.99      1700   10.9   1.4164e-01   10.9     2794
  658.8  3601.7   1.55     5.0    0.99       378   46.5   3.1463e-02   46.5     2619
  700.6  3830.0   1.68    11.3    1.01      1876   10.8   1.5632e-01   10.8     2817
  720.9  3941.2   1.78     3.6    0.72       652   26.2   5.4319e-02   26.2     3033
  726.3  3970.6   1.79    15.6    0.72      4309    4.8   3.5910e-01    4.8     2865
  768.5  4201.6   1.65    11.0    1.61      2201    8.6   1.8341e-01    8.6     2287
  794.7  4344.9   1.67     3.4    1.24       210   55.2   1.7485e-02   55.2     1860
  804.4  4397.5   1.68     3.6    1.24       377   31.7   3.1377e-02   31.7     1976
  810.8  4432.7   1.69     9.6    1.24      1742    8.1   1.4516e-01    8.1     1976
  822.4  4496.1   1.83     3.7    0.98       475   29.1   3.9581e-02   29.1     1932
  828.9  4531.9   1.84    16.0    0.98      3525    5.1   2.9375e-01    5.1     1932
  839.3  4588.4   1.71     8.3    1.38      1013   14.0   8.4454e-02   14.0     1792
  846.7  4629.0   1.72     3.8    1.38       233   56.2   1.9439e-02   56.2     1686
  884.3  4834.6   1.79     3.5    1.07       307   44.8   2.5562e-02   44.8     1783
  890.0  4865.7   1.79    14.7    1.07      2921    5.8   2.4346e-01    5.8     1888
  911.1  4981.3   1.77     8.2    0.94      1053   15.9   8.7746e-02   15.9     1926
  925.4  5059.5   1.82     6.2    1.21       907   18.2   7.5554e-02   18.2     1788
  931.3  5091.7   1.83    31.7    1.21      9293    2.5   7.7446e-01    2.5     1893
  934.5  5109.1   1.83     6.8    1.21       666   23.7   5.5511e-02   23.7     1893
  938.7  5132.3   1.84    57.9    1.21     31173    1.2   2.5978e+00    1.2     1893
  964.7  5274.1   1.82     3.3    1.17       299   42.1   2.4939e-02   42.1     1613
  968.9  5297.1   1.82     3.5    1.17       556   23.9   4.6302e-02   23.9     1613
  973.6  5322.9   1.83     5.0    1.17       238   55.5   1.9861e-02   55.5     1613
 1000.2  5468.3   1.85    14.2    0.72      2360    6.5   1.9665e-01    6.5     1291
 1036.1  5664.5   1.85    13.1    1.01      1746    8.1   1.4548e-01    8.1     1092
 1048.7  5733.5   1.89     9.2    0.99      1194   10.9   9.9501e-02   10.9     1030
 1104.1  6036.4   1.94     9.9    1.08      1177   11.2   9.8089e-02   11.2      947
 1120.7  6127.5   1.95     7.7    1.31      1233   10.9   1.0273e-01   10.9      951
 1134.0  6200.1   1.97     3.5    1.33       222   50.0   1.8488e-02   50.0      915
 1150.8  6292.1   2.00    52.2    2.25     24834    1.6   2.0695e+00    1.6      995
 1175.4  6426.6   2.06    14.0    1.54      2457    6.0   2.0478e-01    6.0     1023
 1183.6  6471.2   2.07    34.5    1.54     12129    2.0   1.0107e+00    2.0      974
 1200.2  6562.1   2.02     3.4    1.00       222   47.8   1.8461e-02   47.8      808
 1218.9  6664.2   2.00    15.3    1.27      2240    6.0   1.8666e-01    6.0      834
 1221.3  6677.8   2.00     5.7    1.27       389   30.3   3.2420e-02   30.3      834
 1238.2  6769.9   2.06     4.9    1.15       415   26.3   3.4565e-02   26.3      788
 1267.2  6928.4   2.08     4.3    0.77       266   30.9   2.2149e-02   30.9      654
 1274.5  6968.7   2.09     7.1    0.77       750   12.4   6.2515e-02   12.4      623
 1293.7  7073.6   2.19    12.4    1.16      1701    7.1   1.4179e-01    7.1      578
 1316.4  7197.6   2.12     6.3    0.92       597   13.6   4.9727e-02   13.6      494
 1324.3  7240.8   2.13     4.2    0.92       306   24.5   2.5497e-02   24.5      494
 1342.1  7338.2   2.24    10.5    1.15      1505    7.5   1.2541e-01    7.5      448
 1369.4  7487.4   2.17     4.4    0.92       373   18.2   3.1110e-02   18.2      355
 1377.6  7532.5   2.18     5.4    0.92       647   12.1   5.3908e-02   12.1      355
 1408.4  7700.7   2.34    11.2    1.11      1591    6.3   1.3260e-01    6.3      313
 1441.3  7880.6   2.23     3.6    0.82       133   46.7   1.1106e-02   46.7      249
 1460.8  7987.4   2.26    29.5    1.54      8015    2.3   6.6788e-01    2.3      266
 1468.9  8031.7   2.27    28.2    1.54      6283    2.5   5.2360e-01    2.5      266
 1479.0  8086.7   2.27     3.5    1.09       187   27.1   1.5593e-02   27.1      203
 1487.1  8131.1   2.27     6.9    1.09       540   10.5   4.5001e-02   10.5      203
 1496.2  8180.7   2.28     3.3    1.09        81   56.4   6.7413e-03   56.4      203
 1512.0  8267.5   2.28    12.8    1.08      1251    7.1   1.0428e-01    7.1      243
 1553.1  8491.9   2.33     4.2    1.02       140   32.6   1.1703e-02   32.6      163
 1565.1  8557.5   2.34     8.4    1.02       639    9.4   5.3241e-02    9.4      170
 1588.6  8686.3   2.36     3.3    0.77        95   55.2   7.8921e-03   55.2      187
 1592.4  8707.1   2.36     3.3    0.77       137   40.3   1.1426e-02   40.3      187
 1622.1  8869.5   2.55    13.8    1.11      1984    4.7   1.6535e-01    4.7      126
 1661.1  9082.6   2.42     3.6    1.22        83   45.3   6.9233e-03   45.3       96
 1670.8  9135.9   2.43     3.7    1.22       185   23.1   1.5427e-02   23.1      101
 1729.6  9457.1   2.48     3.5    0.99       124   33.8   1.0300e-02   33.8      100
 1735.4  9489.1   2.49     3.7    0.99        80   50.0   6.7021e-03   50.0      100
 1764.5  9648.0   2.51     9.7    0.77       745    8.5   6.2097e-02    8.5       93
 1780.3  9734.2   2.53     3.8    1.02       135   24.8   1.1261e-02   24.8       75
 1785.9  9765.2   2.53     3.4    1.02       123   26.5   1.0210e-02   26.5       75
 1797.3  9827.5   2.54     6.4    1.02       385   11.3   3.2094e-02   11.3       78
 1805.7  9873.1   2.55     9.7    1.02       833    7.3   6.9451e-02    7.3       75
 1829.4 10002.9   2.57     3.6    0.77        65   52.7   5.4531e-03   52.7       66
 1847.6 10102.3   2.59     3.7    0.81       103   34.8   8.6018e-03   34.8       62
 2043.7 11174.7   2.76     4.9    0.91       223   17.8   1.8621e-02   17.8       52
 2103.4 11501.5   2.81     3.4    0.96       115   35.3   9.5870e-03   35.3       78
 2203.9 12050.9   2.89     3.9    0.84       255   15.5   2.1273e-02   15.5       37
 2318.6 12678.0   2.99     3.6    0.92        65   47.7   5.3774e-03   47.7       47
 2375.7 12990.2   3.04     3.7    1.17       187   21.5   1.5563e-02   21.5       49
 2447.0 13380.5   3.11     3.7    0.84        63   43.0   5.2750e-03   43.0       25
 2614.2 14294.7   3.13    14.4    1.02      1263    5.6   1.0526e-01    5.6       24
 2753.5 15056.2   3.37     3.3    0.69        48   50.7   4.0374e-03   50.7        9

   indicates the Iterative Peak Width fitting reached a limiting value.
