
                       be used for evaluation purposes
                                                            16-Oct-2019 15:43
                       _________________________________

                       P E A K     F I T     R E P O R T
                       _________________________________

 Spectrum file Analysed: AM_Ir06_IDM4_jobscript_060-079 
 Sample Title :                                                  

 Spectrum saved on 16-Oct-2019 at 15:43    Collected on 27-Feb-2019 at  3:49
 Sample  Taken  on 26-Feb-2019 at 23:58    Decayed      0 Days,     0 mins.

            Detector file number used:     6
            Energy     Calibration Performed on  8-Mar-2019 at 12:03
            Peak Shape Calibration Performed on  8-Mar-2019 at 12:04

 

   Datetime:  26-Feb-2019  23:58
   Live:      12000.0 
   Mass:      677
   Shelf:     25
   Detector:      6

   Reported Activity values were rounded     
   FitzPeaks Version: 3.71 23rd January 2014           
                                                                                                     
              


 Peak   Centre   FW@HM         Goodness   Peak      %      Gammas       %      2 Sigma
Energy  Channel  (KeV)  Signif  of Fit    Area   Uncert.  per sec.   Uncert. Background

   61.5   335.3   1.10     5.7   49.01    147433    6.9   1.2286e+01    6.9   307440
   63.3   345.1   1.10   448.8   49.01   3343187    0.3   2.7860e+02    0.3   335389
   64.9   354.0   1.10   696.4   49.01   5750442    0.2   4.7920e+02    0.2   335389
   66.9   364.6   1.10   104.3   49.01    329564    3.3   2.7464e+01    3.3   307440
   69.1   376.8   1.10    10.3   49.01     23169   46.8   1.9308e+00   46.8   307440
   71.4   389.1   1.21    20.8   12.07     72504    4.5   6.0420e+00    4.5   143752
   73.5   400.8   1.21   375.0   12.07   2106103    0.3   1.7551e+02    0.3   143752
   75.7   412.6   1.21   204.5   12.07    756460    0.5   6.3038e+01    0.5   155731
   78.0   425.4   1.22    25.0   12.07     29963   10.6   2.4969e+00   10.6   155731
   82.5   449.9   1.06   183.6    1.62    353765    0.4   2.9480e+01    0.4    86656
   85.0   463.5   1.06    22.8    1.62     22601    5.1   1.8834e+00    5.1    86656
   87.5   477.5   1.07     7.6    1.62      6208   17.3   5.1729e-01   17.3    86656
   96.6   527.2   1.09   144.9    1.03    252428    0.6   2.1036e+01    0.6    81851
  129.5   707.1   1.13   155.2    2.32    266129    0.6   2.2177e+01    0.6    94045
  136.0   742.8   1.10     4.4    2.15      4429   39.5   3.6912e-01   39.5    87713
  138.3   754.9   1.10     5.7    2.15      5795   30.9   4.8288e-01   30.9    95687
  140.9   769.4   1.10     9.1    2.15      5644   30.8   4.7035e-01   30.8    87713
  172.3   941.1   1.15   155.5    0.93    257986    0.6   2.1499e+01    0.6   102460
  179.1   978.1   1.14    67.4    1.17     70655    1.8   5.8879e+00    1.8    95259
  186.8  1020.5   1.17   106.1    0.58    168574    0.8   1.4048e+01    0.8    73563
  187.8  1025.9   1.17     8.1    0.58     27675    4.5   2.3062e+00    4.5    80250
  197.2  1077.0   1.38    14.8    3.75     14637    7.9   1.2197e+00    7.9    79272
  206.0  1125.1   1.39    15.2    2.11     11671    7.6   9.7258e-01    7.6    67933
  208.8  1140.6   1.40    11.0    2.11     11913    7.3   9.9273e-01    7.3    67933
  219.8  1200.7   1.19    57.6    0.74     52374    1.6   4.3645e+00    1.6    46245
  221.9  1212.3   1.19     8.4    0.74      8119    9.3   6.7655e-01    9.3    46245
  223.9  1223.1   1.19    24.5    0.74     17693    4.5   1.4744e+00    4.5    46245
  235.7  1287.5   1.19     3.8    1.80      1873   32.6   1.5607e-01   32.6    39416
  238.6  1303.7   1.19     5.8    1.80      2483   24.6   2.0694e-01   24.6    39416
  268.1  1465.1   1.23     6.5    1.07     45640    1.9   3.8033e+00    1.9    28760
  268.9  1469.4   1.23    65.9    1.07     88156    1.1   7.3463e+00    1.1    31156
  277.6  1516.9   1.22     4.6    0.85      1616   26.6   1.3469e-01   26.6    26853
  283.1  1547.0   1.23     3.4    0.85      1444   28.8   1.2030e-01   28.8    26853
  288.3  1575.6   1.23     6.1    0.85      2084   20.1   1.7368e-01   20.1    29091
  293.7  1604.9   1.32   156.6    5.36    252581    0.6   2.1048e+01    0.6    27588
  296.0  1617.5   1.33    67.1    5.36     73157    1.3   6.0964e+00    1.3    25617
  300.9  1644.1   1.33    51.4    5.36     33939    2.2   2.8283e+00    2.2    27588
  308.6  1686.2   1.28    78.7    0.83     68767    1.0   5.7306e+00    1.0    23569
  316.6  1730.2   1.28   136.9    1.21    183046    0.6   1.5254e+01    0.6    23178
  328.6  1795.7   1.29   348.4    4.14   1142750    0.2   9.5229e+01    0.2    21771
  338.7  1851.3   1.28     3.5    1.18      1128   39.1   9.4028e-02   39.1    19505
  351.3  1919.8   1.32   123.8    1.48    144005    0.6   1.2000e+01    0.6    19314
  360.0  1967.5   1.32   153.1    1.22    245132    0.5   2.0428e+01    0.5    17984
  361.2  1974.1   1.33    13.0    1.22     23359    2.9   1.9465e+00    2.9    19368
  365.1  1995.3   1.33    10.4    1.22      4689   11.1   3.9073e-01   11.1    17984
  371.3  2029.4   1.31    60.5    1.14     40033    1.3   3.3361e+00    1.3    13764
  374.6  2047.3   1.31     4.7    1.14      1482   23.1   1.2348e-01   23.1    13764
  380.1  2077.7   1.32    12.0    1.14      3948    9.1   3.2900e-01    9.1    13764
  397.4  2172.1   1.36    24.5    0.95     10948    4.0   9.1232e-01    4.0    12688
  407.2  2225.8   1.36    45.6    2.24     46152    1.4   3.8460e+00    1.4    11899
  409.5  2238.2   1.37   166.9    2.24    286962    0.4   2.3914e+01    0.4    11899
  416.4  2275.9   1.34     3.4    1.77      1117   25.7   9.3096e-02   25.7    10367
  420.7  2299.6   1.35     8.0    1.77      1964   14.7   1.6363e-01   14.7     9626
  424.4  2319.8   1.35     3.8    1.77      1676   17.4   1.3967e-01   17.4    10367
  431.7  2359.6   1.41    13.8    1.07      4078    8.1   3.3984e-01    8.1     9128
  445.2  2433.6   1.37     7.5    0.99      1907   14.9   1.5895e-01   14.9     7318
  447.8  2447.6   1.37    13.7    0.99      3674    8.3   3.0616e-01    8.3     7318
  456.5  2495.2   1.40   108.5    1.44    107585    0.7   8.9654e+00    0.7     8301
  468.1  2558.5   1.40    85.8    0.83     71265    0.8   5.9387e+00    0.8     6755
  474.0  2590.9   1.39     3.6    1.69       883   25.1   7.3569e-02   25.1     5559
  477.5  2610.1   1.40    13.7    1.69      4675    5.3   3.8956e-01    5.3     5559
  479.9  2623.4   1.40     5.9    1.69      1542   13.6   1.2848e-01   13.6     5559
  482.9  2639.5   1.40    10.4    1.69      3360    6.9   2.8002e-01    6.9     5956
  484.7  2649.2   1.40    14.1    1.69      4880    4.7   4.0666e-01    4.7     5559
  490.6  2681.8   1.41     3.4    1.69       868   23.1   7.2346e-02   23.1     5559
  494.7  2704.2   1.41     9.7    1.69      1785   12.2   1.4873e-01   12.2     5559
  502.6  2747.5   1.42     7.6    0.86      1948   11.8   1.6233e-01   11.8     4843
  511.0  2793.0   2.85    19.0    3.02     35028    1.9   2.9190e+00    1.9     8523
  518.5  2834.2   1.44    63.7    3.02     44486    1.1   3.7072e+00    1.1     4262
  530.1  2897.7   1.44     3.9    0.60       946   21.6   7.8858e-02   21.6     3908
  538.9  2945.8   1.47   193.7    1.86    395443    0.3   3.2954e+01    0.3     3833
  541.7  2961.0   1.47    20.6    1.86     10293    3.4   8.5775e-01    3.4     3577
  558.0  3050.0   1.50    63.6    1.23     37941    1.1   3.1617e+00    1.1     2595
  562.4  3074.2   1.50     3.4    1.23       360   54.2   3.0006e-02   54.2     2780
  569.3  3111.9   1.50    64.1    0.89     36451    1.1   3.0376e+00    1.1     2785
  576.5  3151.3   1.50    14.2    1.16      3156    6.5   2.6299e-01    6.5     2615
  583.4  3189.1   1.78    15.4    2.48      3967    5.8   3.3058e-01    5.8     2864
  588.7  3218.4   1.78    25.8    2.48     15897    2.2   1.3248e+00    2.2     2705
  594.2  3248.4   1.79    15.9    2.48      3882    6.2   3.2353e-01    6.2     2705
  605.1  3307.6   1.65    65.0    3.00     56833    1.1   4.7361e+00    1.1     3080
  609.2  3330.2   1.65    14.2    3.00      2528   10.4   2.1068e-01   10.4     2899
  612.4  3348.0   1.66    22.9    3.00      6509    4.2   5.4238e-01    4.2     2899
  615.6  3365.3   1.66     3.9    3.00       753   31.1   6.2758e-02   31.1     2899
  622.0  3400.1   1.55    27.2    1.13     17184    2.2   1.4320e+00    2.2     2106
  624.1  3411.6   1.55    56.3    1.13     36564    1.2   3.0470e+00    1.2     1975
  628.5  3435.6   1.55     5.8    1.13      1086   27.2   9.0495e-02   27.2     1975
  631.0  3449.7   1.56    15.5    1.13      3696    8.4   3.0804e-01    8.4     1975
  645.2  3526.9   1.56    72.5    1.13     53048    0.9   4.4207e+00    0.9     2078
  656.0  3586.0   1.55     8.0    1.02      1195   13.0   9.9586e-02   13.0     2048
  658.8  3601.3   1.55     3.4    1.02       295   50.5   2.4580e-02   50.5     1920
  700.5  3829.8   1.59     4.8    1.53       935   17.2   7.7919e-02   17.2     2029
  721.3  3943.1   1.64     3.4    1.19       242   56.6   2.0205e-02   56.6     1959
  726.4  3970.9   1.64    19.7    1.19      4126    4.6   3.4382e-01    4.6     1959
  768.5  4201.7   1.61    14.0    0.88      2205    7.0   1.8377e-01    7.0     1565
  784.9  4291.2   1.66     3.6    0.87       316   39.6   2.6338e-02   39.6     1396
  810.8  4432.6   1.68    12.5    0.89      2053    7.5   1.7105e-01    7.5     1424
  822.0  4494.1   1.83     3.5    0.93       442   26.0   3.6860e-02   26.0     1354
  828.9  4531.9   1.83    17.8    0.93      3544    4.6   2.9536e-01    4.6     1354
  839.1  4587.7   1.71     6.4    0.88       937   14.2   7.8080e-02   14.2     1289
  860.4  4704.0   1.73     3.4    0.66       222   54.1   1.8534e-02   54.1     1287
  884.8  4837.7   1.78     3.5    0.95       233   49.2   1.9435e-02   49.2     1290
  890.0  4866.0   1.79    11.5    0.95      1760    8.6   1.4666e-01    8.6     1366
  911.1  4981.4   1.77     8.7    0.95      1074   12.8   8.9462e-02   12.8     1283
  925.3  5058.7   1.84     6.2    1.34       566   24.3   4.7194e-02   24.3     1315
  931.3  5091.7   1.85    22.1    1.34      5696    3.3   4.7463e-01    3.3     1315
  934.8  5110.7   1.85     6.2    1.34       487   26.8   4.0605e-02   26.8     1315
  938.7  5132.4   1.86    46.9    1.34     19834    1.6   1.6529e+00    1.6     1388
  969.0  5297.9   1.82     5.5    1.63       531   25.6   4.4262e-02   25.6     1258
 1000.2  5468.6   1.81    11.7    0.82      1496    8.7   1.2464e-01    8.7      946
 1036.1  5664.7   1.99    10.8    0.95      1636    8.4   1.3637e-01    8.4      864
 1048.7  5733.6   1.89     7.4    0.89       720   15.1   6.0026e-02   15.1      805
 1104.1  6036.4   1.94     7.7    1.13       792   14.0   6.5984e-02   14.0      714
 1120.6  6126.8   1.95     8.2    1.22      1043   11.4   8.6955e-02   11.4      729
 1133.9  6199.4   1.97     3.4    0.88       259   36.8   2.1552e-02   36.8      666
 1150.8  6292.2   2.01    40.0    0.94     16050    1.6   1.3375e+00    1.6      682
 1156.0  6320.6   2.01     3.6    0.94       195   50.8   1.6250e-02   50.8      648
 1175.4  6426.4   2.05    11.7    1.09      1536    7.6   1.2798e-01    7.6      770
 1183.6  6471.2   2.06    28.7    1.09      7482    2.5   6.2348e-01    2.5      770
 1200.5  6563.9   2.02     3.9    1.10       253   38.4   2.1083e-02   38.4      623
 1218.9  6664.3   2.29    10.3    1.49      1431    9.6   1.1923e-01    9.6      759
 1238.3  6770.5   2.06     3.3    1.06       309   33.2   2.5788e-02   33.2      727
 1267.4  6929.8   2.08     3.5    0.78       199   36.0   1.6554e-02   36.0      463
 1274.5  6968.6   2.09     8.7    0.78       836   10.4   6.9652e-02   10.4      487
 1293.7  7073.6   2.10     8.8    1.11      1088    9.1   9.0686e-02    9.1      429
 1316.5  7198.2   2.12     5.4    0.91       323   21.6   2.6897e-02   21.6      385
 1324.4  7241.2   2.13     5.2    0.91       376   19.0   3.1315e-02   19.0      385
 1342.2  7338.6   2.15    10.2    0.94       967    9.1   8.0559e-02    9.1      334
 1362.2  7447.8   2.16     3.4    1.00        98   45.5   8.1510e-03   45.5      263
 1369.6  7488.6   2.17     3.4    1.00       170   26.6   1.4176e-02   26.6      263
 1377.6  7532.2   2.18     7.3    1.00       549   11.2   4.5716e-02   11.2      263
 1386.4  7580.5   2.19     3.8    1.00       100   42.9   8.3638e-03   42.9      263
 1397.0  7638.5   2.19     3.5    1.00        84   51.5   6.9873e-03   51.5      263
 1408.5  7701.4   2.20     9.6    1.35       979    8.5   8.1558e-02    8.5      225
 1460.8  7987.2   2.29    29.7    1.21      8007    2.3   6.6725e-01    2.3      200
 1468.9  8031.6   2.30    22.7    1.21      4025    3.3   3.3538e-01    3.3      209
 1479.0  8086.7   2.27     3.7    1.15       144   33.7   1.2036e-02   33.7      165
 1487.1  8131.3   2.27     5.1    1.15       302   18.0   2.5164e-02   18.0      165
 1511.9  8267.0   2.29     8.7    1.32       780    9.7   6.4963e-02    9.7      183
 1553.5  8494.0   2.33     3.4    1.05        98   39.6   8.1756e-03   39.6      133
 1565.1  8557.6   2.34     6.2    1.05       440   12.6   3.6642e-02   12.6      139
 1592.4  8707.0   2.36     3.5    1.13       101   54.9   8.3874e-03   54.9      191
 1622.2  8869.8   2.47    13.0    1.01      1312    6.0   1.0931e-01    6.0      102
 1670.5  9134.0   2.43     3.5    1.02        98   44.6   8.1567e-03   44.6      107
 1729.7  9457.6   2.48     3.3    1.30       124   34.5   1.0327e-02   34.5       87
 1764.6  9648.3   2.51     8.3    1.04       742    8.4   6.1821e-02    8.4       75
 1780.2  9734.0   2.53     4.2    1.03        80   36.7   6.6859e-03   36.7       62
 1785.5  9763.0   2.53     3.3    1.03        64   43.0   5.3709e-03   43.0       62
 1797.4  9827.9   2.54     5.0    1.03       308   12.5   2.5643e-02   12.5       62
 1805.7  9873.5   2.55     9.6    1.03       552    9.7   4.5977e-02    9.7       65
 1847.3 10100.9   2.59     3.7    1.06       107   32.4   8.9166e-03   32.4       56
 2043.7 11175.0   2.76     4.2    0.99       119   30.2   9.9136e-03   30.2       44
 2103.2 11500.2   2.81     3.7    0.91       147   27.2   1.2286e-02   27.2       70
 2203.9 12051.1   2.89     5.1    1.06       252   16.6   2.1023e-02   16.6       50
 2375.9 12991.3   3.04     3.6    1.06       142   25.8   1.1856e-02   25.8       45
 2447.2 13381.5   3.11     3.4    0.72        84   33.2   6.9679e-03   33.2       24
 2614.1 14294.2   3.35    12.1    0.97      1275    5.6   1.0623e-01    5.6       20

   indicates the Iterative Peak Width fitting reached a limiting value.
