
                       be used for evaluation purposes
                                                            15-Oct-2019 13:51
                       _________________________________

                       P E A K     F I T     R E P O R T
                       _________________________________

 Spectrum file Analysed: AM_Ir01_IDM1_jobscript_045-059 
 Sample Title :                                                  

 Spectrum saved on 15-Oct-2019 at 13:51    Collected on 26-Feb-2019 at 23:45
 Sample  Taken  on 26-Feb-2019 at 20:51    Decayed      0 Days,     0 mins.

            Detector file number used:     3
            Energy     Calibration Performed on  8-Mar-2019 at 11:49
            Peak Shape Calibration Performed on  8-Mar-2019 at 11:50

 

   Datetime:  26-Feb-2019  20:51
   Live:      9000.00 
   Mass:      177
   Shelf:     53
   Detector:      3

   Reported Activity values were rounded     
   FitzPeaks Version: 3.71 23rd January 2014           
                                                                                                     
              


 Peak   Centre   FW@HM         Goodness   Peak      %      Gammas       %      2 Sigma
Energy  Channel  (KeV)  Signif  of Fit    Area   Uncert.  per sec.   Uncert. Background

   61.2   335.1   1.11     5.0   34.44    188949    6.5   2.0994e+01    6.5   672213
   62.2   340.4   1.12    21.5   34.44     96115   14.6   1.0679e+01   14.6   616195
   63.1   345.3   1.12   533.7   34.44   4546338    0.3   5.0515e+02    0.3   616195
   64.7   354.2   1.12   807.1   34.44   7573121    0.3   8.4146e+02    0.3   616195
   69.3   379.4   1.24    10.6   16.77     31426   13.1   3.4918e+00   13.1   231639
   71.2   389.8   1.24    34.5   16.77    171701    2.5   1.9078e+01    2.5   231639
   73.2   401.0   1.25   481.1   16.77   3025721    0.3   3.3619e+02    0.3   213820
   75.4   412.8   1.25   232.5   16.77    906507    0.5   1.0072e+02    0.5   213820
   82.1   449.7   1.14   188.5    1.28    411011    0.6   4.5668e+01    0.6    99474
   84.7   463.6   1.14    29.0    1.28     32035    6.9   3.5594e+00    6.9    99474
   87.2   477.5   1.15     9.5    1.28      9139   23.3   1.0155e+00   23.3    99474
   94.1   514.9   1.12   224.2    0.75    505155    0.4   5.6128e+01    0.4   106904
   96.4   527.5   1.12   123.4    0.75    196065    0.8   2.1785e+01    0.8    97996
  103.6   566.9   1.13     3.6    0.69      2214   43.0   2.4603e-01   43.0   103286
  105.9   579.8   1.13     4.4    0.69      2423   40.8   2.6919e-01   40.8   103286
  113.6   621.6   1.13   145.1    1.04    253746    0.6   2.8194e+01    0.6    98474
  129.3   707.6   1.18   130.9    3.59    201477    2.0   2.2386e+01    2.0   115797
  138.1   755.7   1.15     3.6    1.39      4318   28.9   4.7973e-01   28.9    94815
  140.9   771.2   1.15   191.0    1.39    349793    0.5   3.8866e+01    0.5   103435
  147.0   804.4   1.16     5.6    1.20      3596   27.9   3.9957e-01   27.9    90687
  154.9   847.6   1.17     3.4    0.69      2133   45.3   2.3699e-01   45.3    96270
  172.1   942.0   1.18   143.1    0.53    211832    0.7   2.3537e+01    0.7    90527
  176.3   964.9   1.20    68.2    1.15     73175    1.5   8.1305e+00    1.5    85331
  178.9   979.0   1.20    59.4    1.15     60958    1.8   6.7732e+00    1.8    85331
  181.2   991.3   1.20    15.5    1.15     14732    6.4   1.6369e+00    6.4    85331
  183.5  1004.3   1.20     3.4    1.15      3683   24.6   4.0927e-01   24.6    85331
  186.6  1021.1   1.20   151.5    1.15    265559    0.5   2.9507e+01    0.5    85331
  187.7  1026.9   1.21    11.0    1.15     24243    4.3   2.6937e+00    4.3    85331
  190.7  1043.3   1.21    16.3    1.15     12830    7.9   1.4256e+00    7.9    85331
  197.0  1078.2   1.20     9.8    1.88      7987   21.7   8.8741e-01   21.7    79634
  203.7  1114.6   1.17    34.9    1.32     28981    3.4   3.2201e+00    3.4    73276
  208.7  1142.1   1.26     7.4    2.13      8461   10.2   9.4012e-01   10.2    61029
  212.7  1163.6   1.26    13.8    2.13      7887   10.3   8.7636e-01   10.3    66115
  216.5  1184.4   1.26     5.9    2.13      3416   21.8   3.7955e-01   21.8    66115
  219.7  1201.9   1.26    50.8    2.13     47519    1.8   5.2798e+00    1.8    61029
  221.9  1214.3   1.27     6.5    2.13      7204   10.8   8.0043e-01   10.8    66115
  223.3  1221.6   1.27    79.3    2.13    102944    0.9   1.1438e+01    0.9    66115
  225.6  1234.6   1.27     7.0    2.13      5927   13.0   6.5851e-01   13.0    66115
  228.3  1248.9   1.27     3.4    2.13      1749   46.3   1.9432e-01   46.3    61029
  243.4  1331.7   1.25   201.4    1.17    380612    0.4   4.2290e+01    0.4    52790
  245.2  1341.3   1.25     8.3    1.17     26907    3.9   2.9897e+00    3.9    52790
  252.4  1381.2   1.24     3.9    1.12      1537   42.0   1.7074e-01   42.0    42440
  258.4  1413.5   1.50    24.8    5.54     17959    4.5   1.9954e+00    4.5    46916
  263.3  1440.7   1.50     4.7    5.54      2814   23.8   3.1268e-01   23.8    46916
  268.6  1469.6   1.51    66.9    5.54    114197    1.6   1.2689e+01    1.6    46916
  276.0  1509.8   1.26     3.8    0.87      2313   25.1   2.5703e-01   25.1    36679
  277.6  1519.0   1.26     5.6    0.87      2381   24.9   2.6458e-01   24.9    33858
  284.4  1556.2   1.29    13.6    6.62      7882    6.8   8.7578e-01    6.8    34084
  288.3  1577.1   1.29     7.8    6.62      4021   13.3   4.4673e-01   13.3    34084
  293.9  1608.0   1.30    14.5    6.62     17748    4.9   1.9720e+00    4.9    36705
  295.8  1618.5   1.30    19.9    6.62     19027    4.3   2.1141e+00    4.3    34084
  300.4  1643.5   1.30   128.2    6.62    177718    0.6   1.9746e+01    0.6    34084
  308.5  1687.6   1.42    24.0    3.22     15083    5.4   1.6759e+00    5.4    34051
  316.6  1732.0   1.29     6.3    0.64     41173    2.1   4.5747e+00    2.1    30510
  317.5  1737.0   1.30    97.4    0.64    141508    0.7   1.5723e+01    0.7    30510
  324.5  1775.1   1.32     3.6    1.20      1590   34.9   1.7662e-01   34.9    29340
  328.5  1797.4   1.32    68.9    1.20     65139    1.2   7.2377e+00    1.2    29340
  343.2  1877.8   1.40    10.9    1.29      6143    9.8   6.8257e-01    9.8    31704
  351.2  1921.5   1.34    96.3    1.20    124133    0.8   1.3793e+01    0.8    28816
  352.6  1928.9   1.34     6.3    1.20      6098   10.2   6.7759e-01   10.2    31033
  356.5  1950.5   1.35     3.3    1.20      1727   31.8   1.9191e-01   31.8    28816
  360.0  1969.3   1.35   123.5    1.20    207619    0.5   2.3069e+01    0.5    28816
  361.1  1975.7   1.35    10.8    1.20     22762    3.5   2.5291e+00    3.5    28816
  371.3  2031.2   1.33    44.9    1.37     26346    2.5   2.9273e+00    2.5    26679
  380.1  2079.5   1.34     6.1    0.81      2359   20.4   2.6208e-01   20.4    22965
  397.4  2174.1   1.32    16.7    1.54      6921    7.0   7.6905e-01    7.0    21846
  403.9  2209.7   1.38    66.6    1.17     49957    1.4   5.5508e+00    1.4    20740
  407.2  2227.6   1.38    30.3    1.17     30555    2.1   3.3950e+00    2.1    20740
  409.5  2240.1   1.38   162.6    1.17    244366    0.4   2.7152e+01    0.4    20740
  420.6  2300.8   1.37     3.8    0.88      1744   25.2   1.9381e-01   25.2    18863
  431.0  2358.0   1.61    15.5    1.36      8586    5.0   9.5404e-01    5.0    17877
  437.7  2394.6   1.61     3.5    1.36       882   44.9   9.7963e-02   44.9    17877
  445.1  2434.8   1.39     5.4    0.88      1718   20.9   1.9085e-01   20.9    13714
  447.7  2449.4   1.39     8.9    0.88      2217   16.3   2.4633e-01   16.3    13714
  456.4  2497.0   1.41   100.8    1.20     91535    0.8   1.0171e+01    0.8    12974
  459.3  2512.7   1.41     7.2    1.20      3416   14.0   3.7954e-01   14.0    12974
  468.0  2560.3   1.43    34.0    1.42     16106    2.9   1.7896e+00    2.9    11626
  477.6  2612.9   1.42     8.7    1.33      2623   12.5   2.9140e-01   12.5    11190
  479.7  2624.4   1.42     3.9    1.33      1164   26.8   1.2932e-01   26.8    11989
  484.6  2651.1   1.42     6.0    1.33      2002   16.3   2.2246e-01   16.3    11190
  493.5  2699.6   1.72    12.7    1.93      8721    5.6   9.6903e-01    5.6    13540
  502.5  2748.8   1.44    19.4    1.03      7261    5.2   8.0675e-01    5.2    10448
  510.9  2794.8   2.85    18.4    2.15     34752    2.3   3.8614e+00    2.3    21243
  518.4  2835.9   1.41    50.4    2.15     28702    1.7   3.1891e+00    1.7    10621
  530.5  2901.8   1.47    15.6    1.33      5889    6.3   6.5434e-01    6.3     9704
  538.8  2947.6   1.49   180.1    1.98    336133    0.3   3.7348e+01    0.3     8327
  541.5  2962.3   1.49    11.3    1.98      9771    4.3   1.0857e+00    4.3     8327
  544.8  2980.5   1.50   124.2    1.98    160935    0.6   1.7882e+01    0.6     8327
  550.5  3011.4   1.50     3.3    1.98       763   46.3   8.4757e-02   46.3     8327
  557.9  3051.8   1.49    50.3    0.95     24664    1.8   2.7404e+00    1.8     6611
  568.8  3111.6   1.54   147.6    2.02    198140    0.5   2.2016e+01    0.5     6441
  576.6  3153.9   1.60    12.8    1.01      3975    5.9   4.4169e-01    5.9     5573
  583.4  3191.4   1.61    10.7    1.01      3053    7.1   3.3917e-01    7.1     5573
  585.0  3200.3   1.61     5.9    1.01      1159   17.9   1.2883e-01   17.9     5573
  588.2  3217.4   1.61    15.4    1.01      4231    5.5   4.7015e-01    5.5     5573
  594.5  3252.3   1.61    10.9    1.01      2485    8.9   2.7616e-01    8.9     5573
  605.1  3309.9   1.55    31.7    2.84     31709    1.5   3.5233e+00    1.5     5576
  607.5  3323.1   1.56   141.7    2.84    189893    0.5   2.1099e+01    0.5     5576
  612.5  3350.3   1.56     8.5    2.84       802   36.1   8.9153e-02   36.1     5228
  616.2  3370.6   1.56    22.8    2.84      6791    4.7   7.5458e-01    4.7     5228
  622.7  3406.1   1.55     6.6    1.16      4372   10.7   4.8577e-01   10.7     4440
  623.9  3413.1   1.55    47.8    1.16     31225    1.8   3.4694e+00    1.8     4440
  627.0  3429.7   1.55    74.8    1.16     53386    1.2   5.9318e+00    1.2     4163
  630.9  3451.1   1.55    10.9    1.16      2184   20.0   2.4269e-01   20.0     4440
  633.1  3463.4   1.56     3.4    1.16       905   46.6   1.0052e-01   46.6     4163
  640.9  3505.6   1.83     3.9    2.20       900   26.5   1.0003e-01   26.5     3589
  644.4  3524.8   1.84    32.0    2.20     16961    2.3   1.8845e+00    2.3     3589
  651.4  3563.4   1.37    14.5    1.57      2505    7.2   2.7836e-01    7.2     2586
  655.5  3585.9   1.37     9.9    1.57      1728   10.4   1.9196e-01   10.4     2785
  673.5  3684.4   1.57     5.4    1.60       823   20.6   9.1395e-02   20.6     2586
  678.9  3714.0   1.57     5.4    1.60      1077   16.2   1.1972e-01   16.2     2759
  698.2  3819.5   1.63    18.6    1.27      4468    7.7   4.9641e-01    7.7     2748
  708.4  3875.2   1.60     5.8    1.47       799   26.4   8.8816e-02   26.4     2323
  714.2  3906.6   1.60     7.0    1.47      1097   19.8   1.2192e-01   19.8     2323
  721.2  3945.2   1.62   148.0    2.88    200910    0.5   2.2323e+01    0.5     2409
  726.1  3972.1   1.62    20.2    2.88      5356    5.0   5.9509e-01    5.0     2409
  729.3  3989.4   1.62     3.5    2.88       743   31.3   8.2604e-02   31.3     2409
  733.6  4013.0   1.63    18.4    2.88      7018    4.1   7.7982e-01    4.1     2409
  735.6  4024.0   1.63    19.4    2.88      7940    3.7   8.8222e-01    3.7     2409
  743.3  4066.0   1.62     5.0    1.42       648   20.6   7.1966e-02   20.6     1756
  745.7  4079.1   1.62     4.6    1.42       374   34.9   4.1534e-02   34.9     1756
  751.1  4108.7   1.63     7.3    1.42      1011   13.3   1.1234e-01   13.3     1756
  755.9  4134.8   1.63     7.0    1.42      1333   10.9   1.4806e-01   10.9     1756
  762.7  4172.0   1.64     3.4    1.24       284   49.6   3.1591e-02   49.6     1541
  765.3  4186.4   1.64     3.3    1.24       596   22.1   6.6231e-02   22.1     1541
  768.5  4203.9   1.64     9.2    1.24      1545    9.2   1.7169e-01    9.2     1541
  771.9  4222.6   1.64     3.4    1.24       292   46.3   3.2440e-02   46.3     1638
  781.9  4277.3   1.66     5.5    1.21       819   17.3   9.1025e-02   17.3     1851
  788.7  4314.2   1.67    12.6    1.21      2268    7.1   2.5200e-01    7.1     1743
  792.5  4335.0   1.67    50.2    1.21     25189    1.3   2.7988e+00    1.3     1743
  795.9  4353.5   1.67     5.4    1.21       650   22.0   7.2200e-02   22.0     1851
  798.2  4366.1   1.67    16.0    1.21      3582    5.0   3.9801e-01    5.0     1743
  808.7  4423.5   1.71     7.0    1.55      1295   12.7   1.4388e-01   12.7     1653
  811.0  4436.0   1.71    10.6    1.55      2250    8.1   2.5002e-01    8.1     1556
  820.8  4489.7   1.99     3.3    1.96       340   42.3   3.7777e-02   42.3     1705
  828.1  4529.8   1.99    20.5    1.96      8215    3.1   9.1277e-01    3.1     1794
  835.6  4571.1   1.69     8.2    1.42      1728    8.8   1.9202e-01    8.8     1424
  839.1  4590.0   1.70     4.6    1.42       819   17.2   9.1041e-02   17.2     1424
  855.5  4679.6   1.71     3.5    1.09       357   37.4   3.9716e-02   37.4     1381
  880.0  4813.4   2.07     6.8    1.45      1266   10.8   1.4062e-01   10.8     1589
  885.4  4843.1   2.08    11.2    1.45      2599    6.1   2.8875e-01    6.1     1514
  891.9  4879.0   2.08     4.8    1.45       571   23.1   6.3486e-02   23.1     1514
  902.5  4936.5   1.74     4.8    1.22       627   17.0   6.9698e-02   17.0     1177
  911.3  4984.8   1.75     8.5    1.22      1088   10.9   1.2084e-01   10.9     1177
  924.6  5057.8   1.79    22.0    2.20      4556    3.8   5.0617e-01    3.8     1285
  930.5  5089.8   1.80     4.1    2.20       988   15.0   1.0983e-01   15.0     1285
  934.3  5110.6   1.80     3.4    2.20       649   20.1   7.2164e-02   20.1     1214
  938.7  5134.8   1.80    10.3    2.20      1131   11.8   1.2571e-01   11.8     1285
  951.7  5205.7   1.78     3.5    0.99       371   25.5   4.1258e-02   25.5     1052
  955.5  5226.5   1.79     3.5    0.99       234   38.1   2.6038e-02   38.1     1052
  964.7  5276.9   1.79     3.6    0.99       249   38.0   2.7678e-02   38.0     1113
  968.7  5298.7   1.80     5.7    0.99       559   18.6   6.2061e-02   18.6     1113
  986.4  5395.7   1.81     6.0    1.43       903   13.6   1.0034e-01   13.6     1126
  992.7  5430.3   1.81     7.1    1.43      1079   11.2   1.1994e-01   11.2     1126
 1002.7  5484.7   1.82     6.9    0.90       812   13.6   9.0221e-02   13.6     1059
 1007.7  5512.1   1.83     8.9    0.90      1326    8.8   1.4739e-01    8.8     1059
 1011.9  5535.3   1.83     6.0    0.90       651   17.5   7.2370e-02   17.5     1059
 1026.7  5615.8   1.93    21.0    0.67      5261    3.4   5.8455e-01    3.4     1042
 1033.9  5655.4   1.85     6.9    0.94       587   18.4   6.5232e-02   18.4     1003
 1036.0  5666.9   1.85     8.0    0.94      1111   10.1   1.2348e-01   10.1     1003
 1044.1  5711.1   1.85     8.5    0.94      1039   10.8   1.1546e-01   10.8     1003
 1070.6  5856.0   1.87     8.8    1.14      1000   10.4   1.1107e-01   10.4      949
 1080.7  5911.2   1.88     9.2    1.14      1182    8.6   1.3129e-01    8.6      949
 1089.4  5959.1   1.89     4.6    1.14       489   19.8   5.4344e-02   19.8      949
 1106.4  6051.9   1.99    12.9    1.29      2763    5.7   3.0703e-01    5.7     1042
 1108.9  6065.5   2.00     7.0    1.29      1291   10.9   1.4350e-01   10.9      990
 1120.2  6127.4   1.91     6.1    1.24       649   15.5   7.2151e-02   15.5      948
 1124.1  6148.9   1.92     3.5    1.24       278   33.2   3.0909e-02   33.2      898
 1133.8  6202.1   1.92     3.6    1.24       328   29.1   3.6422e-02   29.1      948
 1143.8  6256.5   1.93     4.9    1.31       492   17.3   5.4718e-02   17.3      941
 1150.8  6294.7   1.94     9.1    1.31      1015    9.2   1.1279e-01    9.2      941
 1159.2  6340.5   1.94     3.6    1.31       457   17.6   5.0812e-02   17.6      941
 1167.9  6388.3   1.95     4.7    1.31       385   20.5   4.2824e-02   20.5      941
 1176.0  6432.9   1.96     3.4    1.31       180   41.9   2.0028e-02   41.9      941
 1183.7  6474.8   1.96     8.5    1.31       956    9.7   1.0619e-01    9.7      941
 1199.1  6559.1   1.97     3.4    1.05       217   45.1   2.4161e-02   45.1     1021
 1207.6  6605.5   1.98     6.3    1.05       821   13.2   9.1216e-02   13.2      970
 1230.8  6732.1   2.00     7.8    1.48       838   12.9   9.3143e-02   12.9      930
 1239.1  6777.6   2.00     3.4    1.48       294   34.3   3.2634e-02   34.3      884
 1254.0  6859.2   2.02    21.5    0.77      4358    3.8   4.8427e-01    3.8      927
 1274.6  6971.8   2.03     3.5    0.99       173   54.1   1.9272e-02   54.1      671
 1293.0  7072.8   2.05     3.5    1.08       141   49.1   1.5688e-02   49.1      548
 1300.0  7111.1   2.05     3.4    1.08       200   34.5   2.2263e-02   34.5      548
 1305.2  7139.3   2.05     4.0    1.08       270   26.2   3.0050e-02   26.2      548
 1312.3  7178.3   2.06     9.8    1.08       903    9.9   1.0037e-01    9.9      548
 1323.5  7239.5   2.11    16.9    0.84      3021    4.4   3.3570e-01    4.4      561
 1326.5  7256.0   2.11     5.8    0.84       568   16.9   6.3166e-02   16.9      535
 1344.4  7353.8   2.09     7.6    1.16       759   10.8   8.4380e-02   10.8      444
 1355.8  7416.2   2.09     3.6    1.16       265   24.8   2.9471e-02   24.8      444
 1362.5  7452.8   2.10     9.4    1.16       752   10.4   8.3514e-02   10.4      444
 1377.6  7535.4   2.29    10.2    1.15      1296    7.7   1.4404e-01    7.7      477
 1381.5  7556.8   2.29     7.3    1.15       694   12.2   7.7113e-02   12.2      477
 1387.6  7589.9   2.29     7.6    1.15       927    9.8   1.0296e-01    9.8      477
 1395.1  7631.2   2.30     3.6    1.15       375   21.2   4.1705e-02   21.2      477
 1405.9  7690.0   2.13     4.8    1.05       685   13.3   7.6065e-02   13.3      400
 1408.4  7704.0   2.13     5.0    1.05       881   10.4   9.7943e-02   10.4      400
 1422.7  7781.9   2.15     6.8    0.85       476   15.8   5.2921e-02   15.8      301
 1434.7  7847.7   2.15     3.4    1.35       112   56.1   1.2407e-02   56.1      357
 1442.2  7888.7   2.16     4.7    1.35       156   44.1   1.7363e-02   44.1      357
 1446.2  7910.5   2.16     7.0    1.35       638   13.3   7.0918e-02   13.3      357
 1457.7  7973.7   2.28    11.8    1.23      2437    5.0   2.7075e-01    5.0      256
 1460.8  7990.6   2.28    24.0    1.23      5877    2.8   6.5305e-01    2.8      267
 1469.1  8035.7   2.29     3.4    1.23       253   23.0   2.8165e-02   23.0      256
 1476.8  8077.8   2.29    17.1    1.23      3845    3.4   4.2721e-01    3.4      256
 1496.1  8183.2   2.20     7.4    0.97       725   10.0   8.0528e-02   10.0      235
 1501.2  8211.5   2.21     7.8    0.97       896    8.4   9.9544e-02    8.4      224
 1504.3  8228.6   2.21     7.1    0.97       225   26.0   2.5044e-02   26.0      224
 1509.2  8255.3   2.21     4.6    0.97       221   27.5   2.4517e-02   27.5      224
 1528.4  8360.1   2.23     7.9    0.84       631    9.9   7.0058e-02    9.9      179
 1536.4  8404.1   2.23     4.1    0.84       125   38.4   1.3921e-02   38.4      179
 1553.9  8499.8   2.25     4.6    1.18       144   38.7   1.5988e-02   38.7      170
 1558.0  8521.8   2.25     7.2    1.18       520   12.4   5.7795e-02   12.4      170
 1571.4  8595.3   2.26     9.3    1.12       767    8.1   8.5267e-02    8.1      145
 1579.2  8637.8   2.27     3.7    1.12       145   27.0   1.6096e-02   27.0      145
 1583.1  8659.5   2.27     3.4    1.12       111   33.6   1.2285e-02   33.6      152
 1592.9  8713.1   2.28     5.9    1.12       350   13.3   3.8906e-02   13.3      145
 1601.0  8757.0   2.28     4.3    1.12       162   25.5   1.8007e-02   25.5      145
 1610.4  8808.5   2.29     5.6    1.16       193   22.5   2.1479e-02   22.5      115
 1613.5  8825.6   2.29     4.3    1.16       347   13.7   3.8555e-02   13.7      115
 1622.4  8874.1   2.30     3.5    1.16       240   19.1   2.6618e-02   19.1      110
 1635.5  8945.9   2.31     5.7    1.03       133   35.2   1.4763e-02   35.2      120
 1638.5  8962.4   2.31     3.5    1.03       166   28.2   1.8450e-02   28.2      126
 1653.5  9044.2   2.32     7.1    1.12       520    9.0   5.7813e-02    9.0       83
 1663.2  9097.6   2.33     3.3    1.12        78   37.2   8.6845e-03   37.2       83
 1672.9  9150.5   2.34     5.2    1.12       222   16.5   2.4621e-02   16.5       83
 1683.6  9209.2   2.35     6.1    1.12       310   13.1   3.4498e-02   13.1       83
 1688.3  9234.9   2.35     5.0    1.12       192   19.2   2.1298e-02   19.2       83
 1708.4  9344.7   2.37     3.3    1.01        60   44.4   6.6774e-03   44.4       64
 1715.7  9384.7   2.37     3.6    1.01       129   24.3   1.4359e-02   24.3       64
 1720.8  9412.2   2.37     4.5    1.01       204   16.9   2.2666e-02   16.9       64
 1729.6  9460.6   2.38     3.5    1.01       114   25.2   1.2616e-02   25.2       64
 1740.4  9519.9   2.39     4.4    1.01       195   17.9   2.1693e-02   17.9       64
 1757.8  9614.6   2.40     3.6    1.02        73   42.6   8.0612e-03   42.6       54
 1764.4  9650.9   2.41     6.2    1.02       593    9.7   6.5886e-02    9.7       57
 1767.1  9665.8   2.41     4.7    1.02       524    9.9   5.8221e-02    9.9       54
 1792.1  9802.4   2.43     3.9    1.33        90   43.4   1.0041e-02   43.4       85
 1798.4  9836.6   2.43     4.9    1.33       220   20.2   2.4455e-02   20.2       85
 1802.3  9858.3   2.44     5.9    1.33       144   30.6   1.5946e-02   30.6       85
 1847.4 10104.7   2.47     3.4    1.11        91   34.8   1.0075e-02   34.8       41
 1919.6 10499.6   2.53     5.2    0.93       145   21.6   1.6152e-02   21.6       34
 1943.3 10629.3   2.55     3.4    0.94        67   43.9   7.4298e-03   43.9       41
 2103.7 11507.0   2.67     3.5    0.87       107   25.9   1.1885e-02   25.9       43
 2118.7 11588.7   2.68     3.4    0.87        49   45.8   5.4311e-03   45.8       43
 2204.2 12056.4   2.75     4.5    0.93       174   17.9   1.9286e-02   17.9       34
 2214.4 12112.1   2.76     3.4    0.93        82   31.1   9.0937e-03   31.1       33
 2447.7 13388.5   2.93     3.3    0.83        48   50.9   5.2853e-03   50.9       24
 2614.3 14299.4   2.92    12.2    1.07      1013    6.6   1.1253e-01    6.6       13

   indicates the Iterative Peak Width fitting reached a limiting value.
