
                       be used for evaluation purposes
                                                            15-Oct-2019 16:01
                       _________________________________

                       P E A K     F I T     R E P O R T
                       _________________________________

 Spectrum file Analysed: AM_Ir03_IDM2_jobscript_045-059 
 Sample Title :                                                  

 Spectrum saved on 15-Oct-2019 at 16:01    Collected on 26-Feb-2019 at 23:45
 Sample  Taken  on 26-Feb-2019 at 20:51    Decayed      0 Days,     0 mins.

            Detector file number used:     4
            Energy     Calibration Performed on  8-Mar-2019 at 11:45
            Peak Shape Calibration Performed on  8-Mar-2019 at 11:47

 

   Datetime:  26-Feb-2019  20:51
   Live:      9000.00 
   Mass:      377
   Shelf:     32
   Detector:      4

   Reported Activity values were rounded     
   FitzPeaks Version: 3.71 23rd January 2014           
                                                                                                     
              


 Peak   Centre   FW@HM         Goodness   Peak      %      Gammas       %      2 Sigma
Energy  Channel  (KeV)  Signif  of Fit    Area   Uncert.  per sec.   Uncert. Background

   61.8   336.6   1.15    12.9   90.15    257697   22.5   2.8633e+01   22.5   745534
   63.4   345.6   1.15   523.8   90.15   5317598    1.2   5.9084e+02    1.2   745534
   65.0   354.4   1.16   836.8   90.15   8789143    0.7   9.7657e+02    0.7   745534
   69.6   379.4   1.26     7.6   33.56     25283   21.1   2.8093e+00   21.1   264808
   71.3   388.9   1.26    20.7   33.56    145259    3.8   1.6140e+01    3.8   264808
   73.6   401.2   1.27   495.9   33.56   3671511    0.2   4.0795e+02    0.2   264808
   75.7   413.0   1.27   235.4   33.56   1136566    0.5   1.2629e+02    0.5   244438
   82.5   450.0   1.17   212.6    2.63    545673    0.4   6.0630e+01    0.4   124099
   85.0   463.7   1.17    31.7    2.63     39478    3.7   4.3865e+00    3.7   124099
   87.6   478.0   1.17    12.5    2.63     10403   14.8   1.1559e+00   14.8   124099
   94.4   515.0   1.16   201.3    1.52    473275    0.4   5.2586e+01    0.4   116342
   96.7   527.5   1.16   149.9    1.52    305192    0.6   3.3910e+01    0.6   106647
  113.9   621.5   1.18   138.5    0.93    237110    0.7   2.6346e+01    0.7   116079
  129.6   707.3   1.22   160.1    2.72    318984    1.1   3.5443e+01    1.1   124664
  138.5   755.9   1.19     6.7    1.23      6059   37.0   6.7324e-01   37.0   116081
  141.2   770.8   1.19   167.3    1.23    324279    0.8   3.6031e+01    0.8   116081
  147.3   804.1   1.16     4.3    0.84      4621   22.7   5.1344e-01   22.7   110841
  172.3   941.0   1.22   174.8    1.28    326777    0.5   3.6309e+01    0.5   106290
  176.5   963.8   1.22    58.7    1.28     66448    1.8   7.3831e+00    1.8   106290
  179.0   977.9   1.22    73.3    1.28     90886    1.3   1.0098e+01    1.3   106290
  181.3   990.0   1.23    10.3    1.28     10667   10.9   1.1852e+00   10.9   106290
  186.7  1019.9   1.23   145.8    1.57    281712    0.6   3.1301e+01    0.6    98179
  187.8  1025.6   1.24     9.0    1.57     35744    4.1   3.9715e+00    4.1   106360
  190.8  1042.2   1.24    12.7    1.57     11623   11.6   1.2915e+00   11.6    98179
  197.1  1076.9   1.45    10.5    2.53     13390    9.5   1.4878e+00    9.5   105257
  203.8  1113.1   1.29    32.3    1.96     29931    3.2   3.3256e+00    3.2    80776
  206.0  1125.5   1.30     3.5    1.96      5190   16.2   5.7664e-01   16.2    80776
  208.8  1140.8   1.30    12.2    1.96     12080    7.4   1.3422e+00    7.4    80776
  212.8  1162.4   1.30     9.5    1.96      7046   11.7   7.8289e-01   11.7    80776
  216.6  1183.3   1.31     6.9    1.96      3428   23.4   3.8086e-01   23.4    80776
  219.7  1200.4   1.31    63.0    1.96     71356    1.4   7.9285e+00    1.4    80776
  221.9  1212.5   1.31     8.0    1.96     11507    7.5   1.2786e+00    7.5    80776
  223.3  1220.1   1.31    69.6    1.96     99308    1.2   1.1034e+01    1.2    80776
  225.7  1233.0   1.31     4.3    1.96      5739   14.6   6.3772e-01   14.6    86989
  243.4  1329.9   1.28   171.4    1.42    348721    0.4   3.8747e+01    0.4    61100
  245.2  1339.5   1.28     7.3    1.42     25855    4.2   2.8728e+00    4.2    61100
  252.5  1379.5   1.25     3.7    1.02      1292   55.9   1.4356e-01   55.9    53889
  258.3  1411.6   1.39    20.0    1.66     14997    5.1   1.6664e+00    5.1    52311
  263.3  1438.8   1.40     3.4    1.66      1667   45.1   1.8527e-01   45.1    52311
  268.0  1464.5   1.28     7.1    0.84     60380    1.7   6.7089e+00    1.7    44851
  268.8  1469.0   1.28    83.8    0.84    110333    1.0   1.2259e+01    1.0    41401
  276.2  1509.0   1.27     3.6    1.18      1950   32.8   2.1668e-01   32.8    38785
  284.5  1554.4   1.36     9.7    6.91      6908    8.9   7.6756e-01    8.9    38772
  288.3  1575.1   1.36     9.1    6.91      4469   13.2   4.9653e-01   13.2    41754
  293.7  1604.8   1.37    45.4    6.91     50343    2.1   5.5937e+00    2.1    41754
  295.8  1616.4   1.37    25.4    6.91     31065    3.2   3.4517e+00    3.2    38772
  300.4  1641.4   1.37   123.1    6.91    167729    0.8   1.8637e+01    0.8    38772
  308.4  1685.4   1.37    38.6    2.68     25907    3.3   2.8786e+00    3.3    36052
  316.5  1729.6   1.34    10.3    0.82     68715    1.5   7.6350e+00    1.5    34593
  317.4  1734.8   1.34    84.7    0.82    130635    0.8   1.4515e+01    0.8    34593
  324.7  1774.4   1.34     3.6    1.25      1645   40.9   1.8275e-01   40.9    34202
  328.5  1795.1   1.34   140.6    1.25    206809    0.5   2.2979e+01    0.5    36833
  343.2  1875.6   1.32     9.0    1.15      4948   12.5   5.4977e-01   12.5    34996
  351.2  1919.2   1.40   131.9    4.85    183487    1.6   2.0387e+01    1.6    42247
  359.9  1967.0   1.38   170.6    1.14    311592    0.4   3.4621e+01    0.4    34151
  361.1  1973.4   1.38     9.7    1.14     25884    2.9   2.8760e+00    2.9    34151
  365.2  1995.9   1.39     4.0    1.14      1503   35.6   1.6699e-01   35.6    34151
  371.2  2028.9   1.39    48.1    1.14     34538    1.9   3.8375e+00    1.9    34151
  380.0  2077.1   1.35     7.2    0.94      3217   16.5   3.5745e-01   16.5    28049
  397.3  2171.7   1.34    21.0    0.63      9187    6.0   1.0208e+00    6.0    23227
  403.9  2207.3   1.42    60.5    2.51     45049    1.8   5.0055e+00    1.8    23980
  407.2  2225.4   1.42    27.1    2.51     40440    1.9   4.4933e+00    1.9    25692
  409.4  2237.7   1.43   195.6    2.51    366997    0.4   4.0777e+01    0.4    23980
  420.6  2299.0   1.39     4.5    1.42      1688   28.9   1.8752e-01   28.9    21507
  431.1  2356.1   1.68    14.1    1.08      8966    5.9   9.9621e-01    5.9    20797
  445.0  2432.6   1.41     6.2    1.06      2349   16.9   2.6103e-01   16.9    15442
  447.8  2447.4   1.41     8.8    1.06      2984   13.6   3.3156e-01   13.6    15442
  456.4  2494.8   1.46   119.2    1.23    137917    0.6   1.5324e+01    0.6    14861
  459.1  2509.7   1.46     5.0    1.23      3548   15.1   3.9417e-01   15.1    15923
  468.0  2558.1   1.44    46.2    1.17     26521    2.0   2.9468e+00    2.0    13197
  477.5  2609.8   1.43     8.3    1.28      2884   12.2   3.2047e-01   12.2    12937
  479.8  2622.6   1.44     6.4    1.28      1537   22.6   1.7074e-01   22.6    13861
  484.7  2649.3   1.44     8.7    1.28      2605   13.2   2.8945e-01   13.2    12937
  493.5  2697.7   1.74    13.0    2.06      7513   12.1   8.3476e-01   12.1    15784
  502.5  2746.6   1.35    17.6    0.97      5589    6.6   6.2097e-01    6.6    10743
  510.9  2792.7   2.93    19.4    2.75     43611    2.3   4.8457e+00    2.3    23110
  518.4  2833.8   1.47    54.2    2.75     37373    1.4   4.1526e+00    1.4    12380
  530.5  2899.7   1.48    14.8    0.88      5499    6.7   6.1100e-01    6.7    12041
  538.8  2945.4   1.53   212.4    2.11    506159    0.3   5.6240e+01    0.3    10220
  541.6  2960.4   1.54    14.1    2.11     14275    3.6   1.5861e+00    3.6    10220
  544.9  2978.4   1.54   115.3    2.11    147048    0.6   1.6339e+01    0.6    10220
  557.9  3049.7   1.56    55.6    0.55     32113    1.4   3.5682e+00    1.4     7150
  568.9  3109.7   1.60   136.7    1.17    189178    0.5   2.1020e+01    0.5     7260
  576.5  3151.5   1.82    16.1    1.66      5554    5.0   6.1707e-01    5.0     6456
  583.6  3190.3   1.82    10.0    1.66      4586    5.9   5.0961e-01    5.9     6835
  588.3  3215.7   1.83    17.3    1.66      7866    3.4   8.7402e-01    3.4     6835
  594.5  3249.8   1.83    11.1    1.66      3051    9.0   3.3902e-01    9.0     6835
  605.1  3307.6   1.60    39.1    2.73     40389    1.4   4.4877e+00    1.4     6220
  607.5  3321.1   1.61   128.7    2.73    175588    0.5   1.9510e+01    0.5     6220
  612.4  3347.8   1.61    10.7    2.73      1868   18.4   2.0761e-01   18.4     6220
  616.2  3368.6   1.61    16.8    2.73      5653    6.5   6.2811e-01    6.5     6220
  622.3  3401.9   1.61     9.3    1.60      4996   10.7   5.5513e-01   10.7     4922
  624.0  3411.1   1.61    61.2    1.60     47494    1.4   5.2771e+00    1.4     4922
  627.0  3427.7   1.61    67.4    1.60     49296    1.4   5.4773e+00    1.4     4922
  631.0  3449.4   1.62    13.5    1.60      3018   16.3   3.3532e-01   16.3     4922
  633.2  3461.3   1.62     4.2    1.60      1022   46.4   1.1354e-01   46.4     4922
  644.6  3524.1   1.89    28.7    3.31     22098    1.9   2.4554e+00    1.9     3951
  651.5  3561.5   1.89    12.9    3.31      2486   10.9   2.7627e-01   10.9     4171
  655.6  3584.3   1.89     8.9    3.31      2086   12.1   2.3181e-01   12.1     4171
  668.8  3656.2   1.59     3.6    2.00       290   57.4   3.2265e-02   57.4     3008
  673.4  3681.3   1.60     4.3    2.00       834   22.4   9.2682e-02   22.4     3008
  678.9  3711.6   1.60     6.1    2.00      1147   15.0   1.2741e-01   15.0     3008
  698.3  3817.4   1.78    17.0    1.76      4451    5.3   4.9452e-01    5.3     2811
  708.5  3873.1   1.65     5.3    2.89       600   30.6   6.6671e-02   30.6     2902
  714.4  3905.7   1.66     7.4    2.89      1216   16.2   1.3513e-01   16.2     2902
  721.3  3943.2   1.66   138.5    2.89    183973    0.5   2.0441e+01    0.5     2902
  726.2  3970.1   1.67    22.4    2.89      5402    4.6   6.0019e-01    4.6     2902
  733.7  4011.2   1.63    16.5    1.94      6226    3.5   6.9176e-01    3.5     2428
  735.7  4021.9   1.63    18.5    1.94      6961    3.1   7.7342e-01    3.1     2428
  743.5  4064.8   1.64     4.1    1.94       511   30.9   5.6749e-02   30.9     2428
  751.2  4106.6   1.66     6.0    1.31       808   16.7   8.9765e-02   16.7     2018
  755.8  4132.1   1.66     6.5    1.31      1168   12.3   1.2975e-01   12.3     1899
  763.0  4171.3   1.67     3.3    1.31       293   42.8   3.2581e-02   42.8     2018
  765.4  4184.5   1.67     3.9    1.31       497   26.3   5.5171e-02   26.3     2018
  768.6  4201.8   1.67     8.9    1.31      1804    8.3   2.0044e-01    8.3     1899
  782.0  4275.2   1.73     6.4    1.40       664   22.7   7.3774e-02   22.7     2015
  788.7  4312.0   1.74     9.3    1.40      1956    8.8   2.1734e-01    8.8     2133
  792.6  4333.0   1.74    44.7    1.40     23217    1.4   2.5796e+00    1.4     2133
  796.1  4352.4   1.74     5.1    1.40       615   24.3   6.8377e-02   24.3     2015
  798.2  4364.1   1.75    14.0    1.40      3131    5.6   3.4788e-01    5.6     2015
  808.8  4421.8   1.75     4.4    1.28      1150   14.2   1.2777e-01   14.2     1854
  811.0  4434.0   1.75    11.0    1.28      2333    7.8   2.5927e-01    7.8     1963
  821.3  4489.9   2.06     3.7    1.44       268   49.3   2.9783e-02   49.3     1863
  828.3  4528.3   2.07    18.4    1.44      8393    2.7   9.3254e-01    2.7     1863
  835.7  4569.0   2.07     8.4    1.44      1800    8.4   1.9998e-01    8.4     1863
  839.1  4587.7   2.07     6.3    1.44      1072   13.6   1.1916e-01   13.6     1863
  855.9  4679.1   1.74     3.4    1.03       276   50.9   3.0676e-02   50.9     1574
  880.0  4811.0   2.12     4.5    1.69      1033   14.9   1.1474e-01   14.9     1695
  885.4  4840.9   2.12    10.7    1.69      2565    6.5   2.8500e-01    6.5     1695
  892.1  4877.5   2.13     4.1    1.69       495   29.6   5.4974e-02   29.6     1780
  902.5  4934.5   1.78     6.1    1.35       434   28.0   4.8253e-02   28.0     1380
  911.5  4983.5   1.79     6.9    1.35       984   12.7   1.0933e-01   12.7     1380
  924.7  5055.6   1.93    18.8    1.48      4461    4.0   4.9569e-01    4.0     1501
  931.1  5090.5   1.93    10.6    1.48      2681    6.0   2.9785e-01    6.0     1501
  934.4  5108.7   1.94     7.3    1.48       658   19.9   7.3145e-02   19.9     1501
  938.8  5132.5   1.94    16.8    1.48      3507    4.8   3.8967e-01    4.8     1501
  951.9  5204.3   1.82     3.7    1.15       421   25.5   4.6788e-02   25.5     1226
  955.5  5224.2   1.83     3.8    1.15       256   38.3   2.8440e-02   38.3     1226
  964.5  5273.4   1.83     3.5    1.15       238   41.1   2.6439e-02   41.1     1226
  968.8  5296.6   1.84     5.3    1.15       527   21.9   5.8564e-02   21.9     1226
  986.5  5393.4   1.85     5.4    1.28       726   16.8   8.0708e-02   16.8     1207
  992.7  5427.4   1.86     8.2    1.28      1035   12.0   1.1498e-01   12.0     1274
 1002.6  5481.8   1.87     5.0    1.22       674   18.8   7.4901e-02   18.8     1221
 1007.8  5510.2   1.87     9.8    1.22      1198   10.9   1.3313e-01   10.9     1221
 1011.9  5532.7   1.87     6.0    1.22       615   20.1   6.8279e-02   20.1     1289
 1026.7  5613.6   1.94    20.0    0.98      4707    3.3   5.2303e-01    3.3     1124
 1034.0  5653.5   1.94     3.7    0.98       680   15.8   7.5583e-02   15.8     1124
 1036.1  5664.9   1.95     8.7    0.98      1419    8.2   1.5768e-01    8.2     1124
 1044.1  5708.4   1.95     7.0    0.98      1008   11.1   1.1198e-01   11.1     1124
 1070.5  5852.9   1.92     6.4    0.95       820   12.5   9.1056e-02   12.5     1031
 1080.8  5909.2   1.93     8.1    0.95       980   10.4   1.0890e-01   10.4     1088
 1089.4  5956.6   1.94     4.1    0.95       398   22.6   4.4177e-02   22.6     1088
 1106.3  6048.9   2.14    12.3    1.43      2591    6.3   2.8789e-01    6.3     1170
 1108.9  6062.8   2.15     6.6    1.43      1219   12.3   1.3550e-01   12.3     1170
 1120.5  6126.2   1.96     4.3    1.18       688   15.7   7.6489e-02   15.7      960
 1124.1  6145.9   1.96     3.3    1.18       342   27.9   3.8008e-02   27.9     1010
 1133.7  6198.8   1.97     3.3    1.18       302   31.8   3.3532e-02   31.8      960
 1143.7  6253.5   2.10     4.1    1.36       441   24.7   4.8993e-02   24.7     1127
 1150.7  6291.7   2.11    16.0    1.36      3068    5.0   3.4090e-01    5.0     1127
 1158.3  6333.1   2.11     3.8    1.36       432   24.9   4.7975e-02   24.9     1073
 1168.0  6386.4   2.00     4.4    1.11       326   28.1   3.6270e-02   28.1      972
 1175.5  6427.4   2.01     3.7    1.11       265   34.8   2.9494e-02   34.8      972
 1183.6  6471.5   2.01     9.7    1.11      1790    6.9   1.9893e-01    6.9      972
 1199.2  6556.8   2.03     3.5    1.20       252   40.1   2.8023e-02   40.1     1010
 1207.6  6602.7   2.03     6.1    1.20       816   13.4   9.0637e-02   13.4     1010
 1218.9  6664.4   2.04     4.5    1.01       219   52.7   2.4337e-02   52.7      951
 1230.8  6729.4   2.05     6.5    1.21       636   16.9   7.0679e-02   16.9     1001
 1240.2  6780.9   2.06     3.6    1.21       282   35.2   3.1319e-02   35.2     1001
 1253.9  6856.2   2.16    20.6    1.24      4026    4.4   4.4734e-01    4.4      930
 1274.7  6969.5   2.09     6.6    1.06       722   15.2   8.0190e-02   15.2      726
 1293.4  7072.2   2.10     4.9    0.98       290   25.5   3.2257e-02   25.5      572
 1300.2  7108.8   2.11     3.4    0.98       150   47.0   1.6643e-02   47.0      572
 1305.1  7136.0   2.11     3.3    0.98       172   41.7   1.9072e-02   41.7      572
 1312.3  7175.2   2.12     7.7    0.98       722   12.0   8.0203e-02   12.0      601
 1323.4  7236.1   2.15    16.2    0.76      2798    4.6   3.1088e-01    4.6      561
 1326.5  7252.9   2.15     8.5    0.76       491   19.3   5.4525e-02   19.3      561
 1344.3  7350.2   2.15     7.1    1.23       515   36.3   5.7267e-02   36.3      758
 1355.6  7412.2   2.15     3.5    0.90       226   50.7   2.5094e-02   50.7      555
 1362.6  7450.2   2.16     7.7    0.90       654   18.4   7.2616e-02   18.4      555
 1377.5  7532.0   2.18    12.3    1.08      1468    6.5   1.6310e-01    6.5      474
 1381.5  7553.9   2.18     7.6    1.08       678   11.9   7.5353e-02   11.9      474
 1387.4  7586.0   2.19     8.8    1.08       807   10.4   8.9656e-02   10.4      474
 1395.3  7629.3   2.19     4.5    1.08       402   18.1   4.4721e-02   18.1      452
 1408.0  7698.5   2.20     5.8    2.29       551   48.0   6.1225e-02   48.0     1101
 1422.5  7777.9   2.21     5.8    0.73       467   16.4   5.1858e-02   16.4      327
 1446.1  7906.8   2.23     7.6    0.89       510   18.1   5.6714e-02   18.1      499
 1457.6  7969.8   2.37     7.0    1.17      2185    5.2   2.4280e-01    5.2      278
 1460.7  7987.0   2.37    24.7    1.17      6095    2.6   6.7725e-01    2.6      290
 1468.8  8031.4   2.38     7.2    1.17       744   10.5   8.2698e-02   10.5      278
 1476.7  8074.2   2.38    16.5    1.17      3477    3.6   3.8633e-01    3.6      278
 1495.9  8179.6   2.27     6.0    1.23       632   12.0   7.0216e-02   12.0      276
 1501.1  8207.7   2.27     7.5    1.23       766   10.3   8.5159e-02   10.3      276
 1504.2  8224.8   2.28     5.6    1.23       184   32.8   2.0446e-02   32.8      276
 1509.8  8255.5   2.28     3.7    1.23       196   31.7   2.1811e-02   31.7      288
 1528.3  8356.6   2.30     7.8    0.88       530   13.0   5.8851e-02   13.0      190
 1553.4  8494.0   2.32     4.3    1.20       174   25.8   1.9371e-02   25.8      151
 1557.8  8518.0   2.32     5.5    1.20       401   13.1   4.4591e-02   13.1      151
 1565.2  8558.2   2.33     3.3    1.20        71   55.3   7.8591e-03   55.3      151
 1571.3  8591.7   2.33     8.2    1.20       725    8.4   8.0525e-02    8.4      158
 1579.3  8635.7   2.34     4.0    1.20       164   27.0   1.8195e-02   27.0      158
 1593.0  8710.5   2.35     3.5    1.03       325   17.5   3.6066e-02   17.5      168
 1600.9  8753.5   2.36     3.5    1.03       158   29.1   1.7588e-02   29.1      168
 1613.0  8819.8   2.37     5.5    1.29       292   18.0   3.2474e-02   18.0      146
 1622.3  8870.3   2.37     4.5    1.29       388   13.7   4.3073e-02   13.7      146
 1635.2  8941.0   2.38     3.4    1.03       147   31.6   1.6354e-02   31.6      107
 1638.3  8958.2   2.39     3.5    1.03       194   23.7   2.1504e-02   23.7      102
 1653.4  9040.6   2.40     7.5    0.93       457   12.0   5.0754e-02   12.0       83
 1672.8  9146.8   2.41     4.4    0.90       193   20.9   2.1453e-02   20.9      100
 1683.4  9204.4   2.42     5.0    0.90       241   17.3   2.6794e-02   17.3      100
 1688.2  9230.7   2.43     3.7    0.90       174   23.5   1.9332e-02   23.5      105
 1715.7  9381.4   2.45     3.5    1.12        63   46.0   7.0462e-03   46.0       65
 1720.6  9407.9   2.45     4.0    1.12       185   18.1   2.0609e-02   18.1       68
 1729.5  9456.7   2.46     3.5    1.12       100   30.2   1.1092e-02   30.2       68
 1740.2  9515.5   2.47     4.9    1.12       159   21.7   1.7663e-02   21.7       68
 1757.4  9609.5   2.48     3.4    1.07       100   35.0   1.1083e-02   35.0       62
 1764.3  9647.1   2.49     6.1    1.07       598    9.4   6.6488e-02    9.4       62
 1767.1  9662.5   2.49     5.3    1.07       434   12.3   4.8212e-02   12.3       64
 1791.9  9798.0   2.51     4.0    1.44        99   36.8   1.1044e-02   36.8       66
 1797.8  9830.3   2.52     4.7    1.44       267   16.2   2.9715e-02   16.2       68
 1802.0  9853.4   2.52     4.6    1.44       160   24.6   1.7781e-02   24.6       68
 1805.8  9873.8   2.52     3.4    1.44        79   44.6   8.7876e-03   44.6       66
 1811.7  9906.6   2.53     3.5    1.44        61   57.9   6.8312e-03   57.9       68
 1846.7 10097.4   2.56     3.6    1.24        60   45.0   6.7095e-03   45.0       39
 1919.1 10493.6   2.62     4.4    0.88       188   19.3   2.0922e-02   19.3       45
 2102.9 11499.0   2.77     3.8    0.92       104   31.2   1.1504e-02   31.2       45
 2203.7 12050.2   2.85     4.1    0.92       167   21.3   1.8503e-02   21.3       35
 2613.6 14291.4   3.14    10.9    1.18       955    6.9   1.0614e-01    6.9       12

   indicates the Iterative Peak Width fitting reached a limiting value.
