
                       be used for evaluation purposes
                                                            16-Oct-2019 15:46
                       _________________________________

                       P E A K     F I T     R E P O R T
                       _________________________________

 Spectrum file Analysed: AM_Ir06_IDM4_jobscript_080-102 
 Sample Title :                                                  

 Spectrum saved on 16-Oct-2019 at 15:46    Collected on 27-Feb-2019 at  8:23
 Sample  Taken  on 27-Feb-2019 at  4:01    Decayed      0 Days,     0 mins.

            Detector file number used:     6
            Energy     Calibration Performed on  8-Mar-2019 at 12:03
            Peak Shape Calibration Performed on  8-Mar-2019 at 12:04

 

   Datetime:  27-Feb-2019   4:01
   Live:      13800.0 
   Mass:      677
   Shelf:     25
   Detector:      6

   Reported Activity values were rounded     
   FitzPeaks Version: 3.71 23rd January 2014           
                                                                                                     
              


 Peak   Centre   FW@HM         Goodness   Peak      %      Gammas       %      2 Sigma
Energy  Channel  (KeV)  Signif  of Fit    Area   Uncert.  per sec.   Uncert. Background

   53.9   293.6   1.23    12.5    2.62     17760   48.5   1.2869e+00   48.5   782182
   61.5   335.3   1.10    10.3   58.19    159322    6.4   1.1545e+01    6.4   332251
   63.3   345.1   1.10   465.8   58.19   3669994    0.3   2.6594e+02    0.3   362456
   64.9   354.0   1.11   723.4   58.19   6331199    0.2   4.5878e+02    0.2   362456
   66.9   364.6   1.11   106.2   58.19    360068    3.0   2.6092e+01    3.0   332251
   69.1   376.8   1.11     8.1   58.19     24783   45.8   1.7959e+00   45.8   332251
   71.4   389.2   1.21    23.5   13.41     84169    3.5   6.0992e+00    3.5   155275
   73.5   400.8   1.21   393.3   13.41   2309220    0.3   1.6733e+02    0.3   155275
   75.7   412.6   1.22   216.3   13.41    823060    0.5   5.9642e+01    0.5   168215
   78.0   425.4   1.22    26.7   13.41     32107    8.9   2.3266e+00    8.9   168215
   82.5   449.9   1.07   191.8    2.23    390280    0.4   2.8281e+01    0.4    91593
   85.0   463.5   1.07    23.5    2.23     24774    5.2   1.7952e+00    5.2    91593
   87.5   477.5   1.07     7.0    2.23      6520   19.0   4.7243e-01   19.0    91593
   96.6   527.1   1.09   152.6    0.80    278428    0.5   2.0176e+01    0.5    86300
  129.5   707.1   1.13   161.1    1.87    292100    0.6   2.1167e+01    0.6   100068
  135.9   742.3   1.10     4.3    1.63      4441   37.3   3.2184e-01   37.3    92849
  138.2   754.9   1.10     7.1    1.63      5831   29.1   4.2255e-01   29.1    92849
  141.0   769.9   1.10     8.0    1.63      6228   26.9   4.5128e-01   26.9   101290
  172.3   941.1   1.15   161.1    0.91    281855    0.6   2.0424e+01    0.6   108809
  179.1   978.1   1.16    68.3    0.48     79198    1.6   5.7390e+00    1.6   100171
  186.8  1020.5   1.17   112.6    0.83    190730    0.8   1.3821e+01    0.8    77927
  187.8  1025.9   1.17     8.4    0.83     30597    4.6   2.2172e+00    4.6    85011
  197.0  1076.2   1.08    17.1    1.11     13224    6.7   9.5824e-01    6.7    65726
  198.2  1082.7   1.08     5.4    1.11      5075   16.4   3.6772e-01   16.4    65726
  205.9  1125.1   1.39    16.9    3.16     13258    7.1   9.6074e-01    7.1    72775
  208.8  1140.9   1.40    10.6    3.16     13299    7.6   9.6370e-01    7.6    72775
  219.8  1200.7   1.19    60.4    1.21     57830    1.4   4.1906e+00    1.4    48047
  221.9  1212.1   1.20     9.0    1.21      8952    7.6   6.4872e-01    7.6    48047
  223.9  1223.1   1.20    26.4    1.21     20391    3.7   1.4776e+00    3.7    48047
  228.4  1247.9   1.20     3.5    1.21      1494   45.6   1.0824e-01   45.6    48047
  235.9  1288.7   1.19     3.7    1.34      1989   27.4   1.4414e-01   27.4    41332
  238.6  1303.7   1.19     5.4    1.34      3173   16.3   2.2993e-01   16.3    41332
  245.1  1339.1   1.19     3.4    1.34      1364   38.5   9.8859e-02   38.5    41332
  268.1  1465.0   1.22     7.1    0.75     51470    1.7   3.7297e+00    1.7    30959
  268.9  1469.5   1.22    79.1    0.75     95728    1.0   6.9368e+00    1.0    33539
  277.6  1517.0   1.22     3.9    0.74      1844   22.8   1.3363e-01   22.8    28607
  283.1  1547.0   1.23     4.4    0.74      2009   20.7   1.4558e-01   20.7    28607
  288.4  1575.9   1.23     5.9    0.74      2775   15.5   2.0109e-01   15.5    28607
  293.7  1604.9   1.33   152.3    5.25    250224    0.7   1.8132e+01    0.7    29498
  296.0  1617.5   1.34    73.2    5.25     84472    1.2   6.1211e+00    1.2    27391
  300.8  1644.0   1.34    48.1    5.25     33820    2.0   2.4508e+00    2.0    29498
  308.5  1686.1   1.28    82.4    0.97     78367    1.0   5.6787e+00    1.0    25282
  316.6  1730.2   1.29   144.3    1.64    211234    0.6   1.5307e+01    0.6    25059
  328.6  1795.6   1.29   362.0    3.43   1125715    0.2   8.1574e+01    0.2    23451
  338.4  1849.3   1.28     3.6    1.32       931   49.1   6.7465e-02   49.1    21221
  351.3  1919.8   1.32   129.7    1.68    158844    0.6   1.1510e+01    0.6    19770
  356.1  1945.9   1.33     3.6    1.68       993   43.4   7.1923e-02   43.4    21291
  360.0  1967.5   1.33   160.2    1.68    270097    0.4   1.9572e+01    0.4    19770
  361.2  1974.2   1.33    15.2    1.68     26084    2.6   1.8901e+00    2.6    21291
  365.1  1995.4   1.34    10.1    1.68      4480   10.5   3.2465e-01   10.5    19770
  371.3  2029.4   1.33    64.8    0.96     46324    1.2   3.3568e+00    1.2    15069
  374.5  2046.9   1.33     5.4    0.96      1497   24.4   1.0848e-01   24.4    16228
  380.1  2077.4   1.34    10.8    0.96      4252    9.0   3.0812e-01    9.0    15069
  397.4  2172.2   1.38    27.8    1.17     12827    3.6   9.2951e-01    3.6    13627
  407.2  2225.8   1.37    48.7    2.10     51951    1.4   3.7646e+00    1.4    12891
  409.5  2238.2   1.37   184.3    2.10    315811    0.4   2.2885e+01    0.4    12891
  416.4  2275.9   1.47     5.7    1.91      1525   19.2   1.1051e-01   19.2    10784
  420.7  2299.7   1.48     8.3    1.91      2256   13.2   1.6347e-01   13.2    11555
  424.5  2320.2   1.48     5.2    1.91      1975   15.0   1.4309e-01   15.0    11555
  431.8  2359.9   1.49    12.3    1.91      4472    7.2   3.2404e-01    7.2    11555
  445.1  2433.0   1.41     8.0    1.10      2239   13.8   1.6224e-01   13.8     8375
  447.8  2447.9   1.41    14.7    1.10      4567    7.0   3.3091e-01    7.0     8375
  456.5  2495.2   1.40   109.2    2.41    117862    0.7   8.5407e+00    0.7     8881
  468.1  2558.5   1.42    88.4    0.84     82759    0.8   5.9970e+00    0.8     7104
  474.1  2591.3   1.39     3.5    1.41       744   30.2   5.3947e-02   30.2     6058
  477.6  2610.5   1.39    13.8    1.41      4582    5.4   3.3203e-01    5.4     5626
  479.9  2623.0   1.40     5.5    1.41      1626   13.7   1.1780e-01   13.7     6058
  482.9  2639.4   1.40     8.6    1.41      3324    7.0   2.4089e-01    7.0     6058
  484.6  2649.1   1.40    15.0    1.41      5541    4.4   4.0155e-01    4.4     6058
  490.5  2681.2   1.41     4.0    1.41       882   23.3   6.3941e-02   23.3     6058
  494.7  2703.9   1.41     9.8    1.41      1855   12.1   1.3444e-01   12.1     6058
  502.6  2747.1   1.42     8.9    0.80      2047   11.4   1.4835e-01   11.4     4841
  510.9  2793.0   2.85    17.2    2.81     34794    2.0   2.5213e+00    2.0     9099
  518.5  2834.1   1.43    67.1    2.81     50477    0.9   3.6578e+00    0.9     4550
  530.0  2897.2   1.44     3.9    1.02      1055   20.6   7.6471e-02   20.6     4177
  538.9  2945.7   1.47   193.5    2.64    435276    0.4   3.1542e+01    0.4     4096
  541.7  2960.9   1.48    22.7    2.64     11444    3.2   8.2928e-01    3.2     3823
  557.9  3050.0   1.51    66.8    1.17     42875    1.1   3.1069e+00    1.1     3031
  569.3  3111.9   1.50    68.7    0.85     41149    1.0   2.9818e+00    1.0     2881
  576.4  3151.1   1.42    17.9    1.21      3397    6.4   2.4614e-01    6.4     2621
  583.3  3188.9   1.79    15.5    2.19      4217    5.3   3.0558e-01    5.3     3182
  588.7  3218.1   1.79    26.2    2.19     16486    2.2   1.1946e+00    2.2     3182
  594.2  3248.4   1.80    14.8    2.19      3745    6.1   2.7135e-01    6.1     3005
  605.1  3307.6   1.68    70.9    2.05     66220    1.1   4.7985e+00    1.1     2004
  609.2  3330.2   1.68    14.2    2.05      3856   10.6   2.7945e-01   10.6     2004
  612.4  3347.8   1.68    27.3    2.05      8733    5.0   6.3286e-01    5.0     2004
  615.2  3363.3   1.69     3.5    2.05      1117   34.4   8.0913e-02   34.4     2004
  622.0  3400.1   1.58    24.0    1.62     16622    2.3   1.2045e+00    2.3     2110
  624.1  3411.5   1.58    59.2    1.62     40173    1.2   2.9111e+00    1.2     1978
  628.4  3435.1   1.58     6.0    1.62      1315   24.2   9.5279e-02   24.2     2110
  631.0  3449.7   1.59    17.9    1.62      4257    7.9   3.0851e-01    7.9     2110
  645.1  3526.8   1.57    77.0    1.53     52171    0.9   3.7805e+00    0.9     2096
  656.0  3586.0   1.55     9.0    0.79      1439   11.0   1.0428e-01   11.0     2089
  658.9  3602.3   1.55     3.7    0.79       356   40.6   2.5814e-02   40.6     1958
  661.5  3616.4   1.56     3.6    0.79       319   45.6   2.3143e-02   45.6     1958
  700.5  3829.8   1.59     5.7    1.17       915   18.3   6.6324e-02   18.3     2121
  726.3  3970.7   1.69    20.3    1.31      4616    4.8   3.3447e-01    4.8     2171
  755.9  4132.4   1.59     3.5    1.03       186   58.1   1.3497e-02   58.1     1511
  762.9  4170.6   1.59     3.4    1.03       257   41.2   1.8602e-02   41.2     1612
  768.5  4201.5   1.60    16.5    1.03      2617    5.7   1.8965e-01    5.7     1511
  784.8  4290.7   1.66     3.7    0.78       376   35.1   2.7251e-02   35.1     1557
  794.8  4345.5   1.76     3.4    1.08       189   58.2   1.3694e-02   58.2     1515
  803.6  4393.4   1.77     3.4    1.08       213   48.0   1.5437e-02   48.0     1515
  810.7  4432.3   1.78    13.4    1.08      2388    5.7   1.7307e-01    5.7     1515
  822.1  4494.3   1.85     3.8    0.96       404   30.1   2.9286e-02   30.1     1441
  828.9  4531.9   1.85    17.0    0.96      4125    4.1   2.9891e-01    4.1     1441
  839.1  4587.6   1.71    10.0    1.11      1177   12.3   8.5273e-02   12.3     1379
  884.6  4836.1   1.64     3.4    0.88       319   33.9   2.3146e-02   33.9     1260
  890.0  4865.7   1.64    12.5    0.88      1708    8.1   1.2374e-01    8.1     1260
  911.2  4981.8   1.74    10.3    1.73      1284   12.0   9.3054e-02   12.0     1361
  925.4  5059.4   1.82     3.9    0.98       538   24.4   3.8988e-02   24.4     1318
  931.3  5091.6   1.82    22.1    0.98      5435    3.2   3.9384e-01    3.2     1395
  934.8  5110.8   1.82     6.8    0.98       518   24.1   3.7525e-02   24.1     1395
  938.7  5132.3   1.83    44.6    0.98     18961    1.5   1.3740e+00    1.5     1395
  964.8  5274.9   1.82     4.6    1.15       258   46.6   1.8690e-02   46.6     1218
  969.0  5298.0   1.82     6.9    1.15       779   16.0   5.6475e-02   16.0     1218
 1000.2  5468.4   1.75    12.9    0.91      1462    8.8   1.0593e-01    8.8      911
 1036.1  5664.5   1.85    13.4    0.94      1842    7.4   1.3346e-01    7.4      914
 1048.7  5733.6   1.89     7.4    0.87       727   15.3   5.2678e-02   15.3      841
 1104.1  6036.5   1.94     7.6    0.78       753   14.7   5.4573e-02   14.7      767
 1120.5  6126.2   1.95     9.0    1.29      1099   11.2   7.9658e-02   11.2      785
 1133.9  6199.7   1.97     4.8    0.77       345   28.8   2.5009e-02   28.8      719
 1150.8  6292.0   1.98    42.1    1.14     15360    1.6   1.1130e+00    1.6      897
 1175.4  6426.5   2.00    12.6    1.14      1584    7.4   1.1478e-01    7.4      768
 1183.6  6471.2   2.01    28.9    1.14      7490    2.5   5.4273e-01    2.5      808
 1200.4  6563.3   2.02     3.6    1.09       280   35.9   2.0259e-02   35.9      703
 1218.9  6664.2   2.04     9.4    1.29      1326    9.7   9.6102e-02    9.7      811
 1238.3  6770.4   2.06     5.6    0.81       413   25.1   2.9934e-02   25.1      719
 1267.0  6927.6   2.08     3.4    1.04       171   45.2   1.2422e-02   45.2      531
 1274.6  6968.8   2.09     7.4    1.04       935    9.9   6.7740e-02    9.9      506
 1293.8  7073.9   1.98    10.1    0.79      1031    9.3   7.4706e-02    9.3      470
 1316.4  7197.5   2.12     4.5    0.96       360   20.5   2.6099e-02   20.5      428
 1324.4  7241.3   2.13     5.2    0.96       316   22.5   2.2898e-02   22.5      428
 1342.1  7338.2   2.15     9.7    1.21       947    9.7   6.8610e-02    9.7      359
 1362.6  7450.3   2.16     3.3    0.93       119   47.9   8.6496e-03   47.9      303
 1369.8  7489.7   2.17     3.4    0.93       158   34.0   1.1461e-02   34.0      303
 1377.7  7532.7   2.18     6.5    0.93       581   11.5   4.2090e-02   11.5      303
 1397.2  7639.6   2.19     3.3    1.06        95   56.7   6.8558e-03   56.7      248
 1401.3  7661.7   2.20     3.4    1.06        95   55.1   6.8974e-03   55.1      248
 1408.4  7700.8   2.20     7.8    1.06       922    8.3   6.6815e-02    8.3      259
 1460.8  7987.2   2.29    32.4    1.40      9177    2.1   6.6497e-01    2.1      219
 1468.9  8031.4   2.30    22.2    1.40      4131    3.2   2.9937e-01    3.2      229
 1479.3  8088.5   2.27     3.4    1.29       143   33.3   1.0336e-02   33.3      167
 1487.0  8130.8   2.27     5.1    1.29       338   16.0   2.4521e-02   16.0      159
 1508.9  8250.0   2.29     5.2    0.90       119   45.4   8.6286e-03   45.4      160
 1512.0  8267.4   2.29     9.4    0.90       822    8.7   5.9568e-02    8.7      167
 1553.7  8495.3   2.33     3.8    0.74       106   37.0   7.6958e-03   37.0      138
 1565.1  8557.8   2.34     6.9    0.74       425   12.4   3.0771e-02   12.4      138
 1588.2  8684.2   2.36     4.6    1.15       108   48.8   7.8017e-03   48.8      162
 1592.4  8706.8   2.36     3.7    1.15       144   37.0   1.0469e-02   37.0      162
 1622.1  8869.5   2.40    11.6    0.77      1204    6.3   8.7219e-02    6.3      129
 1660.8  9080.9   2.42     3.6    0.90        87   39.0   6.3323e-03   39.0      106
 1670.5  9133.9   2.43     3.6    0.90        78   50.1   5.6230e-03   50.1      106
 1729.5  9456.9   2.48     3.4    1.02       137   33.8   9.9024e-03   33.8      103
 1764.4  9647.4   2.45    10.2    1.00       874    7.6   6.3329e-02    7.6       84
 1780.8  9737.0   2.53     3.4    0.90        73   38.6   5.3039e-03   38.6       69
 1786.2  9767.0   2.53     3.7    0.90        63   46.5   4.5870e-03   46.5       69
 1797.3  9827.6   2.54     5.7    0.90       252   14.9   1.8264e-02   14.9       72
 1805.6  9872.9   2.55     7.1    0.90       545    9.4   3.9466e-02    9.4       69
 1847.5 10102.0   2.59     3.5    0.73       119   32.3   8.6452e-03   32.3       69
 2043.4 11173.0   2.76     3.4    1.03       146   23.9   1.0590e-02   23.9       43
 2103.2 11500.4   2.81     3.9    1.18       180   20.5   1.3051e-02   20.5       67
 2117.8 11580.0   2.82     3.3    1.18        52   56.1   3.7806e-03   56.1       70
 2203.6 12049.4   2.89     4.2    0.94       267   15.4   1.9366e-02   15.4       49
 2375.7 12990.6   3.04     4.3    0.85       116   32.8   8.3844e-03   32.8       64
 2447.6 13383.8   3.11     3.4    0.99        81   38.0   5.8468e-03   38.0       34
 2614.0 14293.7   3.32    13.4    0.82      1451    5.0   1.0512e-01    5.0        5

   indicates the Iterative Peak Width fitting reached a limiting value.
