
                       be used for evaluation purposes
                                                            16-Oct-2019 14:21
                       _________________________________

                       P E A K     F I T     R E P O R T
                       _________________________________

 Spectrum file Analysed: AM_Ir02_IDM3_jobscript_020-039 
 Sample Title :                                                  

 Spectrum saved on 16-Oct-2019 at 14:21    Collected on 26-Feb-2019 at 19:35
 Sample  Taken  on 26-Feb-2019 at 15:28    Decayed      0 Days,     0 mins.

            Detector file number used:     5
            Energy     Calibration Performed on  8-Mar-2019 at 12:01
            Peak Shape Calibration Performed on  8-Mar-2019 at 12:02

 

   Datetime:  26-Feb-2019  15:28
   Live:      12000.0 
   Mass:      277
   Shelf:     40
   Detector:      5

   Reported Activity values were rounded     
   FitzPeaks Version: 3.71 23rd January 2014           
                                                                                                     
              


 Peak   Centre   FW@HM         Goodness   Peak      %      Gammas       %      2 Sigma
Energy  Channel  (KeV)  Signif  of Fit    Area   Uncert.  per sec.   Uncert. Background

   54.1   295.3   1.73    25.7   17.78    102218   25.5   8.5182e+00   25.5  2424886
   61.2   334.3   1.47    16.9   72.78    620603   15.1   5.1717e+01   15.1  1664041
   63.0   344.0   1.47   438.4   72.78  10678313    0.9   8.8986e+02    0.9  1553105
   64.6   352.9   1.47  1056.3   72.78  17547086    0.6   1.4623e+03    0.6  1553105
   61.2   334.3   1.47    16.9   73.05    630041   20.6   5.2503e+01   20.6  1630903
   63.0   344.0   1.48   438.4   73.05  10702332    1.2   8.9186e+02    1.2  1522176
   64.6   352.9   1.48  1056.3   73.05  17579088    0.7   1.4649e+03    0.7  1522176
   71.1   388.6   1.56    13.9    6.48    301097    2.4   2.5091e+01    2.4   602138
   73.2   399.7   1.56   730.6    6.48   6876093    0.1   5.7301e+02    0.1   602138
   75.3   411.4   1.57   237.6    6.48   2106029    0.3   1.7550e+02    0.3   602138
   82.0   448.2   1.47   290.9    1.53    920440    0.3   7.6703e+01    0.3   306137
   84.5   462.0   1.48    39.5    1.53     89722    2.8   7.4768e+00    2.8   285728
   87.2   476.3   1.48    17.1    1.53     24910   10.2   2.0759e+00   10.2   306137
   93.9   513.4   1.46   337.9    1.69   1197448    0.3   9.9787e+01    0.3   274767
   96.2   525.9   1.46   148.8    1.69    422695    0.7   3.5225e+01    0.7   256450
  113.4   619.9   1.48   228.6    0.49    592907    0.4   4.9409e+01    0.4   249207
  129.1   705.9   1.54   186.1    1.96    448886    1.2   3.7407e+01    1.2   301855
  140.8   769.4   1.49   282.4    2.04    800031    0.4   6.6669e+01    0.4   240651
  146.8   802.5   1.49     9.9    2.04     12855   18.3   1.0713e+00   18.3   240651
  159.5   872.1   1.50     3.5    1.08      3064   54.0   2.5530e-01   54.0   235037
  172.1   940.6   1.51   194.8    1.65    442113    0.6   3.6843e+01    0.6   224605
  176.3   963.6   1.51    93.8    1.65    160726    1.4   1.3394e+01    1.4   224605
  178.8   977.7   1.51    71.7    1.65    119956    1.8   9.9963e+00    1.8   224605
  181.1   990.0   1.51    10.5    1.65     24832    8.5   2.0693e+00    8.5   239579
  186.5  1019.8   1.52   215.1    1.65    544998    0.5   4.5416e+01    0.5   224605
  187.5  1025.1   1.52     9.9    1.65     58695    4.0   4.8912e+00    4.0   224605
  190.7  1042.5   1.52    22.9    1.65     26098    8.0   2.1748e+00    8.0   224605
  197.1  1077.5   1.83    10.8    1.08     19875    9.2   1.6562e+00    9.2   232653
  203.7  1113.5   1.58    49.4    2.71     71937    2.8   5.9947e+00    2.8   163335
  206.0  1126.1   1.58     7.6    2.71      8848   22.0   7.3732e-01   22.0   174224
  208.7  1141.1   1.58    11.1    2.71     19071   10.8   1.5892e+00   10.8   174224
  212.6  1162.5   1.59    17.2    2.71     19845   10.2   1.6538e+00   10.2   163335
  216.3  1182.8   1.59     7.0    2.71      4567   43.7   3.8058e-01   43.7   174224
  219.7  1201.1   1.59    65.4    2.71     91724    2.3   7.6437e+00    2.3   174224
  223.2  1220.4   1.59   119.2    2.71    225904    1.0   1.8825e+01    1.0   163335
  243.4  1330.9   1.56   302.5    0.92    848800    0.3   7.0733e+01    0.3   136176
  245.2  1340.5   1.56    11.7    0.92     38912    4.2   3.2427e+00    4.2   127665
  252.3  1379.2   1.81     3.9    3.27      5030   24.1   4.1915e-01   24.1   122547
  258.4  1412.9   1.82    33.1    3.27     40574    3.2   3.3812e+00    3.2   122547
  263.2  1439.1   1.82     8.6    3.27      5960   20.4   4.9669e-01   20.4   122547
  268.6  1468.7   1.82   108.6    3.27    237066    0.8   1.9755e+01    0.8   122547
  276.4  1511.1   1.58     3.8    1.36      2990   35.2   2.4913e-01   35.2    96341
  284.5  1555.4   1.59    20.6    3.51     18320    5.3   1.5267e+00    5.3    86951
  288.3  1576.3   1.60    13.3    3.51      9026   10.4   7.5214e-01   10.4    86951
  293.8  1606.4   1.60    31.6    3.51     49052    2.6   4.0877e+00    2.6    86951
  295.9  1617.7   1.60    20.5    3.51     37161    3.5   3.0967e+00    3.5    86951
  300.4  1642.6   1.60   196.8    3.51    393389    0.4   3.2782e+01    0.4    86951
  308.4  1686.2   1.83    32.3    3.32     33061    4.2   2.7551e+00    4.2    89398
  317.3  1735.1   1.79   159.4   13.95    396471    0.7   3.3039e+01    0.7    84769
  324.6  1774.7   1.61     3.8    0.93      3131   33.3   2.6088e-01   33.3    75523
  328.5  1796.2   1.61   127.7    0.93    192723    0.7   1.6060e+01    0.7    75523
  343.2  1876.8   1.59    14.1    1.44     11365   14.7   9.4712e-01   14.7    78760
  351.2  1920.2   1.63   143.8    0.97    249519    0.6   2.0793e+01    0.6    76939
  352.6  1928.1   1.63     7.8    0.97     12096    8.7   1.0080e+00    8.7    76939
  356.2  1947.5   1.63     4.3    0.97      3903   25.3   3.2528e-01   25.3    81747
  359.9  1967.9   1.63   184.5    0.97    415884    0.4   3.4657e+01    0.4    76939
  361.1  1974.3   1.63    11.6    0.97     57585    2.3   4.7988e+00    2.3    76939
  371.2  2029.7   1.64    49.2    0.76     45300    2.2   3.7750e+00    2.2    66381
  380.0  2077.6   1.64     6.4    0.99      4604   18.6   3.8370e-01   18.6    65725
  397.3  2172.4   1.66    17.9    1.26     12682    6.2   1.0568e+00    6.2    56595
  403.9  2208.3   1.67    89.6    1.26    109888    0.9   9.1574e+00    0.9    56595
  407.2  2226.3   1.67     4.0    1.26     52745    1.8   4.3954e+00    1.8    56595
  409.4  2238.7   1.67   207.7    1.26    489321    0.3   4.0777e+01    0.3    56595
  420.8  2300.8   1.75     5.8    1.65      3738   17.8   3.1151e-01   17.8    45078
  425.0  2323.8   1.75     3.6    1.65      2364   26.1   1.9701e-01   26.1    45078
  431.0  2356.7   1.75    20.5    1.65     16956    3.8   1.4130e+00    3.8    45078
  438.1  2395.6   1.76     3.5    1.65      1874   32.1   1.5614e-01   32.1    45078
  444.9  2432.9   1.68     5.0    0.98      3683   17.6   3.0688e-01   17.6    34829
  447.8  2448.5   1.68     9.3    0.98      4145   15.6   3.4543e-01   15.6    37005
  456.5  2496.1   1.69   122.9    1.01    182235    0.6   1.5186e+01    0.6    33131
  459.4  2512.1   1.70     7.5    1.01      7317   11.2   6.0979e-01   11.2    33131
  468.1  2559.5   1.66    40.9    1.44     29928    2.4   2.4940e+00    2.4    31488
  477.5  2611.0   1.70     7.8    1.49      4167   14.0   3.4728e-01   14.0    28805
  479.9  2624.2   1.70     4.5    1.49      1968   29.0   1.6403e-01   29.0    30605
  484.8  2650.9   1.70     7.8    1.49      3652   15.5   3.0434e-01   15.5    30605
  493.5  2698.8   2.05    20.4    1.69     19237    4.4   1.6031e+00    4.4    34680
  502.6  2748.2   1.65    37.2    0.87     24316    2.8   2.0263e+00    2.8    27297
  511.0  2794.3   2.82    27.4    1.14     77485    1.5   6.4571e+00    1.5    48081
  518.5  2835.4   1.71    54.9    0.91     48871    1.6   4.0726e+00    1.6    30026
  530.6  2901.3   1.71    21.0    1.04     12444   10.4   1.0370e+00   10.4    29019
  538.9  2947.1   1.75   233.4    1.59    676201    0.3   5.6350e+01    0.3    20554
  541.6  2961.8   1.75    20.8    1.59     20776    3.4   1.7313e+00    3.4    19412
  545.0  2980.0   1.76   169.5    1.59    351287    0.4   2.9274e+01    0.4    20554
  550.4  3009.8   1.76     3.7    1.59      1531   37.4   1.2762e-01   37.4    20554
  558.0  3051.3   1.76    50.4    1.59     42342    1.7   3.5285e+00    1.7    19412
  568.9  3111.1   1.79   178.1    0.79    418675    0.3   3.4890e+01    0.3    17878
  576.6  3153.1   2.04    14.4    1.85      9247    4.6   7.7061e-01    4.6    16821
  584.0  3193.4   2.04     7.3    1.85      6393    6.8   5.3272e-01    6.8    16821
  588.3  3216.8   2.04    17.7    1.85      9187    4.8   7.6555e-01    4.8    16821
  594.6  3251.6   2.05    11.7    1.85      5857    6.8   4.8810e-01    6.8    16821
  605.1  3309.1   1.80    15.4    2.09     51379    1.4   4.2816e+00    1.4    14550
  607.6  3322.5   1.80   170.6    2.09    415521    0.3   3.4627e+01    0.3    13742
  612.5  3349.3   1.81     7.2    2.09      1301   39.3   1.0839e-01   39.3    14550
  616.3  3370.2   1.81    35.7    2.09     23091    2.6   1.9242e+00    2.6    14550
  622.7  3405.0   1.79     8.3    0.98      9438    9.1   7.8653e-01    9.1    11119
  624.1  3412.5   1.79    55.0    0.98     63073    1.5   5.2561e+00    1.5    10501
  627.1  3429.2   1.80    90.4    0.98    117079    0.9   9.7566e+00    0.9    11119
  631.2  3451.5   1.80     9.8    0.98      4313   18.8   3.5940e-01   18.8    10501
  633.4  3463.6   1.80     3.6    0.98      1746   45.4   1.4549e-01   45.4    10501
  641.0  3505.3   2.06     3.5    3.63      2043   17.1   1.7027e-01   17.1     8454
  644.5  3524.6   2.07    41.1    3.63     40885    1.4   3.4071e+00    1.4     8454
  651.5  3562.8   2.07    15.4    3.63      5988    7.0   4.9901e-01    7.0     8454
  655.7  3585.4   2.07    11.4    3.63      4186    9.2   3.4884e-01    9.2     8877
  673.5  3682.8   1.82     4.4    2.35      1735   17.7   1.4459e-01   17.7     7060
  679.1  3713.8   1.82     7.1    2.35      2220   13.4   1.8497e-01   13.4     7060
  689.9  3772.8   1.93     3.5    1.29       834   30.7   6.9478e-02   30.7     6570
  698.4  3819.3   1.94    20.5    1.29     10347    3.2   8.6225e-01    3.2     6570
  708.6  3875.1   1.85     4.2    1.47      1579   17.8   1.3161e-01   17.8     6145
  714.4  3906.7   1.85     8.6    1.47      3401    8.5   2.8343e-01    8.5     6145
  717.2  3921.7   1.86     7.3    1.47      1410   19.5   1.1752e-01   19.5     6145
  721.4  3945.0   1.86   170.2    1.47    436837    0.3   3.6403e+01    0.3     6145
  726.3  3971.9   1.86    22.0    1.47     10657    3.0   8.8809e-01    3.0     6145
  729.5  3989.2   1.86     5.1    1.47      1559   18.4   1.2993e-01   18.4     6145
  733.8  4012.8   1.87    18.3    1.47     15354    2.3   1.2795e+00    2.3     6145
  735.8  4023.9   1.87    20.0    1.47     17400    2.2   1.4500e+00    2.2     6145
  743.5  4065.9   1.86     5.2    1.62      1628   14.0   1.3565e-01   14.0     4435
  746.1  4079.8   1.86     5.3    1.62       725   29.9   6.0445e-02   29.9     4435
  751.3  4108.4   1.87     7.8    1.62      2164   10.9   1.8033e-01   10.9     4681
  756.0  4134.2   1.87     9.5    1.62      3143    7.5   2.6190e-01    7.5     4435
  765.2  4184.5   1.87     3.9    1.72      1044   25.1   8.7004e-02   25.1     4376
  768.7  4203.8   1.88     8.7    1.72      2354   11.7   1.9616e-01   11.7     4145
  772.1  4222.4   1.88     3.3    1.72       450   58.7   3.7527e-02   58.7     4376
  765.2  4184.3   1.87     3.9    1.84       927   26.6   7.7221e-02   26.6     4387
  768.7  4203.7   1.88     8.7    1.84      2089   12.5   1.7412e-01   12.5     4631
  782.2  4277.7   1.91     5.8    1.23      1832   14.6   1.5267e-01   14.6     4365
  785.8  4296.9   1.91     7.4    1.23       925   27.1   7.7061e-02   27.1     4135
  788.9  4313.9   1.91    11.6    1.23      4658    5.9   3.8820e-01    5.9     4135
  792.7  4334.9   1.91    57.8    1.23     55393    0.9   4.6161e+00    0.9     4135
  796.2  4354.2   1.91     7.7    1.23      1425   18.2   1.1874e-01   18.2     4365
  798.4  4366.2   1.92    17.4    1.23      7599    4.0   6.3327e-01    4.0     4365
  809.0  4423.9   1.92     6.6    1.58      2811    9.6   2.3424e-01    9.6     4096
  811.2  4436.0   1.92    11.2    1.58      4881    5.7   4.0679e-01    5.7     3881
  821.0  4489.8   1.91     3.5    1.58       666   35.0   5.5509e-02   35.0     3709
  828.2  4528.8   2.02    23.1    1.10     15119    1.9   1.2599e+00    1.9     3501
  829.7  4537.0   2.02     5.1    1.10      2014   11.1   1.6785e-01   11.1     3501
  836.0  4571.6   2.02     9.9    1.10      3902    5.1   3.2515e-01    5.1     3501
  839.2  4589.3   2.03     5.4    1.10      1416   12.3   1.1798e-01   12.3     3501
  844.7  4619.2   2.03     3.3    1.10       588   28.4   4.8972e-02   28.4     3501
  850.1  4648.5   2.03     4.7    1.10       560   31.2   4.6685e-02   31.2     3326
  855.8  4680.1   2.04     4.3    1.10       816   21.4   6.8023e-02   21.4     3501
  880.1  4812.8   2.28    11.4    1.66      2444    9.0   2.0363e-01    9.0     3533
  885.5  4842.4   2.28    19.8    1.66      5869    4.4   4.8908e-01    4.4     3693
  892.2  4878.8   2.29     3.7    1.66      1227   16.9   1.0229e-01   16.9     3533
  902.6  4935.7   1.96     7.9    1.35      1179   14.3   9.8219e-02   14.3     2839
  911.8  4986.0   1.96     7.2    1.35      1721   10.5   1.4339e-01   10.5     2988
  924.8  5057.0   2.03    32.2    2.43     10037    2.7   8.3642e-01    2.7     2961
  930.8  5090.1   2.04     7.9    2.43      2896    8.1   2.4136e-01    8.1     2961
  934.4  5109.7   2.04     5.4    2.43      1353   15.7   1.1272e-01   15.7     2961
  938.8  5133.7   2.04    16.1    2.43      3255    7.3   2.7121e-01    7.3     2961
  951.9  5205.5   1.99     4.1    0.96       861   17.5   7.1771e-02   17.5     2502
  955.6  5225.5   1.99     5.3    0.96       610   24.1   5.0869e-02   24.1     2502
  964.8  5276.2   2.00     3.6    0.96       431   33.6   3.5904e-02   33.6     2633
  968.5  5296.1   2.00     4.2    0.96       687   23.7   5.7272e-02   23.7     2633
  986.5  5394.8   2.04     8.6    1.33      1975    8.4   1.6455e-01    8.4     2526
  992.7  5428.7   2.04    13.7    1.33      2567    6.5   2.1396e-01    6.5     2526
 1002.7  5483.5   2.05    10.8    1.33      1845    8.6   1.5377e-01    8.6     2526
 1007.8  5511.0   2.05    14.2    1.33      2980    5.8   2.4834e-01    5.8     2526
 1012.0  5534.3   2.05     9.1    1.33      1384   11.1   1.1536e-01   11.1     2526
 1026.7  5614.7   2.06    31.5    0.85     10993    2.1   9.1612e-01    2.1     2369
 1033.9  5654.1   2.06     7.3    0.85      1339   11.4   1.1157e-01   11.4     2369
 1036.0  5665.4   2.06     8.0    0.85      1829    9.1   1.5240e-01    9.1     2487
 1044.0  5709.4   2.07    10.1    0.85      2131    7.7   1.7755e-01    7.7     2369
 1070.5  5853.9   2.06    11.5    1.24      2018    7.9   1.6815e-01    7.9     2216
 1080.7  5909.8   2.07    14.3    1.24      2473    6.1   2.0606e-01    6.1     2216
 1089.3  5957.1   2.07     9.2    1.24      1121   13.8   9.3414e-02   13.8     2216
 1106.3  6050.0   2.22    18.9    1.32      6115    3.9   5.0957e-01    3.9     2363
 1108.7  6063.0   2.22     5.2    1.32      2895    7.7   2.4127e-01    7.7     2363
 1120.2  6126.1   2.09     6.7    1.03       910   16.1   7.5872e-02   16.1     2048
 1124.1  6147.0   2.09     4.4    1.03       699   19.5   5.8210e-02   19.5     2048
 1133.5  6198.7   2.10     3.6    1.03       504   27.8   4.2008e-02   27.8     2150
 1143.8  6255.0   2.30     5.8    1.20      1130   14.2   9.4154e-02   14.2     2267
 1150.6  6292.2   2.31    13.9    1.20      2839    6.2   2.3661e-01    6.2     2267
 1158.2  6333.9   2.31     3.4    1.20      1086   14.6   9.0515e-02   14.6     2267
 1167.8  6386.3   2.13     7.4    1.14      1032   13.7   8.6009e-02   13.7     1979
 1175.8  6430.2   2.14     3.5    1.14       359   36.3   2.9890e-02   36.3     1979
 1183.6  6472.8   2.14    13.4    1.14      2367    7.0   1.9728e-01    7.0     1979
 1194.8  6533.9   2.42     4.1    1.50       393   40.1   3.2787e-02   40.1     2171
 1198.9  6556.6   2.42     3.3    1.50       817   19.5   6.8080e-02   19.5     2080
 1207.4  6602.8   2.42    10.3    1.50      1812   10.0   1.5102e-01   10.0     2171
 1226.9  6709.6   2.16     3.5    1.04       421   31.3   3.5090e-02   31.3     1825
 1230.6  6729.9   2.16     9.8    1.04      1930    7.7   1.6082e-01    7.7     1825
 1240.1  6781.9   2.16     4.7    1.04       633   21.2   5.2721e-02   21.2     1825
 1253.9  6856.9   2.23    31.3    1.28      9562    2.6   7.9681e-01    2.6     1860
 1274.5  6969.7   2.15    10.1    0.82      1372   11.1   1.1433e-01   11.1     1393
 1293.1  7071.7   2.15     3.8    1.10       312   35.0   2.6019e-02   35.0     1157
 1299.9  7108.5   2.16     3.9    1.10       459   23.8   3.8208e-02   23.8     1157
 1305.0  7136.8   2.16     5.1    1.10       599   18.1   4.9953e-02   18.1     1157
 1312.2  7175.9   2.17    11.9    1.10      1791    7.0   1.4926e-01    7.0     1157
 1323.3  7236.8   2.36    24.0    1.11      6702    3.1   5.5846e-01    3.1     1160
 1326.5  7254.1   2.36     9.8    1.11      1180   13.1   9.8314e-02   13.1     1160
 1344.2  7351.2   1.97    11.0    1.14      1270   19.6   1.0587e-01   19.6     1368
 1355.8  7414.3   2.24     3.5    1.33       384   47.1   3.1993e-02   47.1     1156
 1362.4  7450.7   2.24    11.5    1.33      1533   12.4   1.2776e-01   12.4     1156
 1377.4  7532.4   2.30    13.6    1.27      2223    6.1   1.8525e-01    6.1     1006
 1381.4  7554.1   2.30    12.2    1.27      1605    7.9   1.3378e-01    7.9      963
 1387.3  7586.7   2.31    12.8    1.27      1914    6.7   1.5953e-01    6.7     1006
 1395.0  7628.8   2.31     7.1    1.27       882   13.0   7.3491e-02   13.0      963
 1405.7  7687.4   2.27     6.4    1.34      1473   20.1   1.2271e-01   20.1     1193
 1408.3  7701.3   2.27     7.6    1.34      1478   19.9   1.2321e-01   19.9     1193
 1422.5  7779.1   2.28     7.5    1.21      1041   11.2   8.6770e-02   11.2      640
 1436.6  7856.4   2.40     3.4    1.03       197   46.8   1.6389e-02   46.8      647
 1442.1  7886.2   2.41     3.6    1.03       535   18.4   4.4576e-02   18.4      647
 1445.9  7907.3   2.41    10.8    1.03      1524    7.3   1.2702e-01    7.3      647
 1449.6  7927.5   2.41     3.4    1.03       254   36.1   2.1139e-02   36.1      647
 1457.5  7970.6   2.42    15.3    1.03      5075    3.3   4.2294e-01    3.3      647
 1460.6  7987.8   2.42    22.2    1.03      7290    2.6   6.0751e-01    2.6      675
 1468.7  8032.1   2.55     7.7    1.02       701   13.6   5.8422e-02   13.6      503
 1476.6  8074.8   2.56    24.4    1.02      8527    2.2   7.1055e-01    2.2      524
 1485.3  8122.7   2.56     3.5    1.02       390   22.1   3.2541e-02   22.1      524
 1495.8  8180.1   2.44     9.6    0.93      1622    6.8   1.3520e-01    6.8      512
 1501.0  8208.3   2.44    12.1    0.93      2066    5.6   1.7214e-01    5.6      512
 1504.2  8226.2   2.45     8.9    0.93       490   18.6   4.0805e-02   18.6      512
 1509.0  8252.2   2.45     5.9    0.93       371   25.2   3.0957e-02   25.2      512
 1528.3  8357.5   2.27    11.4    0.87      1292    6.7   1.0765e-01    6.7      338
 1536.2  8401.1   2.28     4.2    0.87       230   29.2   1.9132e-02   29.2      323
 1553.3  8494.6   2.36     4.0    1.81       308   29.1   2.5633e-02   29.1      357
 1557.9  8519.5   2.36     8.6    1.81       949   10.2   7.9061e-02   10.2      357
 1571.2  8592.6   2.46    14.3    1.21      1708    6.0   1.4233e-01    6.0      255
 1579.1  8635.5   2.47     4.1    1.21       337   17.5   2.8059e-02   17.5      245
 1582.8  8656.0   2.47     3.4    1.21       237   22.9   1.9725e-02   22.9      255
 1588.0  8684.5   2.47     4.0    1.21       128   40.7   1.0670e-02   40.7      255
 1593.0  8711.4   2.48     4.8    1.21       773    9.1   6.4384e-02    9.1      255
 1600.9  8754.8   2.48     5.9    1.21       360   16.5   3.0041e-02   16.5      255
 1610.2  8805.9   2.39     7.8    0.97       428   15.3   3.5708e-02   15.3      225
 1613.2  8822.3   2.39     4.4    0.97       725    9.6   6.0381e-02    9.6      225
 1622.2  8871.4   2.40     5.5    0.97       452   13.9   3.7648e-02   13.9      225
 1635.1  8941.8   2.40     3.3    0.89       327   20.1   2.7279e-02   20.1      215
 1638.0  8957.6   2.41     3.7    0.89       383   17.9   3.1909e-02   17.9      215
 1653.2  9040.8   2.48    10.6    1.05      1139    6.3   9.4918e-02    6.3      154
 1664.0  9100.0   2.49     3.3    1.05       120   33.8   9.9804e-03   33.8      154
 1672.8  9148.2   2.49     6.6    1.05       499   10.7   4.1556e-02   10.7      154
 1677.7  9174.7   2.50     3.4    1.05       155   28.7   1.2930e-02   28.7      154
 1683.3  9205.3   2.50     6.2    1.05       610    9.8   5.0807e-02    9.8      154
 1688.1  9231.7   2.50     5.6    1.05       364   14.2   3.0364e-02   14.2      154
 1707.7  9338.7   2.45     3.7    1.05       135   26.1   1.1267e-02   26.1       90
 1716.0  9384.3   2.45     4.4    1.05       154   24.2   1.2820e-02   24.2       90
 1720.3  9407.7   2.46     6.6    1.05       433   10.8   3.6098e-02   10.8       90
 1729.2  9456.3   2.46     3.3    1.05       149   23.4   1.2430e-02   23.4       90
 1733.9  9482.4   2.47     3.8    1.05       152   23.7   1.2694e-02   23.7       90
 1740.1  9516.1   2.47     7.7    1.05       418   11.2   3.4842e-02   11.2       90
 1757.5  9611.2   2.48     3.6    0.91       145   28.8   1.2080e-02   28.8       99
 1764.2  9648.1   2.48     3.8    0.91       747    8.6   6.2252e-02    8.6       99
 1767.0  9663.3   2.49     8.0    0.91      1029    7.0   8.5727e-02    7.0       99
 1786.5  9770.0   2.50     3.5    0.99       121   31.9   1.0070e-02   31.9       84
 1791.8  9798.7   2.50     4.1    0.99       226   18.6   1.8849e-02   18.6       84
 1797.8  9831.7   2.50     8.0    0.99       594    8.9   4.9471e-02    8.9       84
 1802.0  9854.4   2.51     5.4    0.99       410   11.9   3.4173e-02   11.9       88
 1805.8  9875.4   2.51     6.3    0.99       162   23.8   1.3459e-02   23.8       88
 1811.7  9907.8   2.51     4.5    0.99       172   23.3   1.4313e-02   23.3       84
 1815.4  9927.8   2.52     4.0    0.99       170   22.5   1.4143e-02   22.5       84
 1847.2 10101.6   2.53     3.6    1.21        89   33.1   7.4227e-03   33.1       43
 1854.2 10140.3   2.54     3.5    1.21       124   26.2   1.0308e-02   26.2       43
 1892.1 10347.6   2.56     3.8    1.38        74   48.8   6.1469e-03   48.8       53
 1919.2 10495.7   2.58     6.4    0.92       271   15.9   2.2598e-02   15.9       55
 2103.1 11501.6   2.69     3.3    1.16       134   27.6   1.1197e-02   27.6       51
 2203.8 12051.8   2.75     5.3    1.07       192   20.6   1.6012e-02   20.6       49
 2447.2 13383.2   2.90     3.4    0.93        64   41.6   5.3099e-03   41.6       25
 2613.8 14294.2   2.96    11.2    0.85      1178    5.7   9.8203e-02    5.7       15

   indicates the Iterative Peak Width fitting reached a limiting value.
