
                       be used for evaluation purposes
                                                            16-Oct-2019 14:16
                       _________________________________

                       P E A K     F I T     R E P O R T
                       _________________________________

 Spectrum file Analysed: AM_Ir02_IDM3_jobscript_000-019 
 Sample Title :                                                  

 Spectrum saved on 16-Oct-2019 at 14:16    Collected on 26-Feb-2019 at 15:15
 Sample  Taken  on 26-Feb-2019 at 10:56    Decayed      0 Days,     0 mins.

            Detector file number used:     5
            Energy     Calibration Performed on  8-Mar-2019 at 12:01
            Peak Shape Calibration Performed on  8-Mar-2019 at 12:02

 

   Datetime:  26-Feb-2019  10:56
   Live:      12000.0 
   Mass:      277
   Shelf:     40
   Detector:      5

   Reported Activity values were rounded     
   FitzPeaks Version: 3.71 23rd January 2014           
                                                                                                     
              


 Peak   Centre   FW@HM         Goodness   Peak      %      Gammas       %      2 Sigma
Energy  Channel  (KeV)  Signif  of Fit    Area   Uncert.  per sec.   Uncert. Background

   53.9   294.4   2.02    28.3  136.77    338060   15.4   2.8172e+01   15.4  3011148
   63.0   344.0   1.47   471.1  610.83  12017115    1.3   1.0014e+03    1.3  2436868
   64.6   352.9   1.47  1152.9  610.83  20815522    0.7   1.7346e+03    0.7  2436868
   73.1   399.7   1.56   791.6  145.69   7998862    0.4   6.6657e+02    0.4  1000651
   75.3   411.3   1.56   256.7  145.69   2376803    1.4   1.9807e+02    1.4  1000651
   82.0   448.1   1.48   307.4    1.31   1048965    0.3   8.7414e+01    0.3   355264
   84.5   461.9   1.48    41.3    1.31    106507    2.5   8.8756e+00    2.5   355264
   87.2   476.3   1.48    18.9    1.31     29295    9.1   2.4413e+00    9.1   380640
   93.9   513.4   1.47   390.4    1.95   1569211    0.2   1.3077e+02    0.2   340828
   96.2   525.9   1.47   140.2    1.95    437780    0.7   3.6482e+01    0.7   318106
  113.4   619.8   1.48   275.5    1.21    779555    0.4   6.4963e+01    0.4   327887
  129.1   705.9   1.54   184.6    2.54    466027    1.4   3.8836e+01    1.4   376415
  140.8   769.4   1.49   324.8    1.69   1046520    0.3   8.7210e+01    0.3   313732
  146.8   802.6   1.50     8.6    1.71     10343   35.7   8.6192e-01   35.7   294883
  158.4   865.9   1.50     3.4    0.95      3886   47.0   3.2385e-01   47.0   285416
  172.0   940.5   1.57   195.6    9.85    469677    0.8   3.9140e+01    0.8   269386
  176.2   963.5   1.57   113.9    9.85    216164    1.7   1.8014e+01    1.7   269386
  178.8   977.7   1.57    69.9    9.85    127459    2.7   1.0622e+01    2.7   287345
  181.1   990.2   1.58    16.3    9.85     33186   10.0   2.7655e+00   10.0   287345
  186.6  1020.1   1.58   253.4    9.85    768214    0.6   6.4018e+01    0.6   287345
  190.7  1042.3   1.58    27.2    9.85     33294   10.2   2.7745e+00   10.2   287345
  197.1  1077.4   1.53     9.6    1.87     14906   23.5   1.2422e+00   23.5   237270
  203.7  1113.6   1.57    59.3    4.04     91309    2.1   7.6090e+00    2.1   212403
  208.7  1140.8   1.58    12.7    4.04     15461   11.0   1.2884e+00   11.0   226564
  212.7  1162.8   1.58    19.2    4.04     21987    8.0   1.8323e+00    8.0   226564
  219.7  1201.1   1.57    66.9    5.45     92830    2.9   7.7358e+00    2.9   210657
  223.2  1220.4   1.57   140.2    5.45    283139    1.0   2.3595e+01    1.0   197491
  243.4  1330.9   1.58   333.7   32.41   1098767    1.6   9.1564e+01    1.6   196624
  252.3  1379.7   1.56     3.3    1.52      4853   27.4   4.0441e-01   27.4   137157
  258.4  1412.8   1.80    37.5    3.56     54426    2.9   4.5355e+00    2.9   144591
  263.3  1439.4   1.81     7.6    3.56      8069   16.7   6.7238e-01   16.7   136558
  268.6  1468.6   1.81   103.3    3.56    244378    0.8   2.0365e+01    0.8   144591
  277.3  1516.1   1.58     3.9    1.85      2967   41.0   2.4724e-01   41.0   116128
  284.5  1555.5   1.59    21.2    3.26     22995    4.8   1.9162e+00    4.8    99924
  288.3  1576.4   1.60    13.4    3.26     11274    9.2   9.3951e-01    9.2   106586
  293.8  1606.2   1.60    35.4    3.26     55599    2.4   4.6332e+00    2.4   106586
  295.9  1617.7   1.60    18.7    3.26     38444    3.6   3.2037e+00    3.6   106586
  300.4  1642.6   1.60   216.3    3.26    516846    0.3   4.3071e+01    0.3   106586
  308.4  1686.0   1.94    26.6    3.14     35252    4.0   2.9377e+00    4.0   115804
  317.4  1735.3   1.76   177.2   10.92    496869    0.7   4.1406e+01    0.7    99221
  324.7  1775.3   1.61     5.3    1.33      4290   23.4   3.5748e-01   23.4    92261
  328.5  1796.2   1.61   132.6    1.33    224795    0.6   1.8733e+01    0.6    92261
  333.9  1825.5   1.62     3.5    1.33      1812   55.2   1.5097e-01   55.2    92261
  343.2  1876.6   1.79    16.7    1.21     16251    7.3   1.3543e+00    7.3   100329
  351.2  1920.4   1.72   151.5    8.83    266134    2.5   2.2178e+01    2.5   110833
  360.1  1969.0   1.93   188.0   81.50    532792    1.2   4.4399e+01    1.2   108947
  371.2  2029.7   1.62    48.6    0.96     45437    2.5   3.7865e+00    2.5    82458
  380.2  2078.9   1.64     6.2    0.72      4808   19.2   4.0071e-01   19.2    76794
  397.3  2172.3   1.66    16.5    1.21     11602    7.8   9.6680e-01    7.8    71207
  403.9  2208.3   1.67   114.4    1.21    143519    0.8   1.1960e+01    0.8    71207
  407.2  2226.3   1.67     4.4    1.21     53007    2.0   4.4172e+00    2.0    71207
  409.4  2238.7   1.67   233.5    1.21    507780    0.3   4.2315e+01    0.3    71207
  420.6  2299.9   1.66     4.6    1.05      3155   27.1   2.6288e-01   27.1    60963
  430.9  2356.4   1.75    28.0    1.09     21524    4.4   1.7937e+00    4.4    55859
  445.0  2433.4   1.68     6.4    0.89      3791   19.0   3.1590e-01   19.0    47091
  447.8  2448.5   1.68     7.5    0.89      4083   17.9   3.4025e-01   17.9    47091
  456.5  2496.1   1.70   141.4    0.89    188916    0.6   1.5743e+01    0.6    41894
  459.4  2512.3   1.70     9.0    0.89      9234    9.6   7.6950e-01    9.6    44513
  468.1  2559.4   1.70    41.9    1.61     29690    2.9   2.4741e+00    2.9    40291
  477.5  2611.1   1.70     9.5    1.42      5026   13.0   4.1880e-01   13.0    39193
  479.9  2624.4   1.70     4.7    1.42      1516   41.6   1.2634e-01   41.6    39193
  484.7  2650.3   1.70     9.6    1.42      4180   15.3   3.4832e-01   15.3    39193
  493.5  2698.6   2.02    29.0    1.68     25350    3.7   2.1125e+00    3.7    44316
  502.6  2748.2   1.70    72.5    1.25     61919    1.5   5.1599e+00    1.5    37054
  511.0  2794.4   2.84    35.4    1.13     99341    1.5   8.2784e+00    1.5    61613
  518.5  2835.4   1.72    60.0    1.26     49004    1.9   4.0837e+00    1.9    38448
  530.6  2901.3   1.82    26.1    0.80     17784    4.2   1.4820e+00    4.2    37894
  538.9  2947.1   1.74   270.8    1.79    680576    0.3   5.6715e+01    0.3    50191
  545.0  2980.1   1.70   221.7    7.53    443636    0.6   3.6970e+01    0.6    36568
  558.0  3051.4   1.77    55.7    0.79     42351    1.7   3.5293e+00    1.7    23223
  568.9  3111.1   1.79   232.9    1.09    536388    0.3   4.4699e+01    0.3    23287
  576.7  3153.5   2.16    15.7    2.23     11036    4.7   9.1964e-01    4.7    22954
  584.0  3193.6   2.16     8.8    2.23      7825    7.1   6.5205e-01    7.1    22954
  588.3  3217.1   2.17    15.5    2.23      9923    5.0   8.2688e-01    5.0    22954
  594.7  3251.7   2.17    16.1    2.23      8239    6.4   6.8654e-01    6.4    22954
  605.2  3309.4   1.80    13.6    1.67     54693    1.9   4.5577e+00    1.9    17998
  607.6  3322.5   1.80   226.7    1.67    541455    0.3   4.5121e+01    0.3    16998
  612.4  3349.1   1.80     7.8    1.67      2259   39.7   1.8823e-01   39.7    17998
  616.3  3370.2   1.81    67.9    1.67     54448    1.8   4.5373e+00    1.8    17998
  623.9  3411.5   1.85    63.1   10.29     73388    1.9   6.1156e+00    1.9    14527
  627.1  3429.1   1.85   119.6   10.29    157100    0.8   1.3092e+01    0.8    13762
  631.2  3451.4   1.85    10.1   10.29      5033   13.8   4.1945e-01   13.8    14527
  633.4  3463.5   1.86     4.2   10.29      2524   27.4   2.1032e-01   27.4    14527
  641.0  3505.4   2.06     4.0    4.07      2526   16.3   2.1047e-01   16.3    11174
  644.5  3524.5   2.06    51.7    4.07     51529    1.3   4.2941e+00    1.3    11733
  651.5  3562.7   2.06    22.2    4.07      8212    6.1   6.8437e-01    6.1    11174
  655.6  3585.2   2.07    15.5    4.07      5071    9.2   4.2261e-01    9.2    11174
  669.7  3662.3   2.54     3.5    1.96      1611   24.1   1.3424e-01   24.1    11531
  673.0  3680.4   2.54     4.9    1.96      4367    9.3   3.6394e-01    9.3    11531
  679.2  3714.3   2.55    10.2    1.96      4419    9.3   3.6824e-01    9.3    11531
  690.0  3773.3   1.83     4.0    0.78       990   53.3   8.2470e-02   53.3     8294
  698.4  3819.2   1.95    31.3    1.17     14035    3.1   1.1696e+00    3.1     8548
  708.6  3874.7   1.84     9.5    3.91      1875   18.7   1.5629e-01   18.7     8553
  714.5  3907.4   1.85    11.5    3.91      4361    8.6   3.6344e-01    8.6     8553
  721.4  3945.0   1.85   258.2    3.91    574339    0.3   4.7862e+01    0.3     8553
  726.3  3971.7   1.85    30.8    3.91     12255    3.1   1.0212e+00    3.1     8553
  729.4  3988.8   1.86     3.5    3.91      1740   19.5   1.4497e-01   19.5     8553
  733.8  4013.0   1.86    26.5    3.91     20320    2.1   1.6933e+00    2.1     8553
  735.8  4023.9   1.86    28.7    3.91     22439    2.1   1.8699e+00    2.1     8553
  743.5  4065.8   1.90     8.8    1.34      2139   12.4   1.7825e-01   12.4     5898
  746.0  4079.7   1.90     4.8    1.34      1202   21.0   1.0015e-01   21.0     5898
  751.2  4108.1   1.90    10.2    1.34      2906    9.0   2.4213e-01    9.0     5588
  756.1  4134.6   1.91    14.0    1.34      4038    6.7   3.3651e-01    6.7     5898
  765.3  4184.8   2.08     4.7    1.50      1706   22.9   1.4214e-01   22.9     5447
  768.7  4203.5   2.08    10.1    1.50      2827   14.1   2.3560e-01   14.1     5720
  772.1  4222.1   2.08     4.8    1.50      1003   38.7   8.3564e-02   38.7     5447
  777.4  4251.4   2.09     3.6    1.50       656   58.6   5.4680e-02   58.6     5720
  781.9  4276.0   2.09     8.2    1.50      2305   17.2   1.9207e-01   17.2     5447
  788.9  4314.1   1.85    18.5    2.48      4297   13.5   3.5805e-01   13.5     7629
  792.7  4335.0   1.85    85.7    2.48     68893    1.1   5.7411e+00    1.1     7629
  798.4  4366.0   1.85    27.3    2.48      9035    6.6   7.5291e-01    6.6     7629
  808.9  4423.6   1.87     8.1    1.29      3320   17.2   2.7666e-01   17.2     5785
  811.2  4435.8   1.87    16.5    1.29      5683   10.2   4.7354e-01   10.2     5480
  820.9  4489.0   2.14     4.3    2.94       768   37.3   6.3980e-02   37.3     4900
  828.2  4529.2   2.14    37.0    2.94     20628    2.1   1.7190e+00    2.1     5145
  836.0  4571.8   2.00    14.0    1.11      4848    4.9   4.0398e-01    4.9     4487
  839.3  4589.6   2.00     6.8    1.11      1596   12.8   1.3298e-01   12.8     4263
  844.7  4619.2   2.00     3.6    1.11       729   27.9   6.0767e-02   27.9     4487
  850.1  4648.6   2.01     4.7    1.11       580   33.9   4.8331e-02   33.9     4263
  855.7  4679.5   2.01     4.8    1.11      1070   19.2   8.9156e-02   19.2     4263
  880.1  4813.0   2.32    14.1    2.32      3560    7.5   2.9664e-01    7.5     4448
  885.5  4842.6   2.33    22.7    2.32      7752    4.1   6.4599e-01    4.1     4650
  891.8  4876.8   2.33     3.5    2.32      1351   18.7   1.1255e-01   18.7     4448
  902.6  4936.1   1.96     7.0    0.96      1509   12.5   1.2574e-01   12.5     3853
  911.9  4986.5   1.96     6.5    0.96      1672   11.6   1.3932e-01   11.6     3660
  924.8  5057.2   2.07    36.0    2.69     13123    2.5   1.0936e+00    2.5     3752
  930.8  5090.1   2.08     8.4    2.69      3806    7.5   3.1715e-01    7.5     3752
  934.4  5109.6   2.08     5.0    2.69      1625   15.1   1.3540e-01   15.1     3939
  938.8  5133.9   2.08    16.7    2.69      3921    6.8   3.2674e-01    6.8     3752
  952.0  5205.9   1.99     5.5    0.95      1027   19.9   8.5555e-02   19.9     3273
  955.5  5225.4   1.99     5.2    0.95       783   25.6   6.5224e-02   25.6     3109
  968.3  5295.2   2.00     4.0    0.60       643   32.1   5.3592e-02   32.1     3591
  986.5  5394.7   2.05    11.8    1.39      2597    7.7   2.1641e-01    7.7     3264
  992.7  5428.8   2.05    14.9    1.39      3217    5.9   2.6805e-01    5.9     3264
 1002.7  5483.5   2.06     9.5    1.39      2264    7.9   1.8868e-01    7.9     3427
 1007.8  5511.4   2.06    16.3    1.39      3808    5.0   3.1733e-01    5.0     3264
 1012.1  5534.5   2.06     8.5    1.39      1909    9.2   1.5908e-01    9.2     3427
 1026.7  5614.7   2.03    37.2    0.83     14300    1.9   1.1916e+00    1.9     3002
 1033.8  5653.6   2.03     6.2    0.83      1754   10.0   1.4615e-01   10.0     3002
 1036.0  5665.3   2.03     7.2    0.83      2005    8.6   1.6709e-01    8.6     3002
 1044.1  5709.5   2.04    13.4    0.83      2923    6.5   2.4359e-01    6.5     3002
 1070.5  5854.3   2.04    10.9    1.38      2531    6.7   2.1094e-01    6.7     2850
 1080.7  5909.9   2.05    15.5    1.38      3105    5.6   2.5872e-01    5.6     2850
 1089.3  5957.2   2.05     7.4    1.38      1406   11.6   1.1720e-01   11.6     2850
 1106.3  6050.1   2.17    20.1    1.29      7715    3.5   6.4290e-01    3.5     2838
 1108.8  6063.7   2.17     8.8    1.29      3858    6.7   3.2147e-01    6.7     2838
 1120.3  6126.7   2.09     4.0    1.15       909   17.7   7.5792e-02   17.7     2723
 1124.2  6147.8   2.09     6.8    1.15       972   16.8   8.0963e-02   16.8     2594
 1133.9  6200.9   2.10     3.4    1.15       666   24.1   5.5488e-02   24.1     2594
 1143.8  6255.0   2.24    10.6    1.42      1709    8.8   1.4242e-01    8.8     2727
 1150.7  6292.7   2.24    16.7    1.42      3408    5.5   2.8403e-01    5.5     2727
 1158.3  6334.4   2.25     3.8    1.42      1448   10.4   1.2063e-01   10.4     2727
 1167.9  6386.6   2.25     7.1    1.42      1229   11.1   1.0241e-01   11.1     2727
 1175.5  6428.1   2.26     3.8    1.42       473   28.4   3.9448e-02   28.4     2727
 1183.6  6472.9   2.26    13.0    1.42      2779    5.9   2.3156e-01    5.9     2727
 1195.0  6534.9   2.33     3.6    1.33       510   33.3   4.2502e-02   33.3     2505
 1198.8  6555.9   2.33     3.7    1.33       915   18.6   7.6222e-02   18.6     2505
 1207.4  6602.8   2.33    12.4    1.33      2483    7.6   2.0689e-01    7.6     2619
 1230.6  6729.6   2.19    12.0    1.26      2481    6.6   2.0675e-01    6.6     2363
 1240.1  6781.8   2.19     5.3    1.26      1014   15.0   8.4473e-02   15.0     2363
 1244.6  6806.1   2.20     3.9    1.26       231   58.4   1.9244e-02   58.4     2476
 1253.9  6856.9   2.20    37.5    1.26     12718    2.0   1.0598e+00    2.0     2476
 1274.5  6969.6   2.19     9.2    1.10      1257   14.1   1.0474e-01   14.1     1766
 1293.3  7072.3   2.27     4.5    2.52       611   20.2   5.0923e-02   20.2     1635
 1299.8  7108.1   2.27     5.6    2.52       599   20.5   4.9956e-02   20.5     1635
 1305.1  7137.4   2.28     6.0    2.52       719   17.2   5.9956e-02   17.2     1635
 1312.2  7175.7   2.28    13.1    2.52      2172    6.6   1.8101e-01    6.6     1635
 1323.4  7237.1   2.29    28.1    2.52      8412    2.5   7.0101e-01    2.5     1635
 1344.3  7351.4   2.13    10.5    1.07      1702   17.6   1.4186e-01   17.6     1761
 1356.0  7415.3   2.76     3.7    1.90       919   16.8   7.6585e-02   16.8     1374
 1362.4  7450.3   2.76    12.4    1.90      2555    7.2   2.1289e-01    7.2     1374
 1377.4  7532.5   2.38    12.7    1.93      2269    6.1   1.8908e-01    6.1     1174
 1381.4  7554.5   2.38    12.1    1.93      2083    6.7   1.7356e-01    6.7     1174
 1387.3  7586.8   2.38    14.6    1.93      2667    5.4   2.2224e-01    5.4     1174
 1395.1  7629.5   2.39     6.1    1.93      1154   10.4   9.6167e-02   10.4     1174
 1405.6  7686.5   2.40     7.8    1.93      2228    6.3   1.8568e-01    6.3     1174
 1408.2  7701.2   2.40     5.3    1.93      2257    6.6   1.8807e-01    6.6     1174
 1422.5  7779.0   2.28     9.6    0.82      1355    9.2   1.1290e-01    9.2      780
 1442.0  7885.8   2.29     3.9    1.67       454   29.5   3.7850e-02   29.5     1053
 1445.9  7907.4   2.29     9.6    1.67      1724    9.4   1.4368e-01    9.4     1101
 1457.5  7970.5   2.45    19.7    1.11      6778    2.7   5.6480e-01    2.7      710
 1460.6  7987.8   2.46    20.5    1.11      7375    2.4   6.1455e-01    2.4      741
 1468.7  8032.0   2.46     7.7    1.11       740   13.1   6.1651e-02   13.1      741
 1476.6  8074.8   2.47    28.6    1.11     10750    1.9   8.9580e-01    1.9      741
 1485.4  8123.4   2.47     3.3    1.11       466   19.6   3.8874e-02   19.6      741
 1495.9  8180.6   2.46    14.0    2.44      2016    6.5   1.6799e-01    6.5      754
 1501.0  8208.7   2.46    15.1    2.44      2578    5.4   2.1487e-01    5.4      754
 1509.0  8252.4   2.47     6.8    2.44       332   32.6   2.7706e-02   32.6      754
 1528.2  8357.3   2.41    11.4    1.03      1698    6.2   1.4149e-01    6.2      443
 1536.3  8401.5   2.42     4.8    1.03       297   26.6   2.4732e-02   26.6      443
 1553.2  8494.1   2.53     3.5    1.63       362   26.7   3.0132e-02   26.7      456
 1557.7  8518.6   2.53    10.4    1.63      1271    8.7   1.0596e-01    8.7      475
 1571.2  8592.7   2.46    13.8    1.28      2272    4.8   1.8930e-01    4.8      358
 1579.1  8635.7   2.46     6.9    1.28       413   16.5   3.4450e-02   16.5      358
 1582.8  8655.7   2.47     4.1    1.28       211   29.1   1.7613e-02   29.1      358
 1593.0  8711.8   2.47     7.0    1.28      1011    7.7   8.4234e-02    7.7      358
 1600.9  8754.8   2.48     5.3    1.28       410   15.6   3.4146e-02   15.6      358
 1612.8  8820.0   2.39     8.2    2.30       967   10.5   8.0558e-02   10.5      378
 1622.2  8871.5   2.40     5.9    2.30       468   16.3   3.8963e-02   16.3      362
 1634.9  8941.0   2.40     3.4    1.35       384   19.2   3.2004e-02   19.2      256
 1638.0  8957.8   2.41     5.2    1.35       480   15.9   3.9990e-02   15.9      245
 1653.3  9041.2   2.70    11.0    1.04      1489    5.4   1.2405e-01    5.4      177
 1663.4  9096.7   2.71     3.4    1.04       200   25.3   1.6640e-02   25.3      177
 1672.8  9148.0   2.71     8.1    1.04       694    8.8   5.7792e-02    8.8      177
 1677.6  9174.6   2.72     3.6    1.04       189   26.8   1.5712e-02   26.8      184
 1683.3  9205.2   2.72     6.5    1.04       863    7.9   7.1911e-02    7.9      177
 1688.2  9232.0   2.72     6.3    1.04       540   11.8   4.4968e-02   11.8      177
 1707.7  9338.7   2.45     4.0    1.21       222   19.0   1.8516e-02   19.0      124
 1715.4  9381.3   2.45     4.1    1.21       216   20.0   1.7999e-02   20.0      124
 1720.3  9407.8   2.46     6.9    1.21       642    8.9   5.3522e-02    8.9      124
 1729.6  9458.9   2.46     3.9    1.21       128   31.5   1.0704e-02   31.5      124
 1734.0  9482.8   2.47     4.1    1.21       147   28.6   1.2255e-02   28.6      124
 1740.1  9516.1   2.47     7.0    1.21       451   12.8   3.7569e-02   12.8      124
 1757.5  9611.1   2.64     3.6    1.42       164   29.5   1.3668e-02   29.5      113
 1764.2  9647.9   2.64     4.5    1.42       746    9.9   6.2195e-02    9.9      113
 1767.0  9663.1   2.64    10.8    1.42      1345    6.5   1.1206e-01    6.5      113
 1786.6  9770.6   2.50     4.6    0.82       219   20.3   1.8267e-02   20.3       98
 1791.8  9798.9   2.50     3.5    0.82       273   17.3   2.2757e-02   17.3       98
 1797.9  9832.2   2.50     7.7    0.82       755    7.6   6.2950e-02    7.6       98
 1801.9  9854.1   2.51     4.9    0.82       481   10.9   4.0063e-02   10.9       98
 1805.6  9874.4   2.51     3.5    0.82       183   22.0   1.5225e-02   22.0      102
 1811.7  9907.7   2.51     3.4    0.82       224   19.0   1.8657e-02   19.0       98
 1815.6  9929.3   2.52     4.9    0.82       201   20.5   1.6792e-02   20.5       98
 1847.5 10103.6   2.53     3.4    0.99        79   39.7   6.5901e-03   39.7       63
 1854.2 10140.0   2.54     3.9    0.99        87   39.6   7.2351e-03   39.6       60
 1892.4 10349.0   2.56     3.6    0.67        57   59.4   4.7163e-03   59.4       70
 1919.2 10495.4   2.58     5.2    0.87       306   15.1   2.5461e-02   15.1       65
 1942.7 10623.9   2.59     3.6    1.03       125   29.1   1.0386e-02   29.1       54
 2103.7 11504.4   2.69     3.7    0.86        96   33.8   8.0142e-03   33.8       48
 2203.9 12052.4   2.75     5.5    0.87       211   18.3   1.7573e-02   18.3       43
 2447.1 13382.4   2.90     3.5    0.97        56   47.7   4.6790e-03   47.7       24
 2613.8 14294.1   3.09    12.1    0.69      1161    5.7   9.6743e-02    5.7       16

   indicates the Iterative Peak Width fitting reached a limiting value.
