
                       be used for evaluation purposes
                                                            15-Oct-2019 16:09
                       _________________________________

                       P E A K     F I T     R E P O R T
                       _________________________________

 Spectrum file Analysed: AM_Ir03_IDM2_jobscript_075_089 
 Sample Title :                                                  

 Spectrum saved on 15-Oct-2019 at 16:09    Collected on 27-Feb-2019 at  5:49
 Sample  Taken  on 27-Feb-2019 at  3:01    Decayed      0 Days,     0 mins.

            Detector file number used:     4
            Energy     Calibration Performed on  8-Mar-2019 at 11:45
            Peak Shape Calibration Performed on  8-Mar-2019 at 11:47

 

   Datetime:  27-Feb-2019   3:01
   Live:      9000.00 
   Mass:      377
   Shelf:     32
   Detector:      4

   Reported Activity values were rounded     
   FitzPeaks Version: 3.71 23rd January 2014           
                                                                                                     
              


 Peak   Centre   FW@HM         Goodness   Peak      %      Gammas       %      2 Sigma
Energy  Channel  (KeV)  Signif  of Fit    Area   Uncert.  per sec.   Uncert. Background

   61.7   336.4   1.15    21.4   83.93    250035   19.7   2.7782e+01   19.7   622613
   63.4   345.6   1.15   495.3   83.93   4538117    1.2   5.0424e+02    1.2   622613
   65.0   354.4   1.15   780.1   83.93   7418496    0.7   8.2428e+02    0.7   622613
   69.6   379.5   1.25     8.2   30.38     25529   14.5   2.8366e+00   14.5   220747
   71.4   389.0   1.26    27.8   30.38    145372    3.1   1.6152e+01    3.1   203767
   73.6   401.2   1.26   458.8   30.38   3093523    0.2   3.4372e+02    0.2   220747
   75.7   413.0   1.26   221.0   30.38    955916    0.5   1.0621e+02    0.5   203767
   82.5   450.0   1.15   203.6    3.69    475253    0.4   5.2806e+01    0.4   103171
   85.0   463.8   1.15    30.1    3.69     31930    4.2   3.5477e+00    4.2   103171
   87.6   477.8   1.16    10.6    3.69      9399   14.1   1.0444e+00   14.1   103171
   94.4   515.0   1.14   164.7    0.68    319130    1.0   3.5459e+01    1.0   101457
   96.7   527.5   1.15   152.6    0.68    283137    1.1   3.1460e+01    1.1    93002
  113.9   621.4   1.16   105.3    0.76    162141    0.9   1.8016e+01    0.9    89035
  129.6   707.3   1.20   146.4    2.34    299018    0.6   3.3224e+01    0.6   101428
  138.5   756.1   1.19     5.0    1.23      5206   22.8   5.7844e-01   22.8    94296
  141.2   770.8   1.19   127.7    1.23    225025    0.7   2.5003e+01    0.7    94296
  147.2   803.9   1.16     3.7    1.16      3434   29.2   3.8160e-01   29.2    92567
  172.3   941.0   1.21   172.3    0.83    305706    0.5   3.3967e+01    0.5    90138
  176.5   963.9   1.21    46.1    0.83     45392    2.2   5.0435e+00    2.2    90138
  179.1   978.0   1.21    75.2    0.83     85351    1.3   9.4835e+00    1.3    90138
  181.3   990.1   1.22     7.5    0.83      7658   13.0   8.5087e-01   13.0    90138
  186.7  1020.0   1.23   132.3    0.97    233813    0.6   2.5979e+01    0.6    82598
  187.8  1025.7   1.23     8.7    0.97     34664    3.5   3.8516e+00    3.5    89482
  190.8  1042.1   1.23     9.0    0.97      7935   14.6   8.8166e-01   14.6    82598
  197.2  1077.2   1.45    10.7    2.76     12561   17.4   1.3957e+00   17.4    90178
  203.8  1113.1   1.29    24.0    2.27     19502    4.3   2.1669e+00    4.3    68044
  206.0  1125.3   1.29     4.6    2.27      4229   18.3   4.6989e-01   18.3    68044
  208.8  1140.8   1.29    11.2    2.27     11954    7.2   1.3283e+00    7.2    68044
  212.8  1162.4   1.29     7.7    2.27      4364   17.1   4.8491e-01   17.1    68044
  216.6  1183.2   1.30     4.9    2.27      3090   24.1   3.4338e-01   24.1    68044
  219.7  1200.4   1.30    63.2    2.27     66371    1.6   7.3746e+00    1.6    68044
  222.0  1212.8   1.30     8.5    2.27     10882    7.8   1.2091e+00    7.8    68044
  223.4  1220.4   1.30    56.4    2.27     72457    1.4   8.0508e+00    1.4    68044
  225.7  1233.0   1.30     5.4    2.27      4041   21.6   4.4896e-01   21.6    73278
  238.6  1303.8   1.24     4.3    1.34      1423   56.8   1.5810e-01   56.8    50825
  243.4  1329.9   1.18   142.4   12.26    201002    2.2   2.2334e+01    2.2    86734
  258.3  1411.4   1.39    14.4    1.13     10210    6.4   1.1345e+00    6.4    43855
  263.3  1438.5   1.40     3.6    1.13      1165   55.9   1.2943e-01   55.9    43855
  268.0  1464.6   1.27     6.8    1.02     56033    1.8   6.2258e+00    1.8    37027
  268.8  1469.0   1.27    81.5    1.02    105905    1.0   1.1767e+01    1.0    34179
  276.1  1508.6   1.27     4.0    0.91      1820   31.6   2.0224e-01   31.6    35091
  284.4  1554.1   1.37     8.1    6.66      4767   11.2   5.2971e-01   11.2    34556
  288.3  1575.5   1.38     7.8    6.66      3484   15.2   3.8712e-01   15.2    32088
  293.7  1605.0   1.38    37.4    6.66     41321    2.3   4.5912e+00    2.3    34556
  295.8  1616.5   1.38    29.0    6.66     30769    3.2   3.4188e+00    3.2    32088
  300.4  1641.4   1.39    96.8    6.66    116153    1.0   1.2906e+01    1.0    32088
  308.4  1685.5   1.37    36.0    1.78     26119    2.7   2.9022e+00    2.7    29590
  316.5  1729.7   1.32    10.0    0.89     67087    1.3   7.4541e+00    1.3    29080
  317.4  1734.8   1.32    60.1    0.89     88709    1.1   9.8565e+00    1.1    29080
  328.5  1795.1   1.33   121.9    0.65    165234    0.6   1.8359e+01    0.6    31006
  343.2  1875.9   1.32     5.9    1.14      3429   16.3   3.8095e-01   16.3    31091
  351.2  1919.3   1.40   117.9    2.66    172101    1.4   1.9122e+01    1.4    34472
  359.9  1967.0   1.37   152.5    1.55    291556    0.5   3.2395e+01    0.5    29403
  361.1  1973.3   1.37     9.4    1.55     23657    3.8   2.6285e+00    3.8    29403
  365.1  1995.6   1.37     3.6    1.55      1504   41.3   1.6717e-01   41.3    27303
  371.2  2028.9   1.36    52.9    1.36     33810    2.1   3.7567e+00    2.1    24726
  380.0  2077.0   1.35     9.2    1.35      3323   15.1   3.6924e-01   15.1    22514
  397.4  2171.8   1.43    18.5    1.21      9517    5.2   1.0574e+00    5.2    20004
  403.9  2207.4   1.41    47.9    1.81     31101    2.0   3.4557e+00    2.0    19044
  407.2  2225.5   1.42    29.0    1.81     39146    1.7   4.3496e+00    1.7    20404
  409.4  2237.8   1.42   188.8    1.81    346051    0.4   3.8450e+01    0.4    19044
  420.6  2299.1   1.39     4.4    0.94      1387   30.6   1.5412e-01   30.6    16906
  431.1  2356.4   1.61    13.1    0.79      7032    6.3   7.8138e-01    6.3    16369
  445.1  2432.6   1.41     8.2    1.22      2410   15.1   2.6773e-01   15.1    12036
  447.8  2447.5   1.41     8.7    1.22      2941   12.4   3.2680e-01   12.4    12895
  456.4  2494.9   1.45   110.7    2.07    129599    0.6   1.4400e+01    0.6    11405
  459.1  2509.6   1.45     3.7    2.07      2992   17.0   3.3248e-01   17.0    12219
  468.0  2558.2   1.47    44.0    1.35     26646    1.9   2.9607e+00    1.9    10786
  477.5  2610.3   1.43     7.4    2.87      2877   10.8   3.1969e-01   10.8     9713
  479.9  2623.2   1.44     6.4    2.87      1638   17.4   1.8202e-01   17.4     9713
  484.6  2648.7   1.44     7.3    2.87      2142   13.9   2.3796e-01   13.9     9713
  490.7  2682.3   1.44     4.1    2.87       629   46.8   6.9847e-02   46.8    10407
  493.7  2698.5   1.45     8.6    2.87      5225    6.9   5.8052e-01    6.9    10407
  502.5  2746.7   1.45     7.5    0.65      2632   11.8   2.9246e-01   11.8     9373
  510.9  2792.7   2.92    16.7    3.65     33034    2.6   3.6704e+00    2.6    17390
  518.4  2833.9   1.46    52.2    3.65     36830    1.4   4.0922e+00    1.4     8695
  530.4  2899.6   1.48     9.2    1.38      3577    9.3   3.9742e-01    9.3     9108
  538.8  2945.5   1.52   194.9    2.10    473658    0.3   5.2629e+01    0.3     7881
  541.6  2960.6   1.53    15.3    2.10     12622    3.8   1.4024e+00    3.8     7881
  544.9  2978.5   1.53    88.6    2.10     99909    0.7   1.1101e+01    0.7     7881
  557.9  3049.8   1.53    47.8    1.31     31379    1.4   3.4866e+00    1.4     5366
  568.9  3109.9   1.60    96.4    1.08    138556    0.5   1.5395e+01    0.5     5394
  576.5  3151.5   1.77    11.9    1.68      4814    5.4   5.3485e-01    5.4     4776
  583.5  3189.9   1.78    10.9    1.68      4178    5.6   4.6425e-01    5.6     5057
  588.3  3215.8   1.78    13.4    1.68      7024    3.6   7.8049e-01    3.6     5057
  594.5  3249.7   1.79     8.8    1.68      2033   10.8   2.2584e-01   10.8     5057
  605.1  3307.7   1.59    38.1    1.97     41116    1.3   4.5684e+00    1.3     4562
  607.5  3321.1   1.59    87.5    1.97    120048    0.6   1.3339e+01    0.6     4562
  609.2  3330.0   1.59     5.5    1.97      1201   27.6   1.3341e-01   27.6     4562
  612.4  3347.8   1.60     9.9    1.97      1871   15.2   2.0792e-01   15.2     4562
  616.2  3368.3   1.60     8.0    1.97      2060   13.3   2.2885e-01   13.3     4562
  622.2  3401.5   1.60     8.4    1.67      3684    8.1   4.0934e-01    8.1     3500
  624.0  3411.3   1.61    50.9    1.67     44415    1.0   4.9350e+00    1.0     3734
  627.0  3427.9   1.61    47.0    1.67     33721    1.2   3.7467e+00    1.2     3734
  631.0  3449.4   1.61    12.0    1.67      2541   10.9   2.8232e-01   10.9     3734
  640.9  3503.9   1.88     3.4    1.89       697   23.6   7.7495e-02   23.6     2710
  644.7  3524.5   1.89    20.0    1.89     16805    2.2   1.8672e+00    2.2     2860
  651.4  3561.2   1.89     8.8    1.89      1813   10.1   2.0149e-01   10.1     2860
  655.7  3584.6   1.89     8.6    1.89      1965    9.4   2.1829e-01    9.4     2860
  659.0  3602.4   1.90     3.4    1.89       437   37.6   4.8594e-02   37.6     2860
  673.7  3683.0   1.60     4.1    1.26       449   33.6   4.9864e-02   33.6     2334
  679.1  3712.6   1.60     3.3    1.26       657   24.3   7.3030e-02   24.3     2334
  698.3  3817.5   1.76    13.2    1.75      2886    7.5   3.2067e-01    7.5     2110
  708.4  3872.8   1.62     3.4    0.87       557   34.9   6.1908e-02   34.9     2002
  714.2  3904.7   1.63     4.5    0.87       792   25.1   8.8043e-02   25.1     2002
  721.3  3943.3   1.66   117.5    1.77    125296    0.6   1.3922e+01    0.6     1878
  726.2  3970.2   1.67    19.3    1.77      4949    7.2   5.4993e-01    7.2     1767
  733.7  4011.4   1.65    13.0    2.05      4234    4.6   4.7043e-01    4.6     1939
  735.7  4022.2   1.65    16.0    2.05      4781    4.1   5.3118e-01    4.1     1824
  743.6  4065.2   1.65     3.9    2.05       353   39.7   3.9234e-02   39.7     1824
  751.1  4106.2   1.58     5.3    1.52       494   22.7   5.4937e-02   22.7     1549
  755.9  4132.7   1.58     5.1    1.52       742   14.9   8.2428e-02   14.9     1549
  763.0  4171.5   1.59     3.5    1.52       245   42.1   2.7265e-02   42.1     1453
  768.6  4201.7   1.59    11.3    1.52      1628    7.8   1.8091e-01    7.8     1549
  782.0  4275.5   1.72     5.5    1.40       576   22.0   6.4035e-02   22.0     1496
  788.8  4312.2   1.73     8.5    1.40      1359   10.3   1.5102e-01   10.3     1496
  792.6  4333.1   1.73    42.7    1.40     15924    1.6   1.7693e+00    1.6     1496
  795.7  4350.1   1.73     6.0    1.40       461   27.3   5.1185e-02   27.3     1496
  798.3  4364.4   1.74    12.7    1.40      2222    6.8   2.4693e-01    6.8     1496
  808.9  4422.3   1.71     4.5    1.16       796   18.1   8.8408e-02   18.1     1459
  811.0  4433.9   1.71     9.1    1.16      1708    8.9   1.8979e-01    8.9     1459
  828.4  4528.9   2.07    16.7    1.65      6467    3.5   7.1850e-01    3.5     1462
  835.7  4568.8   2.07     7.0    1.65      1285   11.5   1.4281e-01   11.5     1462
  839.1  4587.4   2.08     6.7    1.65       968   14.5   1.0759e-01   14.5     1535
  855.7  4678.4   1.74     3.7    0.86       229   52.7   2.5440e-02   52.7     1222
  880.1  4811.8   1.76     6.4    1.78       591   20.1   6.5667e-02   20.1     1262
  885.4  4840.7   1.77     7.7    1.78      1431    9.2   1.5900e-01    9.2     1192
  890.3  4867.4   1.77     3.6    1.78       201   54.8   2.2345e-02   54.8     1192
  902.6  4934.5   1.78     3.3    1.22       323   30.7   3.5939e-02   30.7     1060
  911.4  4982.8   1.79     6.7    1.22       980   13.0   1.0889e-01   13.0     1122
  924.8  5055.9   1.94    16.1    1.35      2964    5.0   3.2937e-01    5.0     1123
  931.2  5090.9   1.94    10.4    1.35      2222    6.5   2.4690e-01    6.5     1123
  934.8  5110.6   1.95     3.5    1.35       677   17.3   7.5236e-02   17.3     1123
  938.8  5132.5   1.95    16.0    1.35      2861    5.5   3.1786e-01    5.5     1123
  968.9  5297.2   1.84     5.1    0.98       467   25.6   5.1922e-02   25.6     1060
  986.6  5394.4   1.85     5.0    1.07       538   19.4   5.9819e-02   19.4      936
  992.7  5427.5   1.86     7.0    1.07       690   15.4   7.6644e-02   15.4      989
 1002.6  5481.8   1.87     3.8    1.17       437   24.5   4.8553e-02   24.5      932
 1007.9  5510.4   1.87     8.3    1.17       848   12.9   9.4209e-02   12.9      983
 1012.1  5533.9   1.87     3.3    1.17       339   31.3   3.7709e-02   31.3      932
 1026.7  5613.4   1.91    18.0    1.09      3224    4.3   3.5819e-01    4.3      855
 1033.9  5652.8   1.92     7.1    1.09       526   18.3   5.8437e-02   18.3      855
 1036.0  5664.5   1.92     8.5    1.09      1396    7.6   1.5514e-01    7.6      855
 1044.2  5708.9   1.93     7.3    1.09       700   13.7   7.7797e-02   13.7      855
 1070.6  5853.5   1.92     6.1    1.16       579   15.9   6.4302e-02   15.9      831
 1080.7  5908.8   1.93     7.5    1.16       698   12.8   7.7593e-02   12.8      831
 1089.3  5955.7   1.94     4.2    1.16       327   25.8   3.6357e-02   25.8      831
 1106.4  6049.2   2.14    10.9    1.03      1839    7.6   2.0432e-01    7.6      913
 1109.0  6063.7   2.15     5.0    1.03       902   13.7   1.0022e-01   13.7      913
 1120.4  6126.0   1.96     5.4    0.66       539   20.8   5.9909e-02   20.8      956
 1134.0  6200.4   2.07     3.6    0.87       311   28.3   3.4500e-02   28.3      884
 1143.9  6254.1   2.08     3.7    0.87       316   27.1   3.5153e-02   27.1      842
 1150.8  6292.1   2.09    14.0    0.87      2334    5.2   2.5928e-01    5.2      842
 1168.1  6386.8   2.12     3.3    1.05       241   36.8   2.6736e-02   36.8      823
 1175.3  6425.9   2.13     3.5    1.05       285   30.8   3.1695e-02   30.8      784
 1183.6  6471.6   2.14    10.9    1.05      1417    7.7   1.5739e-01    7.7      823
 1199.9  6560.8   2.03     3.5    1.20       191   41.6   2.1253e-02   41.6      760
 1207.7  6603.0   2.03     4.2    1.20       565   15.7   6.2773e-02   15.7      760
 1218.7  6663.4   2.04     3.5    1.20       224   36.1   2.4849e-02   36.1      760
 1231.0  6730.6   2.05     4.8    1.65       436   23.1   4.8499e-02   23.1      794
 1239.3  6776.0   2.06     3.3    1.65       207   45.0   2.3012e-02   45.0      794
 1254.0  6856.2   2.12    15.7    0.90      2680    5.1   2.9774e-01    5.1      728
 1274.7  6969.4   2.09     7.5    1.39       690   15.0   7.6636e-02   15.0      542
 1293.5  7072.5   2.10     3.3    1.15       206   32.8   2.2879e-02   32.8      486
 1299.9  7107.6   2.11     3.6    1.15       124   51.5   1.3779e-02   51.5      486
 1305.1  7135.7   2.11     3.5    1.15       125   53.7   1.3898e-02   53.7      486
 1312.4  7175.6   2.12     5.6    1.15       474   15.9   5.2675e-02   15.9      486
 1323.6  7237.1   2.30    12.6    1.87      1914    7.1   2.1272e-01    7.1      547
 1344.2  7349.9   2.15     5.7    1.57       503   18.7   5.5848e-02   18.7      451
 1362.6  7450.3   2.16     6.4    0.74       481   16.4   5.3487e-02   16.4      368
 1377.6  7532.2   2.29    11.6    1.15      1454    6.8   1.6158e-01    6.8      365
 1381.5  7553.9   2.29     5.8    1.15       475   15.5   5.2764e-02   15.5      365
 1387.4  7586.0   2.30     7.5    1.15       648   11.9   7.1948e-02   11.9      365
 1395.2  7628.8   2.30     3.4    1.15       236   28.2   2.6180e-02   28.2      365
 1405.7  7686.0   2.20     7.0    1.04       476   16.2   5.2891e-02   16.2      315
 1408.4  7700.9   2.20     4.2    1.04       721   11.7   8.0123e-02   11.7      315
 1422.6  7778.4   2.21     5.8    0.85       325   21.6   3.6166e-02   21.6      263
 1442.1  7885.1   2.23     3.5    1.03       121   56.3   1.3395e-02   56.3      313
 1446.2  7907.5   2.23     6.5    1.03       409   18.5   4.5476e-02   18.5      299
 1457.7  7970.5   2.29     5.8    1.08      1617    5.5   1.7966e-01    5.5      218
 1460.8  7987.3   2.30    24.9    1.08      5825    2.6   6.4717e-01    2.6      208
 1469.0  8032.1   2.30     8.0    1.08       552   10.8   6.1293e-02   10.8      208
 1476.7  8074.2   2.31    13.3    1.08      2431    4.0   2.7010e-01    4.0      208
 1486.3  8127.0   2.32     3.4    1.08       117   38.6   1.3040e-02   38.6      208
 1496.0  8180.0   2.27     6.0    1.12       459   14.5   5.0955e-02   14.5      206
 1501.1  8207.7   2.27     7.4    1.12       548   12.2   6.0912e-02   12.2      206
 1504.5  8226.1   2.28     5.2    1.12       108   51.3   1.2035e-02   51.3      206
 1509.0  8250.8   2.28     3.3    1.12       110   50.6   1.2248e-02   50.6      206
 1528.4  8357.1   2.30     5.4    0.98       407   14.3   4.5226e-02   14.3      140
 1558.0  8519.1   2.32     4.7    1.26       235   24.5   2.6132e-02   24.5      172
 1571.3  8591.8   2.33     5.9    1.04       457   12.4   5.0811e-02   12.4      133
 1579.7  8637.6   2.34     3.4    1.04       119   35.9   1.3224e-02   35.9      133
 1592.9  8709.9   2.35     3.4    1.16       250   19.5   2.7817e-02   19.5      137
 1601.3  8755.4   2.36     3.4    1.16        86   47.9   9.5682e-03   47.9      137
 1613.4  8821.6   2.37     3.8    1.31       191   23.5   2.1235e-02   23.5      124
 1622.1  8869.4   2.37     5.0    1.31       228   20.3   2.5332e-02   20.3      124
 1638.3  8957.8   2.39     3.5    1.74       118   40.5   1.3126e-02   40.5      108
 1653.3  9040.3   2.40     5.4    1.05       308   14.9   3.4226e-02   14.9       71
 1672.8  9146.7   2.41     3.6    1.04       140   25.1   1.5573e-02   25.1       80
 1683.3  9204.3   2.42     3.5    1.04       197   19.5   2.1879e-02   19.5       80
 1688.0  9229.7   2.43     3.3    1.04        91   36.1   1.0116e-02   36.1       80
 1707.8  9338.0   2.44     3.4    1.11        54   53.5   6.0056e-03   53.5       47
 1720.4  9407.2   2.45     3.9    1.15       121   26.8   1.3400e-02   26.8       67
 1730.1  9460.1   2.46     3.8    1.15        96   30.8   1.0630e-02   30.8       67
 1740.3  9516.1   2.47     3.9    1.15        91   33.4   1.0067e-02   33.4       67
 1757.4  9609.3   2.48     3.6    0.89        87   37.1   9.6787e-03   37.1       59
 1764.4  9647.8   2.49     5.8    0.89       594    9.0   6.6054e-02    9.0       59
 1767.3  9663.3   2.49     7.3    0.89       294   15.4   3.2671e-02   15.4       59
 1797.7  9829.6   2.52     5.9    1.76       124   42.2   1.3736e-02   42.2      109
 1847.3 10101.2   2.56     3.4    0.87        73   40.4   8.1001e-03   40.4       44
 1919.4 10495.5   2.62     3.6    1.06       142   25.6   1.5764e-02   25.6       50
 2102.9 11498.6   2.77     3.8    1.33       110   29.3   1.2197e-02   29.3       36
 2118.5 11584.0   2.78     3.4    0.84        43   57.0   4.8321e-03   57.0       27
 2203.6 12049.7   2.85     5.0    1.15       180   20.6   1.9950e-02   20.6       36
 2447.1 13380.8   3.05     3.6    0.83        56   44.9   6.2453e-03   44.9       21
 2613.7 14292.4   3.24    11.6    0.92       965    6.8   1.0717e-01    6.8       10

   indicates the Iterative Peak Width fitting reached a limiting value.
