
                       be used for evaluation purposes
                                                            15-Oct-2019 13:47
                       _________________________________

                       P E A K     F I T     R E P O R T
                       _________________________________

 Spectrum file Analysed: AM_Ir01_IDM1_jobscript_030-044 
 Sample Title :                                                  

 Spectrum saved on 15-Oct-2019 at 13:47    Collected on 26-Feb-2019 at 20:38
 Sample  Taken  on 26-Feb-2019 at 17:39    Decayed      0 Days,     0 mins.

            Detector file number used:     3
            Energy     Calibration Performed on  8-Mar-2019 at 11:49
            Peak Shape Calibration Performed on  8-Mar-2019 at 11:50

 

   Datetime:  26-Feb-2019  17:39
   Live:      9000.00 
   Mass:      177
   Shelf:     53
   Detector:      3

   Reported Activity values were rounded     
   FitzPeaks Version: 3.71 23rd January 2014           
                                                                                                     
              


 Peak   Centre   FW@HM         Goodness   Peak      %      Gammas       %      2 Sigma
Energy  Channel  (KeV)  Signif  of Fit    Area   Uncert.  per sec.   Uncert. Background

   61.4   336.3   1.13    11.0  112.76    308877    4.3   3.4320e+01    4.3   556047
   63.1   345.3   1.13   560.8  112.76   5242692    0.3   5.8252e+02    0.3   556047
   64.7   354.2   1.13   853.1  112.76   8535022    0.3   9.4834e+02    0.3   606597
   69.3   379.3   1.24    10.3   18.06     23058   51.4   2.5620e+00   51.4   289604
   71.2   389.8   1.24    28.1   18.06    154268    7.8   1.7141e+01    7.8   289604
   73.2   401.0   1.24   506.7   18.06   3379365    0.4   3.7548e+02    0.4   267327
   75.4   412.8   1.25   244.8   18.06   1008120    1.2   1.1201e+02    1.2   267327
   82.1   449.6   1.14   195.3    3.09    448692    0.5   4.9855e+01    0.5   116851
   84.7   463.6   1.14    27.6    3.09     33137    4.5   3.6819e+00    4.5   116851
   87.2   477.5   1.15    10.6    3.09      9775   14.7   1.0861e+00   14.7   116851
   94.1   514.9   1.12   248.5    1.55    616371    0.3   6.8486e+01    0.3   120486
   96.4   527.5   1.12   124.0    1.55    203805    0.8   2.2645e+01    0.8   110445
  103.5   566.3   1.13     3.5    0.72      1984   50.4   2.2045e-01   50.4   107010
  105.9   579.7   1.13     3.6    0.72      2510   40.0   2.7884e-01   40.0   107010
  113.6   621.6   1.13   161.3    1.05    309803    0.6   3.4423e+01    0.6   110998
  129.3   707.6   1.20   118.6    8.52    216372    1.2   2.4041e+01    1.2   125525
  138.2   756.4   1.15     5.0    1.79      6064   22.5   6.7375e-01   22.5   106349
  140.9   771.2   1.16   190.3    1.79    427850    0.4   4.7539e+01    0.4   116017
  147.0   804.4   1.16     5.2    0.99      5029   17.5   5.5883e-01   17.5   110288
  149.8   820.0   1.16     3.9    0.99      1750   51.6   1.9444e-01   51.6   110288
  154.7   846.8   1.17     3.5    0.99      2113   42.0   2.3479e-01   42.0   110288
  172.1   942.0   1.18   145.9    0.93    220074    0.6   2.4453e+01    0.6   101053
  176.3   964.9   1.18    78.7    0.93     87595    1.3   9.7327e+00    1.3   101053
  178.9   979.0   1.18    58.7    0.93     60178    1.9   6.6865e+00    1.9   101053
  181.1   991.2   1.18    15.9    0.93     14231    7.2   1.5812e+00    7.2   101053
  186.6  1021.1   1.20   167.0    0.86    303632    0.5   3.3737e+01    0.5    94083
  187.7  1026.9   1.20     8.6    0.86     24135    5.3   2.6817e+00    5.3    94083
  190.7  1043.5   1.20    18.5    0.86     15648    7.5   1.7386e+00    7.5   101923
  197.1  1078.5   1.20     7.4    1.48      6843   27.5   7.6035e-01   27.5    97129
  203.7  1114.5   1.19    40.2    1.33     36422    2.8   4.0469e+00    2.8    85619
  205.8  1125.8   1.20     4.1    1.33      3111   31.5   3.4567e-01   31.5    79033
  208.8  1142.3   1.20     8.6    1.33      7712   12.9   8.5693e-01   12.9    79033
  212.7  1163.6   1.27    14.9    1.23     11020    7.9   1.2245e+00    7.9    72735
  216.5  1184.5   1.27     7.0    1.23      4233   19.4   4.7034e-01   19.4    72735
  219.7  1201.9   1.28    50.8    1.23     49724    2.0   5.5248e+00    2.0    72735
  221.8  1213.6   1.28     6.0    1.23      6820   12.7   7.5778e-01   12.7    72735
  223.2  1221.5   1.28    88.1    1.23    124759    0.8   1.3862e+01    0.8    72735
  225.6  1234.6   1.28     7.2    1.23      7111   11.7   7.9013e-01   11.7    72735
  228.0  1247.7   1.28     3.5    1.23      1811   46.6   2.0122e-01   46.6    72735
  243.4  1331.7   1.24   225.8    1.51    464707    0.4   5.1634e+01    0.4    59277
  245.2  1341.3   1.24     7.4    1.51     25234    4.3   2.8037e+00    4.3    59277
  252.4  1380.8   1.24     4.5    1.06      2032   35.0   2.2582e-01   35.0    48203
  258.4  1413.6   1.50    26.4    6.46     22232    4.0   2.4703e+00    4.0    53194
  263.2  1440.2   1.50     4.4    6.46      3275   23.1   3.6394e-01   23.1    53194
  268.6  1469.5   1.51    65.1    6.46    117308    1.7   1.3034e+01    1.7    53194
  284.5  1556.4   1.30    14.5    6.22      9493    6.6   1.0548e+00    6.6    38616
  288.3  1577.1   1.30    11.0    6.22      4820   12.5   5.3559e-01   12.5    38616
  293.9  1607.7   1.30    18.3    6.22     19563    4.9   2.1737e+00    4.9    38616
  295.8  1618.4   1.31    18.6    6.22     19816    4.5   2.2017e+00    4.5    38616
  300.4  1643.5   1.31   139.7    6.22    215907    0.6   2.3990e+01    0.6    38616
  307.0  1679.4   1.30     5.2    0.77      2574   25.2   2.8602e-01   25.2    35647
  308.5  1687.8   1.30    23.1    0.77     15242    4.5   1.6935e+00    4.5    35647
  316.6  1731.8   1.29     6.4    0.66     42758    2.2   4.7509e+00    2.2    34644
  317.5  1737.0   1.30   110.4    0.66    171982    0.6   1.9109e+01    0.6    34644
  324.5  1775.1   1.31     4.2    1.21      1778   34.5   1.9751e-01   34.5    35988
  328.5  1797.3   1.32    71.8    1.21     73080    1.1   8.1200e+00    1.1    33417
  343.2  1877.7   1.53    11.1    1.54      7185    9.5   7.9829e-01    9.5    38799
  351.2  1921.4   1.34   106.5    0.90    128209    0.7   1.4245e+01    0.7    33158
  352.6  1929.2   1.34     6.7    0.90      7524    8.4   8.3602e-01    8.4    35709
  356.4  1949.9   1.35     3.4    0.90      1627   35.8   1.8077e-01   35.8    35709
  360.0  1969.3   1.35   137.2    0.90    213969    0.5   2.3774e+01    0.5    33158
  361.2  1975.8   1.35    12.0    0.90     29961    2.8   3.3290e+00    2.8    35709
  371.3  2031.2   1.31    42.1    1.01     26267    2.5   2.9185e+00    2.5    28709
  380.2  2079.9   1.34     3.6    1.00      2466   21.4   2.7404e-01   21.4    28474
  397.4  2174.0   1.29    16.9    1.26      6763    7.4   7.5148e-01    7.4    25329
  403.9  2209.7   1.38    73.6    1.31     60116    1.2   6.6796e+00    1.2    24147
  407.2  2227.7   1.38    27.5    1.31     30894    2.1   3.4327e+00    2.1    24147
  409.5  2240.1   1.39   165.2    1.31    250945    0.5   2.7883e+01    0.5    24147
  420.6  2301.2   1.37     4.7    1.16      1617   30.6   1.7966e-01   30.6    22179
  431.0  2357.7   1.61    16.9    1.06     10319    4.4   1.1466e+00    4.4    20801
  438.0  2396.1   1.61     3.6    1.06       832   49.8   9.2474e-02   49.8    20801
  445.0  2434.5   1.39     6.2    1.27      1722   24.8   1.9135e-01   24.8    14802
  447.8  2449.8   1.39     6.4    1.27      2520   16.3   2.8000e-01   16.3    15940
  456.5  2497.0   1.42    96.9    1.73     93847    0.9   1.0427e+01    0.9    15153
  459.4  2513.0   1.42     8.3    1.73      4049   12.5   4.4993e-01   12.5    15153
  468.0  2560.4   1.38    33.3    0.95     15786    2.9   1.7540e+00    2.9    13851
  477.6  2612.4   1.42     5.9    1.27      2437   14.7   2.7081e-01   14.7    13363
  479.8  2624.8   1.42     3.8    1.27      1039   33.1   1.1545e-01   33.1    13363
  484.7  2651.3   1.42     6.0    1.27      1968   17.9   2.1863e-01   17.9    13363
  493.5  2699.6   1.72    16.5    1.65     10292    4.7   1.1436e+00    4.7    15744
  502.5  2748.8   1.49    26.2    0.68     13091    3.5   1.4545e+00    3.5    13191
  510.9  2794.8   2.87    17.0    2.45     41398    2.2   4.5998e+00    2.2    24600
  518.4  2835.9   1.43    46.8    2.45     29658    1.7   3.2953e+00    1.7    12300
  530.4  2901.7   1.50    17.2    1.09      6998    5.7   7.7750e-01    5.7    12380
  538.8  2947.6   1.49   174.5    2.85    347511    0.3   3.8612e+01    0.3     9946
  541.5  2962.3   1.49    11.2    2.85     10439    4.5   1.1598e+00    4.5     9946
  544.8  2980.5   1.49   133.1    2.85    195183    0.6   2.1687e+01    0.6     9946
  550.3  3010.5   1.50     3.5    2.85       716   51.9   7.9581e-02   51.9     9946
  557.9  3051.8   1.50    48.6    1.09     24913    1.7   2.7682e+00    1.7     7776
  568.8  3111.6   1.53   159.6    1.40    234923    0.4   2.6103e+01    0.4     7602
  576.5  3153.9   1.64    12.6    1.16      4645    5.5   5.1615e-01    5.5     6674
  583.3  3190.9   1.65     7.3    1.16      2846    8.8   3.1623e-01    8.8     6674
  584.8  3199.2   1.65     6.1    1.16      1666   15.1   1.8509e-01   15.1     6674
  588.1  3217.1   1.65    13.6    1.16      4477    5.6   4.9742e-01    5.6     6674
  594.5  3252.1   1.65    13.1    1.16      3032    8.6   3.3692e-01    8.6     6674
  605.1  3309.9   1.56    27.8    2.75     31479    1.5   3.4976e+00    1.5     6550
  607.5  3323.1   1.56   155.2    2.75    230554    0.5   2.5617e+01    0.5     6550
  612.5  3350.3   1.56     8.8    2.75       794   41.4   8.8169e-02   41.4     6141
  616.2  3370.6   1.57    32.6    2.75     12147    3.0   1.3497e+00    3.0     6141
  622.8  3406.7   1.54     7.4    1.32      6038    8.1   6.7090e-01    8.1     4678
  624.0  3413.2   1.54    47.6    1.32     31709    1.8   3.5232e+00    1.8     4678
  627.0  3429.7   1.55    81.8    1.32     65599    1.1   7.2888e+00    1.1     4678
  631.0  3451.5   1.55    10.1    1.32      2404   18.8   2.6711e-01   18.8     4678
  633.2  3463.6   1.55     3.6    1.32      1081   40.4   1.2007e-01   40.4     4678
  640.9  3505.8   1.81     5.4    2.41       992   26.3   1.1022e-01   26.3     4293
  644.3  3524.7   1.82    35.7    2.41     20410    2.3   2.2678e+00    2.3     4293
  651.4  3563.4   1.42    16.1    1.11      3227    6.1   3.5853e-01    6.1     3061
  655.5  3586.0   1.42    11.0    1.11      2195    8.5   2.4385e-01    8.5     3061
  658.7  3603.2   1.43     3.7    1.11       409   40.7   4.5416e-02   40.7     3061
  673.6  3684.6   1.57     6.4    2.25       971   20.5   1.0791e-01   20.5     3057
  678.8  3713.1   1.57     6.3    2.25      1300   14.6   1.4448e-01   14.6     3261
  698.2  3819.4   1.69    19.6    1.20      5482    6.8   6.0915e-01    6.8     3178
  708.3  3874.5   1.60     6.5    1.44      1121   21.4   1.2456e-01   21.4     2572
  714.2  3906.6   1.60     7.7    1.44      1225   19.7   1.3606e-01   19.7     2743
  721.2  3945.1   1.61   168.1    3.29    243553    0.4   2.7061e+01    0.4     2916
  726.1  3971.9   1.61    24.2    3.29      5746    5.7   6.3842e-01    5.7     2916
  729.3  3989.2   1.62     4.7    3.29       879   30.7   9.7628e-02   30.7     2916
  733.6  4013.0   1.62    20.7    3.29      8520    3.7   9.4664e-01    3.7     2916
  735.6  4023.9   1.62    24.9    3.29      9636    3.4   1.0706e+00    3.4     2916
  743.4  4066.5   1.62     5.9    2.16       714   20.7   7.9357e-02   20.7     2102
  751.0  4108.3   1.63     9.6    2.16      1169   13.6   1.2985e-01   13.6     2102
  755.8  4134.1   1.63     8.1    2.16      1578    9.9   1.7529e-01    9.9     2102
  765.0  4184.4   1.64     3.5    1.31       500   30.4   5.5582e-02   30.4     2032
  768.5  4203.8   1.64     8.6    1.31      1492   10.6   1.6575e-01   10.6     1913
  771.9  4222.5   1.64     3.5    1.31       318   45.4   3.5386e-02   45.4     2032
  781.8  4276.8   1.68     7.5    1.52      1003   16.5   1.1141e-01   16.5     2166
  788.7  4314.3   1.69    12.9    1.52      2650    6.7   2.9449e-01    6.7     2166
  792.5  4335.0   1.69    57.8    1.52     30751    1.1   3.4168e+00    1.1     2039
  796.0  4354.0   1.69     7.0    1.52       876   18.1   9.7349e-02   18.1     2039
  798.2  4366.3   1.70    16.7    1.52      4098    4.9   4.5534e-01    4.9     2166
  808.6  4423.1   1.76     7.2    1.55      1592   11.6   1.7694e-01   11.6     2045
  810.9  4435.6   1.76    12.3    1.55      2766    6.8   3.0731e-01    6.8     1931
  820.9  4490.4   1.87     3.4    1.16       395   33.1   4.3935e-02   33.1     1875
  828.0  4529.1   1.88    23.4    1.16      9064    2.4   1.0071e+00    2.4     1776
  829.6  4538.2   1.88     6.1    1.16       958   16.2   1.0642e-01   16.2     1776
  835.7  4571.2   1.88     9.7    1.16      2388    6.4   2.6531e-01    6.4     1776
  839.0  4589.4   1.89     6.3    1.16       950   14.7   1.0556e-01   14.7     1875
  850.2  4650.4   1.70     4.0    1.08       311   42.2   3.4539e-02   42.2     1672
  855.5  4679.9   1.71     3.3    1.08       383   34.1   4.2566e-02   34.1     1672
  879.9  4813.0   2.07     7.6    2.00      1479   10.7   1.6434e-01   10.7     1731
  885.4  4843.4   2.08    14.7    2.00      3305    5.9   3.6722e-01    5.9     1818
  892.0  4879.4   2.08     4.0    2.00       635   22.6   7.0599e-02   22.6     1818
  902.5  4936.5   1.74     5.6    1.03       679   16.9   7.5434e-02   16.9     1416
  911.4  4985.5   1.75     7.2    1.03      1167   10.9   1.2962e-01   10.9     1416
  924.6  5057.8   1.85    22.5    1.26      5649    3.2   6.2772e-01    3.2     1437
  930.5  5089.9   1.85     4.1    1.26      1246   11.0   1.3845e-01   11.0     1437
  934.2  5110.3   1.85     6.1    1.26       900   14.1   9.9951e-02   14.1     1437
  938.8  5135.2   1.86     9.7    1.26      1435   10.0   1.5941e-01   10.0     1437
  951.7  5205.8   1.78     4.3    1.15       394   31.4   4.3756e-02   31.4     1301
  955.5  5226.8   1.79     3.8    1.15       272   44.1   3.0196e-02   44.1     1301
  968.8  5299.5   1.80     4.4    1.07       482   28.1   5.3547e-02   28.1     1402
  986.5  5396.0   1.81     6.1    1.33      1093   11.7   1.2140e-01   11.7     1278
  992.7  5429.8   1.81     9.7    1.33      1361    9.8   1.5123e-01    9.8     1278
 1002.7  5484.7   1.82     7.4    1.05      1003   12.5   1.1139e-01   12.5     1250
 1007.8  5512.5   1.83     9.2    1.05      1626    8.1   1.8062e-01    8.1     1250
 1012.0  5535.8   1.83     5.1    1.05       727   16.6   8.0829e-02   16.6     1250
 1026.7  5615.9   1.86    23.5    0.92      6248    2.9   6.9423e-01    2.9     1139
 1033.7  5654.5   1.87     4.1    0.92       813   14.6   9.0388e-02   14.6     1202
 1036.0  5666.8   1.87     7.1    0.92      1223   10.7   1.3594e-01   10.7     1139
 1044.1  5711.0   1.85     9.3    0.93      1288   10.6   1.4313e-01   10.6     1121
 1070.6  5855.9   1.87     8.7    1.72      1160   12.8   1.2885e-01   12.8     1141
 1080.7  5911.5   1.74    11.5    1.10      1392    8.3   1.5462e-01    8.3     1088
 1089.3  5958.3   1.75     7.1    1.10       515   20.8   5.7213e-02   20.8     1088
 1106.4  6052.1   1.95    15.0    1.07      3467    5.0   3.8524e-01    5.0     1180
 1108.9  6065.4   1.95     5.9    1.07      1480   10.0   1.6439e-01   10.0     1180
 1120.4  6128.3   1.91     5.8    1.01       709   15.2   7.8725e-02   15.2     1075
 1124.2  6149.4   1.92     4.7    1.01       413   23.8   4.5935e-02   23.8     1075
 1133.7  6201.4   1.92     3.5    1.01       341   28.8   3.7864e-02   28.8     1075
 1143.9  6257.3   1.93     6.3    1.18       681   16.2   7.5686e-02   16.2     1142
 1150.8  6294.9   1.94     8.3    1.18      1122    9.9   1.2462e-01    9.9     1142
 1158.1  6334.7   1.94     4.1    1.18       413   25.6   4.5908e-02   25.6     1142
 1167.8  6387.7   1.95     4.8    0.90       448   27.9   4.9730e-02   27.9     1105
 1183.7  6474.9   1.96     8.0    0.75      1075   11.9   1.1941e-01   11.9     1073
 1207.6  6605.7   1.98     8.5    0.68      1088   11.9   1.2091e-01   11.9     1063
 1230.7  6731.8   2.00     8.2    1.07      1060   10.7   1.1781e-01   10.7     1101
 1240.4  6784.9   2.01     5.1    1.07       435   23.8   4.8305e-02   23.8     1101
 1254.0  6859.3   2.07    22.5    1.38      5296    3.7   5.8841e-01    3.7     1020
 1274.4  6971.1   2.03     4.3    0.80       234   42.6   2.6016e-02   42.6      751
 1293.5  7075.3   2.05     3.3    0.92       184   40.1   2.0472e-02   40.1      626
 1300.2  7111.9   2.05     3.6    0.92       276   27.4   3.0668e-02   27.4      626
 1305.1  7138.6   2.05     3.5    0.92       295   25.7   3.2794e-02   25.7      626
 1312.4  7178.4   2.06     9.6    0.92      1022    8.9   1.1353e-01    8.9      626
 1323.5  7239.3   2.21    17.5    0.80      3888    3.8   4.3198e-01    3.8      622
 1326.5  7255.9   2.21     6.1    0.80       637   16.5   7.0797e-02   16.5      652
 1344.4  7353.8   2.09     9.5    1.47       938    9.3   1.0423e-01    9.3      517
 1355.6  7415.2   2.09     3.4    1.47       278   25.8   3.0919e-02   25.8      517
 1362.5  7452.5   2.10     8.0    1.47       961    9.0   1.0678e-01    9.0      543
 1377.6  7535.4   2.12    10.8    1.30      1354    7.6   1.5048e-01    7.6      532
 1381.7  7557.5   2.13     9.3    1.30       814   11.6   9.0456e-02   11.6      532
 1387.5  7589.6   2.13     9.6    1.30      1139    8.3   1.2656e-01    8.3      532
 1395.1  7630.8   2.14     4.9    1.30       461   17.8   5.1174e-02   17.8      532
 1405.9  7690.1   2.13     5.6    1.02       784   25.6   8.7085e-02   25.6      651
 1408.4  7703.7   2.13     5.9    1.02       715   27.9   7.9455e-02   27.9      651
 1422.6  7781.7   2.15     5.1    1.05       607   13.6   6.7459e-02   13.6      348
 1436.5  7857.3   2.16     3.4    1.10       117   58.2   1.3038e-02   58.2      398
 1442.3  7889.0   2.16     3.8    1.10       295   24.9   3.2816e-02   24.9      417
 1446.1  7910.1   2.16     7.9    1.10       782   11.2   8.6838e-02   11.2      398
 1457.7  7973.4   2.30    13.1    1.07      2879    4.4   3.1987e-01    4.4      322
 1460.9  7990.7   2.30    22.9    1.07      6078    2.6   6.7531e-01    2.6      322
 1469.1  8036.0   2.31     4.4    1.07       256   24.4   2.8427e-02   24.4      308
 1476.8  8077.7   2.31    18.3    1.07      4723    2.9   5.2476e-01    2.9      322
 1496.0  8183.1   2.20     7.2    1.04       787   10.7   8.7467e-02   10.7      294
 1501.2  8211.6   2.21     9.2    1.04      1118    7.3   1.2428e-01    7.3      280
 1504.4  8228.7   2.21     6.7    1.04       228   28.4   2.5328e-02   28.4      294
 1509.2  8255.2   2.21     3.3    1.04       202   32.3   2.2464e-02   32.3      294
 1528.4  8360.0   2.23     8.1    0.96       714    9.6   7.9384e-02    9.6      214
 1536.6  8404.8   2.23     5.1    0.96       120   43.4   1.3336e-02   43.4      214
 1558.2  8523.2   2.25     6.8    1.51       563   13.6   6.2549e-02   13.6      231
 1571.3  8595.0   2.26     9.9    1.23       897    7.3   9.9673e-02    7.3      168
 1579.3  8638.4   2.27     3.6    1.23       170   24.7   1.8917e-02   24.7      168
 1582.8  8657.8   2.27     5.1    1.23        76   51.1   8.4624e-03   51.1      168
 1593.0  8713.3   2.28     4.0    1.23       419   12.2   4.6550e-02   12.2      168
 1600.9  8756.6   2.28     4.5    1.23       199   22.3   2.2143e-02   22.3      175
 1610.6  8809.7   2.29     6.5    1.03       220   21.8   2.4454e-02   21.8      128
 1613.3  8824.7   2.29     5.1    1.03       471   11.8   5.2307e-02   11.8      128
 1622.6  8875.3   2.30     4.0    1.03       248   19.0   2.7542e-02   19.0      128
 1635.8  8947.6   2.31     3.8    2.20       163   39.2   1.8069e-02   39.2      198
 1653.6  9045.0   2.32     8.2    1.18       624    8.6   6.9354e-02    8.6       92
 1663.9  9101.4   2.33     3.4    1.18        67   46.6   7.4404e-03   46.6       96
 1672.8  9150.1   2.34     5.5    1.18       231   17.4   2.5628e-02   17.4       92
 1677.6  9176.2   2.34     3.4    1.18        77   40.9   8.5007e-03   40.9       96
 1683.6  9209.2   2.35     5.1    1.18       364   12.1   4.0488e-02   12.1       96
 1688.2  9234.3   2.35     3.9    1.18       230   16.9   2.5603e-02   16.9       96
 1707.6  9340.1   2.36     3.3    1.19        65   44.1   7.2216e-03   44.1       60
 1716.0  9386.5   2.37     3.4    1.19       129   24.2   1.4306e-02   24.2       60
 1720.7  9411.8   2.37     5.3    1.19       251   14.6   2.7895e-02   14.6       60
 1729.3  9459.1   2.38     3.6    1.19       136   23.1   1.5074e-02   23.1       60
 1733.7  9482.9   2.38     4.0    1.19        79   38.4   8.7984e-03   38.4       63
 1740.5  9520.1   2.39     5.5    1.19       245   16.3   2.7268e-02   16.3       60
 1757.7  9614.4   2.40     3.3    1.39        60   55.6   6.6430e-03   55.6       61
 1764.5  9651.2   2.41     5.1    1.39       619    9.3   6.8794e-02    9.3       61
 1767.1  9665.5   2.41     5.0    1.39       603    9.5   6.6950e-02    9.5       61
 1786.7  9772.9   2.43     4.6    1.13        76   46.3   8.4719e-03   46.3       73
 1792.1  9802.5   2.43     4.2    1.13       125   29.6   1.3916e-02   29.6       70
 1797.9  9834.4   2.43     5.9    1.13       319   14.4   3.5405e-02   14.4       70
 1802.0  9856.7   2.44     5.4    1.13       223   20.6   2.4771e-02   20.6       73
 1847.2 10103.9   2.47     3.5    1.01        90   30.3   1.0055e-02   30.3       33
 1853.7 10139.5   2.48     3.6    1.01        51   49.1   5.6368e-03   49.1       33
 1919.4 10498.8   2.53     3.5    1.09       176   19.2   1.9513e-02   19.2       39
 1943.6 10631.1   2.55     3.6    0.75        81   34.4   8.9845e-03   34.4       38
 2103.5 11505.5   2.67     3.3    0.81       103   33.7   1.1398e-02   33.7       58
 2203.9 12054.8   2.75     4.3    0.92       176   18.6   1.9564e-02   18.6       37
 2214.3 12111.9   2.76     3.4    0.92        81   32.8   8.9954e-03   32.8       37
 2447.0 13384.4   2.93     3.4    0.74        71   36.0   7.9133e-03   36.0       21
 2614.3 14299.6   2.84    12.0    0.92       942    6.2   1.0468e-01    6.2       14

   indicates the Iterative Peak Width fitting reached a limiting value.
