
                       be used for evaluation purposes
                                                             7-Mar-2019 14:12
                       _________________________________

                       P E A K     F I T     R E P O R T
                       _________________________________

 Spectrum file Analysed: AQ02272019_32cm_Cu03_HPGE1.Chn   
 Sample Title :          Cu03

 Spectrum saved on 27-Feb-2019 at 14:08    Collected on 27-Feb-2019 at 13:36
 Sample  Taken  on 27-Feb-2019 at 13:36    Decayed      0 Days,     0 mins.

            Detector file number used:     1
            Energy     Calibration Performed on  6-Mar-2019 at 16:50
            Peak Shape Calibration Performed on  6-Mar-2019 at 16:52

 

   Datetime:  27-Feb-2019  13:36
   Live:      1854.00 
   Mass:      329
   Shelf:     30
   Detector:      1

   Reported Activity values were rounded     
   FitzPeaks Version: 3.71 23rd January 2014           
                                                                                                     
              


 Peak   Centre   FW@HM         Goodness   Peak      %      Gammas       %      2 Sigma
Energy  Channel  (KeV)  Signif  of Fit    Area   Uncert.  per sec.   Uncert. Background

   40.7   221.8   1.07    30.7    0.75     10679    2.8   5.7602e+00    2.8     3927
   63.1   344.6   1.06     3.3    1.16       813   23.1   4.3873e-01   23.1     4734
   64.6   352.9   1.06     6.0    1.16      1360   13.7   7.3336e-01   13.7     4734
   68.6   374.5   1.07     3.6    1.16       502   38.7   2.7094e-01   38.7     4734
   72.8   397.3   1.07     5.4    1.16      1489   12.9   8.0308e-01   12.9     4734
   74.7   408.1   1.07     9.4    1.16      2551    8.6   1.3761e+00    8.6     4734
   84.5   461.4   1.08     4.0    0.64       827   27.4   4.4611e-01   27.4     4914
  238.8  1305.4   1.21     3.3    1.05       444   37.3   2.3923e-01   37.3     3816
  243.7  1332.1   1.21     7.4    1.05      1183   14.5   6.3786e-01   14.5     3816
  247.3  1351.5   1.22     5.0    1.05       890   19.5   4.8022e-01   19.5     4134
  260.8  1425.8   1.23     4.8    1.30       688   29.5   3.7121e-01   29.5     3577
  352.0  1924.3   1.30     3.4    1.01       392   42.5   2.1133e-01   42.5     2675
  394.1  2154.4   1.34     5.1    0.83       567   23.2   3.0560e-01   23.2     1488
  507.8  2776.0   1.27    13.9    3.73      3707   16.9   1.9996e+00   16.9     3675
  511.1  2794.2   2.71    52.1    3.73    196356    1.0   1.0591e+02    1.0     7962
  538.9  2946.4   1.46     4.6    0.81       193   28.5   1.0393e-01   28.5      225
  548.6  2999.1   1.49    18.0    0.94      3459    3.4   1.8659e+00    3.4      208
  583.2  3188.6   1.50     3.5    1.18       207   25.2   1.1189e-01   25.2      180
  596.8  3262.6   1.53    22.3    1.10      5269    2.6   2.8420e+00    2.6      171
  609.4  3331.9   1.52     5.3    0.77       332   16.7   1.7898e-01   16.7      175
  911.0  4981.1   1.78     3.7    1.01       135   31.0   7.2913e-02   31.0      101
  968.9  5297.6   1.82     3.6    0.86        64   56.9   3.4534e-02   56.9       89
 1115.3  6098.5   2.03    10.1    0.80       904    6.8   4.8763e-01    6.8       67
 1120.1  6124.3   2.03     3.4    0.80       133   26.3   7.1946e-02   26.3       71
 1173.2  6414.8   2.00     3.7    0.93        80   38.0   4.3384e-02   38.0       55
 1345.7  7357.9   2.14     8.4    1.06       511    8.9   2.7562e-01    8.9       30
 1377.6  7532.4   2.17     3.5    0.96        72   33.4   3.8572e-02   33.4       23
 1460.5  7985.8   2.31    10.5    0.76      1036    5.9   5.5897e-01    5.9       20
 1764.2  9646.7   2.49     3.7    0.83        81   31.2   4.3428e-02   31.2       17
 2613.6 14291.4   3.21     5.0    0.58       183   17.7   9.8664e-02   17.7        0
