
                       be used for evaluation purposes
                                                             8-Mar-2019 15:48
                       _________________________________

                       P E A K     F I T     R E P O R T
                       _________________________________

 Spectrum file Analysed: AQ02272019_32cm_Cu04_HPGE2.Chn   
 Sample Title :          Cu04

 Spectrum saved on 27-Feb-2019 at 14:10    Collected on 27-Feb-2019 at 13:36
 Sample  Taken  on 27-Feb-2019 at 13:36    Decayed      0 Days,     0 mins.

            Detector file number used:     2
            Energy     Calibration Performed on  8-Mar-2019 at 11:34
            Peak Shape Calibration Performed on  8-Mar-2019 at 11:35

 

   Datetime:  27-Feb-2019  13:36
   Live:      1930.00 
   Mass:      429
   Shelf:     30
   Detector:      2

   Reported Activity values were rounded     
   FitzPeaks Version: 3.71 23rd January 2014           
                                                                                                     
              


 Peak   Centre   FW@HM         Goodness   Peak      %      Gammas       %      2 Sigma
Energy  Channel  (KeV)  Signif  of Fit    Area   Uncert.  per sec.   Uncert. Background

   41.0   223.1   1.03    12.4    0.48      2112    8.9   1.0944e+00    8.9     2506
   64.8   353.5   1.10     5.6    1.65       702   24.4   3.6382e-01   24.4     3292
   68.8   375.2   1.10     5.2    1.65       328   50.6   1.7004e-01   50.6     3292
   73.1   398.9   1.10     4.8    1.65      1132   14.4   5.8671e-01   14.4     3592
   75.0   409.4   1.11     7.7    1.65      1755    9.8   9.0935e-01    9.8     3292
   77.9   425.0   1.11     3.5    1.65       295   54.9   1.5273e-01   54.9     3592
   84.9   463.4   1.11     3.6    1.00       501   41.2   2.5957e-01   41.2     3457
  238.9  1306.1   1.26     3.6    1.25       414   35.5   2.1442e-01   35.5     2738
  243.6  1331.9   1.26     3.4    1.25       602   24.8   3.1213e-01   24.8     2738
  247.2  1351.6   1.26     3.5    1.25       309   46.7   1.5990e-01   46.7     2966
  260.8  1426.0   1.28     3.6    0.68       285   55.8   1.4793e-01   55.8     2452
  278.0  1520.2   1.29     3.5    0.85       353   44.7   1.8283e-01   44.7     2600
  295.3  1615.0   1.31     3.4    1.18       314   53.0   1.6274e-01   53.0     2914
  328.5  1796.5   1.34     3.6    0.78       482   36.0   2.4951e-01   36.0     2991
  351.8  1924.0   1.36     5.3    1.24       566   25.7   2.9326e-01   25.7     1906
  359.9  1968.7   1.37     3.7    0.82       384   34.3   1.9895e-01   34.3     1687
  394.1  2155.8   1.40     3.3    1.05       203   52.1   1.0506e-01   52.1     1047
  409.5  2239.8   1.41     5.2    1.24       310   33.9   1.6052e-01   33.9      872
  507.5  2776.6   1.28    11.5    2.40      2091   17.7   1.0836e+00   17.7     2184
  510.9  2795.2   2.79    41.5    2.40    120034    1.0   6.2194e+01    1.0     4536
  538.9  2948.1   1.53     7.5    1.11       499   13.6   2.5870e-01   13.6      201
  548.4  3000.4   1.52    12.0    0.98      1291    6.3   6.6872e-01    6.3      201
  583.1  3190.5   1.57     3.6    1.18       223   22.8   1.1577e-01   22.8      150
  596.6  3264.1   1.57    15.9    1.20      2140    4.5   1.1089e+00    4.5      152
  609.1  3332.8   1.59     5.2    0.78       447   12.9   2.3148e-01   12.9      181
  911.3  4986.6   1.87     3.7    0.76       162   24.4   8.3695e-02   24.4       91
  969.0  5302.8   1.92     3.4    0.75        77   47.0   4.0033e-02   47.0       95
 1115.5  6104.6   2.01    10.2    0.71       903    7.4   4.6782e-01    7.4       98
 1120.2  6130.3   2.02     3.5    0.71        93   41.6   4.8026e-02   41.6      103
 1173.2  6420.4   2.11     3.7    1.06        55   56.2   2.8620e-02   56.2       59
 1345.9  7365.4   2.27     6.5    1.07       395   10.6   2.0463e-01   10.6       25
 1377.6  7539.2   2.29     3.9    0.81       118   24.3   6.1039e-02   24.3       24
 1460.7  7994.0   2.40    11.8    0.96      1269    5.7   6.5759e-01    5.7       37
 1764.1  9654.8   2.65     4.0    0.64       121   22.4   6.2931e-02   22.4       15
 2614.2 14308.1   3.42     5.1    0.55       163   18.7   8.4630e-02   18.7        5
