
                       be used for evaluation purposes
                                                            16-Oct-2019 17:02
                       _________________________________

                       P E A K     F I T     R E P O R T
                       _________________________________

 Spectrum file Analysed: AQ_Ir08_IDM4_jobscript_020-039 
 Sample Title :                                                  

 Spectrum saved on 16-Oct-2019 at 17:01    Collected on 27-Feb-2019 at 16:23
 Sample  Taken  on 27-Feb-2019 at 12:40    Decayed      0 Days,     0 mins.

            Detector file number used:     6
            Energy     Calibration Performed on  8-Mar-2019 at 12:03
            Peak Shape Calibration Performed on  8-Mar-2019 at 12:04

 

   Datetime:  27-Feb-2019  12:40
   Live:      12000.0 
   Mass:      877
   Shelf:     25
   Detector:      6

   Reported Activity values were rounded     
   FitzPeaks Version: 3.71 23rd January 2014           
                                                                                                     
              


 Peak   Centre   FW@HM         Goodness   Peak      %      Gammas       %      2 Sigma
Energy  Channel  (KeV)  Signif  of Fit    Area   Uncert.  per sec.   Uncert. Background

   53.9   293.4   1.23    15.6    7.49     31834   48.6   2.6528e+00   48.6  1202418
   63.3   345.1   1.11   566.0  137.14   5847811    0.2   4.8732e+02    0.2   635950
   64.9   354.0   1.12   901.3  137.14  10592011    0.2   8.8267e+02    0.2   635950
   66.9   364.5   1.12   130.7  137.14    601804    2.4   5.0150e+01    2.4   582955
   71.1   387.5   1.22     3.3   39.26     60384   14.4   5.0320e+00   14.4   191253
   73.5   400.8   1.22   494.6   39.26   3909928    0.3   3.2583e+02    0.3   176542
   75.7   412.7   1.22   275.2   39.26   1441066    0.7   1.2009e+02    0.7   191253
   77.9   425.0   1.22    36.3   39.26     73973   11.3   6.1644e+00   11.3   176542
   82.5   449.9   1.09   244.4    2.22    665877    0.4   5.5490e+01    0.4   120104
   85.0   463.6   1.10    27.4    2.22     33479    6.6   2.7899e+00    6.6   110095
   87.5   477.1   1.10     9.6    2.22      9087   23.3   7.5725e-01   23.3   110095
   96.6   527.2   1.11   209.5    1.09    471435    0.4   3.9286e+01    0.4   113349
  129.5   707.1   1.16   206.6    4.45    488875    0.5   4.0740e+01    0.5   120491
  135.9   742.2   1.32     8.8    4.03     13647   11.3   1.1372e+00   11.3   125166
  138.4   755.5   1.32    10.7    4.03     15576    8.8   1.2980e+00    8.8   125166
  140.9   769.4   1.32    13.3    4.03     13363   10.4   1.1136e+00   10.4   125166
  172.3   941.1   1.17   214.5    1.25    478590    0.4   3.9882e+01    0.4   126896
  179.1   978.1   1.18    97.1    0.56    134857    1.1   1.1238e+01    1.1   118329
  179.1   978.1   1.18    97.1    0.56    134857    1.1   1.1238e+01    1.1   118329
  186.8  1020.4   1.19    57.1    0.70     98051    1.4   8.1709e+00    1.4   101776
  187.8  1025.9   1.19     9.5    0.70     52422    2.5   4.3685e+00    2.5   101776
  197.1  1076.9   1.15     8.4    3.36      6543   17.3   5.4521e-01   17.3    88561
  205.9  1125.0   1.28    17.6    1.78     13310    7.2   1.1091e+00    7.2    82549
  209.0  1141.6   1.29    18.7    1.78     17602    5.5   1.4668e+00    5.5    82549
  219.8  1200.7   1.21    85.1    0.79     97618    1.1   8.1348e+00    1.1    59801
  221.9  1212.2   1.21    14.9    0.79     15429    5.8   1.2857e+00    5.8    59801
  223.9  1223.1   1.21    24.9    0.79     19762    4.6   1.6468e+00    4.6    59801
  235.7  1287.9   1.19     3.4    1.04      2636   26.3   2.1964e-01   26.3    51533
  237.3  1296.3   1.19     4.0    1.04      3087   21.7   2.5727e-01   21.7    51533
  238.7  1304.3   1.19     3.3    1.04      2360   29.8   1.9663e-01   29.8    51533
  245.1  1339.2   1.19     3.4    1.39      1661   41.6   1.3840e-01   41.6    49065
  268.1  1464.8   1.25     8.9    0.79     79847    1.4   6.6539e+00    1.4    40824
  268.9  1469.3   1.25   105.5    0.79    169039    0.7   1.4087e+01    0.7    40824
  277.6  1516.9   1.22     3.8    1.01      1367   35.0   1.1392e-01   35.0    35027
  283.1  1546.8   1.23     3.8    1.01      1423   32.6   1.1858e-01   32.6    35027
  288.5  1576.8   1.23     3.5    1.01      1440   35.3   1.2003e-01   35.3    35027
  293.7  1604.8   1.32   148.9    1.53    247718    0.5   2.0643e+01    0.5    33701
  296.0  1617.6   1.33    76.7    1.53     86828    1.0   7.2357e+00    1.0    33701
  300.8  1644.0   1.33    46.2    1.53     33907    2.2   2.8256e+00    2.2    36293
  308.5  1686.2   1.30    84.3    1.12     83772    1.0   6.9810e+00    1.0    31215
  316.6  1730.2   1.30   146.0    0.82    224596    0.5   1.8716e+01    0.5    30838
  328.6  1795.6   1.31   334.8    1.91   1129349    0.2   9.4112e+01    0.2    29682
  351.3  1919.7   1.33   165.8    1.27    266125    0.5   2.2177e+01    0.5    27931
  360.0  1967.5   1.34   213.8    1.00    453277    0.4   3.7773e+01    0.4    25889
  361.1  1973.7   1.34     8.0    1.00     13954    7.4   1.1628e+00    7.4    25889
  364.9  1994.2   1.34     8.7    1.00      3633   24.8   3.0274e-01   24.8    27880
  371.3  2029.5   1.33    39.3    1.31     23388    2.2   1.9490e+00    2.2    18447
  374.6  2047.2   1.33     6.7    1.31      1469   27.6   1.2239e-01   27.6    18447
  380.2  2078.2   1.34     6.0    1.31      2095   19.2   1.7454e-01   19.2    18447
  397.4  2171.9   1.36    15.9    1.12      6642    6.5   5.5350e-01    6.5    16726
  407.3  2226.0   1.38    14.7    2.32     28032    2.4   2.3360e+00    2.4    16099
  409.5  2238.2   1.39   237.4    2.32    532704    0.3   4.4392e+01    0.3    16099
  416.3  2275.6   1.34     5.8    1.31      1600   21.4   1.3331e-01   21.4    11982
  420.8  2300.1   1.35     4.2    1.31      1095   30.1   9.1247e-02   30.1    12904
  423.2  2312.9   1.35     6.3    1.31      1817   18.0   1.5138e-01   18.0    12904
  424.7  2321.4   1.35     4.6    1.31      2612   13.2   2.1763e-01   13.2    11982
  431.7  2359.4   1.36     6.9    2.32      1992   19.5   1.6598e-01   19.5    10758
  445.2  2433.3   1.26    13.7    0.68      3418    8.5   2.8487e-01    8.5     8991
  447.8  2447.7   1.26     9.2    0.68      2049   14.0   1.7072e-01   14.0     8991
  456.5  2495.2   1.42   146.1    2.72    199582    0.6   1.6632e+01    0.6    11000
  468.1  2558.5   1.42    94.0    1.12     88119    0.8   7.3432e+00    0.8     8313
  474.0  2590.9   1.39     8.0    2.71      1847   18.4   1.5393e-01   18.4     7295
  477.8  2611.5   1.40     4.5    2.71      1248   24.2   1.0402e-01   24.2     6774
  479.9  2623.4   1.40     9.9    2.71      2466   12.5   2.0551e-01   12.5     7295
  482.8  2639.1   1.40     8.8    2.71      3167    9.9   2.6396e-01    9.9     7295
  484.6  2648.9   1.40    15.5    2.71      5679    5.9   4.7328e-01    5.9     7295
  494.7  2704.0   1.36    13.3    0.93      3269    7.9   2.7245e-01    7.9     5812
  502.5  2746.7   1.42     4.8    1.12       882   27.9   7.3504e-02   27.9     5390
  510.9  2792.8   2.88    10.2    2.33     15180    3.4   1.2650e+00    3.4    10179
  518.5  2834.2   1.46    46.4    2.33     26342    1.4   2.1952e+00    1.4     5089
  530.1  2897.8   1.44     4.4    0.89       981   23.8   8.1734e-02   23.8     4964
  538.9  2945.7   1.49   262.0    4.77    736480    0.3   6.1373e+01    0.3     4895
  541.7  2960.9   1.49    29.2    4.77     18880    2.5   1.5733e+00    2.5     4895
  557.9  3050.0   1.51    44.6    1.05     22380    1.6   1.8650e+00    1.6     2978
  569.2  3111.6   1.58    39.4    1.18     23492    1.5   1.9577e+00    1.5     2724
  576.4  3151.1   1.54    17.6    1.13      5759    4.0   4.7995e-01    4.0     2945
  583.4  3189.4   1.79    15.2    2.62      5522    4.3   4.6016e-01    4.3     3016
  588.6  3217.5   1.79    23.6    2.62     19580    2.2   1.6316e+00    2.2     3016
  594.2  3248.4   1.80    13.7    2.62      3603    6.3   3.0025e-01    6.3     3016
  604.9  3306.8   1.77    41.5    5.45     41263    1.5   3.4386e+00    1.5     3610
  609.1  3329.9   1.78    11.1    5.45      2378   12.9   1.9814e-01   12.9     3610
  612.4  3348.0   1.78    22.4    5.45      8788    4.3   7.3231e-01    4.3     3610
  622.0  3400.1   1.57    15.0    1.35     16698    2.0   1.3915e+00    2.0     2461
  624.1  3411.5   1.57    67.7    1.35     67186    0.8   5.5988e+00    0.8     2307
  628.6  3436.1   1.58     3.5    1.35       556   34.8   4.6371e-02   34.8     2461
  631.0  3449.6   1.58     8.5    1.35      2116    9.6   1.7631e-01    9.6     2307
  633.1  3461.2   1.58     4.2    1.35      1204   16.5   1.0033e-01   16.5     2461
  645.1  3526.9   1.59    61.8    0.97     52596    0.9   4.3830e+00    0.9     2010
  656.0  3586.1   1.55     5.0    0.94       619   24.3   5.1568e-02   24.3     2022
  658.8  3601.8   1.55     3.4    0.94       456   33.2   3.8016e-02   33.2     1896
  679.9  3717.0   1.57     4.1    0.86       353   41.4   2.9376e-02   41.4     1954
  700.6  3830.0   1.59     6.3    1.09      1140   14.1   9.4975e-02   14.1     1946
  721.3  3943.5   1.85     3.4    0.80       503   29.2   4.1900e-02   29.2     2131
  726.3  3970.9   1.85    12.4    0.80      2755    6.2   2.2962e-01    6.2     2018
  762.5  4168.8   1.64     6.2    1.47       573   22.6   4.7762e-02   22.6     1525
  768.5  4201.6   1.65     9.6    1.47      1425   10.0   1.1875e-01   10.0     1621
  784.6  4289.4   1.66     3.7    0.60       383   33.3   3.1955e-02   33.3     1517
  810.7  4432.4   1.62    11.7    1.15      1843    8.0   1.5358e-01    8.0     1326
  829.0  4532.2   1.90    11.1    0.70      2063    7.5   1.7194e-01    7.5     1396
  839.1  4587.5   1.71     5.4    0.97       600   18.2   5.0023e-02   18.2     1257
  846.9  4630.4   1.72     3.3    0.97       272   38.7   2.2633e-02   38.7     1257
  860.6  4704.8   1.73     3.4    1.29       224   59.0   1.8691e-02   59.0     1309
  884.3  4834.8   1.82     3.7    0.92       304   39.7   2.5359e-02   39.7     1355
  890.0  4865.7   1.83    11.5    0.92      1803    7.6   1.5024e-01    7.6     1355
  911.2  4981.8   1.77     7.7    0.85      1058   13.5   8.8128e-02   13.5     1389
  925.3  5059.1   1.82     3.7    0.67       500   23.8   4.1691e-02   23.8     1378
  931.3  5091.6   1.82     9.6    0.67      1788    7.7   1.4901e-01    7.7     1378
  935.2  5113.2   1.83     7.5    0.67       625   19.9   5.2086e-02   19.9     1378
  938.7  5132.3   1.83    44.4    0.67     19232    1.4   1.6026e+00    1.4     1378
  964.8  5274.7   1.82     3.6    1.22       228   52.6   1.9023e-02   52.6     1187
  969.0  5297.7   1.82     5.1    1.22       568   21.7   4.7321e-02   21.7     1187
 1000.2  5468.5   1.84    10.8    1.22      1545    8.9   1.2873e-01    8.9      995
 1036.1  5664.9   1.88     8.3    1.09      1009   12.2   8.4102e-02   12.2      800
 1048.7  5733.4   1.89     7.5    0.80       740   15.1   6.1627e-02   15.1      809
 1104.1  6036.8   1.94     8.6    1.08       836   13.6   6.9648e-02   13.6      713
 1120.6  6126.6   1.95     8.8    1.32       854   13.4   7.1194e-02   13.4      704
 1134.1  6200.8   1.97     3.8    0.88       223   42.2   1.8560e-02   42.2      650
 1150.8  6292.1   1.98    42.5    1.26     15566    1.7   1.2972e+00    1.7      821
 1175.3  6426.2   2.06    12.8    1.27      1547    7.7   1.2891e-01    7.7      749
 1183.6  6471.2   2.06    28.1    1.27      7656    2.4   6.3802e-01    2.4      749
 1200.3  6562.7   2.02     3.7    1.10       211   44.7   1.7543e-02   44.7      646
 1218.9  6664.2   2.04    11.6    0.99      1391    8.6   1.1592e-01    8.6      701
 1238.3  6770.4   2.06     4.8    0.98       441   23.6   3.6737e-02   23.6      666
 1267.7  6931.1   2.08     3.4    0.82       189   35.7   1.5738e-02   35.7      458
 1274.5  6968.4   2.09     8.9    0.82       835    9.5   6.9612e-02    9.5      481
 1281.3  7005.8   2.09     3.4    0.82       110   60.0   9.2056e-03   60.0      458
 1293.8  7073.9   2.10     9.3    0.98       981   10.0   8.1763e-02   10.0      429
 1316.4  7197.5   2.12     4.2    0.94       138   46.4   1.1521e-02   46.4      392
 1324.5  7241.9   2.13     3.3    0.94       156   42.3   1.2960e-02   42.3      392
 1342.2  7338.8   1.92    11.5    1.03       881    9.8   7.3398e-02    9.8      297
 1377.5  7531.9   2.15    13.3    1.05      1513    6.6   1.2610e-01    6.6      279
 1408.3  7700.4   2.20     5.5    1.04       455   16.0   3.7921e-02   16.0      242
 1460.8  7987.3   2.34    28.6    1.58      7922    2.2   6.6015e-01    2.2      241
 1468.9  8031.5   2.35    20.4    1.58      3933    3.6   3.2775e-01    3.6      241
 1478.8  8085.7   2.27     3.8    0.90       135   34.2   1.1277e-02   34.2      168
 1487.1  8131.2   2.27     7.0    0.90       345   15.6   2.8785e-02   15.6      168
 1511.9  8266.8   2.29     8.8    1.08       757   10.0   6.3078e-02   10.0      191
 1565.2  8558.1   2.34     5.6    0.83       427   13.4   3.5562e-02   13.4      136
 1622.1  8869.3   2.61    10.7    1.08      1295    6.2   1.0791e-01    6.2      125
 1670.3  9132.9   2.43     3.4    1.10       101   41.5   8.4088e-03   41.5       88
 1729.5  9456.9   2.48     3.7    0.98       115   38.1   9.6163e-03   38.1       94
 1757.5  9609.6   2.46     3.4    0.93       104   33.5   8.6848e-03   33.5       69
 1764.4  9647.7   2.47    10.2    0.93       776    7.7   6.4707e-02    7.7       69
 1780.8  9737.4   2.53     3.6    0.95        99   30.3   8.2238e-03   30.3       62
 1785.7  9763.9   2.53     3.4    0.95        88   32.7   7.3559e-03   32.7       60
 1797.4  9827.8   2.54     5.1    0.95       264   14.6   2.1979e-02   14.6       60
 1805.6  9872.9   2.55     8.9    0.95       574    9.1   4.7835e-02    9.1       60
 1847.7 10103.2   2.59     3.3    0.90       120   28.9   9.9769e-03   28.9       50
 1919.4 10494.9   2.65     4.5    0.56       182   23.0   1.5143e-02   23.0       79
 2043.7 11174.6   2.76     4.4    1.18       128   25.6   1.0642e-02   25.6       38
 2103.1 11499.9   2.81     3.9    1.11       170   21.2   1.4173e-02   21.2       51
 2203.8 12050.5   2.89     5.2    0.96       202   20.5   1.6862e-02   20.5       54
 2447.7 13383.9   3.11     3.5    0.60        67   42.2   5.5843e-03   42.2       40
 2614.0 14293.4   3.25    13.1    1.34      1279    5.8   1.0662e-01    5.8       16

   indicates the Iterative Peak Width fitting reached a limiting value.
