
                       be used for evaluation purposes
                                                            16-Oct-2019 17:15
                       _________________________________

                       P E A K     F I T     R E P O R T
                       _________________________________

 Spectrum file Analysed: AQ_Ir08_IDM4_jobscript_080-099 
 Sample Title :                                                  

 Spectrum saved on 16-Oct-2019 at 17:15    Collected on 28-Feb-2019 at  3:58
 Sample  Taken  on 28-Feb-2019 at  0:20    Decayed      0 Days,     0 mins.

            Detector file number used:     6
            Energy     Calibration Performed on  8-Mar-2019 at 12:03
            Peak Shape Calibration Performed on  8-Mar-2019 at 12:04

 

   Datetime:  28-Feb-2019   0:20
   Live:      12000.0 
   Mass:      877
   Shelf:     25
   Detector:      6

   Reported Activity values were rounded     
   FitzPeaks Version: 3.71 23rd January 2014           
                                                                                                     
              


 Peak   Centre   FW@HM         Goodness   Peak      %      Gammas       %      2 Sigma
Energy  Channel  (KeV)  Signif  of Fit    Area   Uncert.  per sec.   Uncert. Background

   53.9   293.6   1.23    15.7    4.01     29360   37.4   2.4467e+00   37.4  1055241
   63.3   345.1   1.10   558.8  133.20   5195355    0.3   4.3295e+02    0.3   508229
   65.0   354.0   1.10   876.8  133.20   9371345    0.1   7.8095e+02    0.1   554432
   66.9   364.6   1.10   138.5  133.20    548015    2.6   4.5668e+01    2.6   508229
   71.1   387.7   1.20     4.8   28.56     57130   13.8   4.7609e+00   13.8   150921
   73.5   400.8   1.20    16.7   28.56   3453909    0.3   2.8783e+02    0.3   150921
   75.7   412.7   1.20   269.7   28.56   1273402    0.7   1.0612e+02    0.7   150921
   77.9   425.0   1.21    36.1   28.56     64137   11.9   5.3447e+00   11.9   150921
   82.5   449.9   1.07   238.6    2.38    589071    0.4   4.9089e+01    0.4    91131
   85.0   463.6   1.08    25.7    2.38     27819    7.4   2.3182e+00    7.4    91131
   87.5   477.2   1.08     8.8    2.38      7561   26.2   6.3006e-01   26.2    91131
   96.6   527.2   1.10   193.4    1.51    420663    0.4   3.5055e+01    0.4    86170
  129.5   707.1   1.15   199.9    4.63    434795    0.9   3.6233e+01    0.9   102848
  136.0   742.4   1.32     8.8    3.95     13102    9.7   1.0919e+00    9.7   103628
  138.3   755.3   1.32     9.2    3.95     13870    8.9   1.1558e+00    8.9   103628
  140.9   769.5   1.32    14.9    3.95     12583   10.0   1.0486e+00   10.0   103628
  159.9   873.3   1.12     3.8    1.15      2545   40.3   2.1211e-01   40.3   100877
  161.5   881.8   1.12     3.4    1.15      2345   45.2   1.9538e-01   45.2   100877
  172.3   941.1   1.16   202.5    1.00    424696    0.4   3.5391e+01    0.4   105755
  179.1   978.1   1.16    91.4    0.86    119020    1.1   9.9183e+00    1.1    98312
  186.8  1020.5   1.18    57.3    0.74     95336    1.3   7.9447e+00    1.3    86538
  187.8  1025.8   1.18    10.8    0.74     45507    2.6   3.7923e+00    2.6    86538
  197.1  1076.9   1.29     9.1    1.97      7125   12.6   5.9373e-01   12.6    75265
  201.5  1100.6   1.29     3.8    1.97      1817   43.3   1.5145e-01   43.3    75265
  205.9  1124.9   1.30    16.8    1.97     14139    5.8   1.1782e+00    5.8    75265
  209.0  1141.6   1.30    17.6    1.97     15556    5.3   1.2963e+00    5.3    75265
  219.8  1200.7   1.19    77.0    1.02     85984    1.1   7.1653e+00    1.1    51936
  221.9  1212.1   1.20    13.1    1.02     12823    6.5   1.0686e+00    6.5    51936
  223.8  1222.9   1.20    24.5    1.02     17740    4.9   1.4783e+00    4.9    51936
  235.8  1288.4   1.19     3.3    2.30      2021   29.3   1.6838e-01   29.3    43698
  238.4  1302.5   1.19     3.6    2.30      2117   27.7   1.7642e-01   27.7    47339
  245.3  1340.5   1.19     3.3    2.30      1233   44.8   1.0272e-01   44.8    47339
  268.1  1465.0   1.22     8.3    1.01     75584    1.4   6.2987e+00    1.4    32124
  268.9  1469.4   1.22   100.6    1.01    145209    0.8   1.2101e+01    0.8    34801
  277.6  1517.2   1.22     4.9    1.27      1763   25.9   1.4689e-01   25.9    29834
  283.2  1547.5   1.23     3.6    1.27      1314   33.1   1.0953e-01   33.1    32321
  288.4  1576.0   1.23     3.6    1.27      1485   30.0   1.2374e-01   30.0    29834
  293.7  1604.8   1.32   117.1    2.46    164130    0.7   1.3678e+01    0.7    28896
  296.0  1617.7   1.32    79.6    2.46     87307    1.0   7.2756e+00    1.0    28896
  300.9  1644.1   1.32    34.2    2.46     21892    2.9   1.8244e+00    2.9    31118
  308.5  1686.2   1.28    83.8    1.12     82909    1.1   6.9091e+00    1.1    26956
  316.6  1730.2   1.28   147.5    0.90    223801    0.5   1.8650e+01    0.5    26429
  328.6  1795.7   1.30   270.1    2.51    746488    0.3   6.2207e+01    0.3    25034
  343.4  1876.8   1.28     3.7    1.18       848   57.8   7.0662e-02   57.8    24305
  351.3  1919.8   1.33   157.9    0.93    236992    0.5   1.9749e+01    0.5    24316
  360.0  1967.6   1.33   202.9    1.87    404643    0.4   3.3720e+01    0.4    22125
  361.2  1974.2   1.33     8.3    1.87     11904    6.1   9.9204e-01    6.1    22125
  364.8  1994.0   1.34     6.2    1.87      2309   27.0   1.9241e-01   27.0    23827
  371.3  2029.4   1.32    41.0    1.21     23188    2.1   1.9323e+00    2.1    16155
  374.6  2047.1   1.32     5.3    1.21      1300   28.2   1.0831e-01   28.2    17397
  380.1  2077.2   1.32     4.5    1.21      2203   17.3   1.8358e-01   17.3    16155
  397.4  2172.0   1.37    16.7    1.24      6495    6.5   5.4127e-01    6.5    14353
  407.3  2225.9   1.37    16.4    2.88     25636    2.3   2.1363e+00    2.3    13839
  409.5  2238.2   1.37   227.2    2.88    474935    0.4   3.9578e+01    0.4    13839
  416.2  2275.0   1.34     5.3    1.02      1742   17.9   1.4514e-01   17.9    10977
  420.8  2299.9   1.35     4.9    1.02      1296   22.6   1.0800e-01   22.6    10977
  423.4  2314.0   1.35     6.1    1.02      1754   16.6   1.4620e-01   16.6    10977
  424.8  2322.0   1.35     5.7    1.02      2640   11.4   2.2004e-01   11.4    10977
  431.8  2360.1   1.36     6.9    1.45      2221   15.2   1.8505e-01   15.2     9802
  445.2  2433.3   1.41    10.1    0.89      2944   10.3   2.4534e-01   10.3     8204
  447.8  2447.9   1.41     6.6    0.89      2179   13.7   1.8162e-01   13.7     8204
  456.5  2495.2   1.40   133.7    4.10    177501    0.6   1.4792e+01    0.6     9308
  468.1  2558.5   1.41    90.7    1.27     87405    0.8   7.2837e+00    0.8     7103
  473.9  2590.4   1.39     5.8    2.26      1651   16.9   1.3760e-01   16.9     5832
  477.8  2611.8   1.39     6.5    2.26      1207   21.6   1.0062e-01   21.6     6280
  479.9  2623.2   1.39    10.1    2.26      2248   12.0   1.8736e-01   12.0     6280
  482.9  2639.4   1.39     5.1    2.26      2424   11.1   2.0197e-01   11.1     6280
  484.6  2649.0   1.40    16.0    2.26      5747    4.9   4.7891e-01    4.9     6280
  494.7  2703.9   1.34    10.8    1.23      2693    9.0   2.2441e-01    9.0     5017
  502.6  2747.3   1.42     3.4    0.94       813   27.5   6.7729e-02   27.5     4615
  510.9  2793.0   2.85    11.1    1.31     14229    4.2   1.1857e+00    4.2     7917
  518.5  2834.2   1.43    46.4    1.31     25616    1.5   2.1346e+00    1.5     3958
  530.1  2897.7   1.44     4.2    1.05       840   25.8   6.9983e-02   25.8     4426
  538.9  2945.8   1.48   237.9    3.77    653143    0.3   5.4429e+01    0.3     4148
  541.7  2961.0   1.48    27.3    3.77     17140    2.3   1.4283e+00    2.3     3871
  558.0  3050.1   1.49    41.8    0.73     21539    1.5   1.7949e+00    1.5     2221
  569.2  3111.7   1.54    39.5    1.13     22424    1.5   1.8686e+00    1.5     2322
  576.4  3151.2   1.49    17.7    0.83      5047    4.1   4.2059e-01    4.1     2251
  583.5  3189.5   1.79    16.6    2.29      5232    4.9   4.3600e-01    4.9     2431
  588.5  3217.2   1.79    23.8    2.29     16746    2.0   1.3955e+00    2.0     2574
  594.2  3248.3   1.80     8.2    2.29      2583    7.7   2.1524e-01    7.7     2574
  604.9  3306.9   1.75    36.9    7.52     40206    1.8   3.3505e+00    1.8     2996
  609.2  3330.2   1.75    11.0    7.52      2425   12.4   2.0210e-01   12.4     2829
  612.5  3348.1   1.75    24.7    7.52      8424    5.1   7.0199e-01    5.1     2996
  622.0  3400.1   1.54     8.9    2.98     10674    2.8   8.8949e-01    2.8     2420
  624.1  3411.6   1.54    64.0    2.98     59688    0.9   4.9740e+00    0.9     2269
  631.1  3449.9   1.55     9.5    2.98      1727   12.4   1.4394e-01   12.4     2420
  645.2  3526.9   1.57    62.4    1.37     34564    1.1   2.8803e+00    1.1     1678
  656.1  3586.5   1.55     3.9    1.26       656   22.6   5.4693e-02   22.6     1555
  658.8  3601.6   1.55     3.8    1.26       479   29.8   3.9929e-02   29.8     1555
  680.0  3717.7   1.57     3.4    0.61       289   44.7   2.4081e-02   44.7     1471
  700.5  3829.4   1.59     6.3    1.32       710   20.6   5.9154e-02   20.6     1479
  726.4  3971.0   1.67    13.6    0.88      2368    6.8   1.9734e-01    6.8     1502
  762.6  4169.0   1.64     5.3    1.06       424   26.5   3.5318e-02   26.5     1203
  768.5  4201.5   1.65     9.3    1.06      1432    8.7   1.1933e-01    8.7     1278
  784.6  4289.5   1.66     3.5    1.05       384   31.2   3.1995e-02   31.2     1191
  794.9  4345.9   1.67     3.5    1.00       199   57.4   1.6569e-02   57.4     1084
  810.8  4432.5   1.77    12.8    1.12      2129    6.9   1.7746e-01    6.9     1128
  821.5  4491.3   1.70     3.3    1.06       169   48.9   1.4047e-02   48.9     1034
  829.0  4532.1   1.70    12.1    1.06      1946    5.9   1.6219e-01    5.9     1034
  835.3  4566.7   1.71     3.6    1.06       195   40.1   1.6228e-02   40.1     1034
  839.3  4588.4   1.71     7.0    1.06       631   15.1   5.2623e-02   15.1     1034
  846.7  4629.2   1.72     5.6    1.06       536   17.4   4.4657e-02   17.4     1034
  884.5  4835.7   1.64     4.6    0.94       368   27.3   3.0628e-02   27.3      927
  890.0  4865.8   1.64    12.0    0.94      1229    9.6   1.0240e-01    9.6      927
  911.2  4981.6   1.77     7.2    0.85      1102   11.2   9.1846e-02   11.2      958
  925.3  5058.9   1.84     4.7    0.86       351   30.8   2.9275e-02   30.8     1049
  931.4  5092.0   1.84    11.1    0.86      1629    7.7   1.3577e-01    7.7     1049
  935.4  5114.2   1.84     8.1    0.86       650   17.5   5.4176e-02   17.5     1049
  938.7  5132.4   1.85    36.6    0.86     12610    1.8   1.0508e+00    1.8     1049
  964.7  5274.4   1.82     3.6    0.83       235   43.7   1.9575e-02   43.7      927
  968.9  5297.0   1.82     6.8    0.83       651   17.1   5.4242e-02   17.1      927
 1000.2  5468.4   1.85     8.7    0.76      1056   10.5   8.7967e-02   10.5      782
 1036.1  5664.9   1.88     9.1    0.89       954   11.4   7.9533e-02   11.4      668
 1048.7  5733.9   1.89     5.3    1.29       519   20.7   4.3221e-02   20.7      625
 1104.2  6037.1   1.94     6.8    1.14       484   20.1   4.0365e-02   20.1      595
 1120.4  6125.9   1.95     9.4    1.00       817   12.9   6.8107e-02   12.9      642
 1150.8  6292.2   1.98    34.0    1.49     10445    2.1   8.7043e-01    2.1      593
 1175.3  6426.2   1.96    10.0    1.04      1062    9.7   8.8528e-02    9.7      612
 1183.6  6471.3   1.97    23.7    1.04      4880    3.1   4.0668e-01    3.1      612
 1200.4  6563.3   2.02     3.4    1.02       199   44.7   1.6543e-02   44.7      560
 1218.8  6664.1   2.04     8.0    1.00       976   10.9   8.1303e-02   10.9      620
 1238.3  6770.3   2.06     8.2    0.65       626   15.4   5.2146e-02   15.4      546
 1274.6  6969.0   2.09     8.8    0.95       783   11.6   6.5251e-02   11.6      414
 1293.6  7073.1   2.10     7.5    0.88       635   14.1   5.2941e-02   14.1      371
 1316.6  7198.6   2.12     3.5    0.79       114   51.9   9.5288e-03   51.9      330
 1324.5  7241.9   2.13     3.6    0.79       169   35.3   1.4059e-02   35.3      330
 1342.1  7338.3   2.15     7.0    0.86       591   13.3   4.9263e-02   13.3      308
 1377.6  7532.1   2.18     8.5    1.19       930    9.1   7.7470e-02    9.1      251
 1408.4  7700.9   2.20     4.7    0.99       408   16.4   3.3997e-02   16.4      223
 1433.9  7840.3   2.23     4.1    1.21       196   31.1   1.6300e-02   31.1      209
 1460.8  7987.3   2.26    30.1    1.16      7926    2.3   6.6054e-01    2.3      181
 1468.9  8031.7   2.27    17.8    1.16      2652    4.1   2.2098e-01    4.1      181
 1487.0  8130.7   2.27     3.5    0.97       178   28.6   1.4869e-02   28.6      137
 1512.0  8267.0   2.29     5.1    1.33       486   13.3   4.0488e-02   13.3      158
 1565.2  8557.9   2.34     5.2    0.99       307   17.4   2.5582e-02   17.4      108
 1588.5  8685.7   2.36     3.3    0.90       104   43.8   8.6623e-03   43.8      128
 1592.4  8706.7   2.36     3.4    0.90       104   43.9   8.7049e-03   43.9      128
 1622.1  8869.1   2.39     7.7    1.36       793    9.0   6.6092e-02    9.0      113
 1670.2  9132.4   2.43     3.9    0.70        77   50.4   6.4422e-03   50.4       91
 1729.5  9456.6   2.48     3.8    1.06       120   34.8   9.9935e-03   34.8       85
 1757.6  9610.2   2.51     3.3    0.96        63   48.6   5.2521e-03   48.6       61
 1764.4  9647.7   2.51     8.8    0.96       775    7.0   6.4609e-02    7.0       61
 1771.3  9685.2   2.52     3.5    0.96        72   44.6   6.0281e-03   44.6       61
 1797.4  9827.9   2.54     5.1    1.10       199   18.9   1.6608e-02   18.9       52
 1805.7  9873.6   2.55     5.6    1.10       339   12.6   2.8211e-02   12.6       54
 1847.7 10102.9   2.59     3.3    1.03        83   38.5   6.9241e-03   38.5       51
 1919.3 10494.7   2.65     3.6    0.89       102   35.8   8.5048e-03   35.8       65
 2043.6 11174.3   2.76     3.6    0.84        90   34.9   7.4929e-03   34.9       50
 2103.3 11500.7   2.81     3.7    1.14       126   24.0   1.0496e-02   24.0       49
 2118.7 11584.8   2.82     3.4    1.14        55   48.4   4.6102e-03   48.4       49
 2203.8 12050.4   2.89     7.5    0.97       279   15.5   2.3224e-02   15.5       43
 2614.1 14294.1   3.29    12.1    1.15      1210    5.9   1.0080e-01    5.9       22

   indicates the Iterative Peak Width fitting reached a limiting value.
