
                       be used for evaluation purposes
                                                            16-Oct-2019 17:12
                       _________________________________

                       P E A K     F I T     R E P O R T
                       _________________________________

 Spectrum file Analysed: AQ_Ir08_IDM4_jobscript_060-079 
 Sample Title :                                                  

 Spectrum saved on 16-Oct-2019 at 17:12    Collected on 28-Feb-2019 at  0:08
 Sample  Taken  on 27-Feb-2019 at 20:28    Decayed      0 Days,     0 mins.

            Detector file number used:     6
            Energy     Calibration Performed on  8-Mar-2019 at 12:03
            Peak Shape Calibration Performed on  8-Mar-2019 at 12:04

 

   Datetime:  27-Feb-2019  20:28
   Live:      12000.0 
   Mass:      877
   Shelf:     25
   Detector:      6

   Reported Activity values were rounded     
   FitzPeaks Version: 3.71 23rd January 2014           
                                                                                                     
              


 Peak   Centre   FW@HM         Goodness   Peak      %      Gammas       %      2 Sigma
Energy  Channel  (KeV)  Signif  of Fit    Area   Uncert.  per sec.   Uncert. Background

   53.8   293.3   1.23    15.0    9.85     33169   37.5   2.7641e+00   37.5  1096152
   63.3   345.1   1.10   558.9  139.04   5403936    0.3   4.5033e+02    0.3   531494
   65.0   354.0   1.11   884.8  139.04   9762444    0.2   8.1354e+02    0.2   579812
   66.9   364.5   1.11   137.0  139.04    565185    3.0   4.7099e+01    3.0   531494
   73.5   400.8   1.19   484.4   95.66   3506796    0.2   2.9223e+02    0.2   208970
   75.7   412.7   1.19   271.6   95.66   1266030    0.5   1.0550e+02    0.5   208970
   78.0   425.4   1.19    35.2   95.66     43088   10.7   3.5907e+00   10.7   208970
   82.5   449.9   1.08   241.9    1.98    615426    0.4   5.1285e+01    0.4    97016
   85.0   463.7   1.08    24.3    1.98     29218    7.4   2.4348e+00    7.4    97016
   87.5   477.2   1.09     7.6    1.98      7679   26.2   6.3989e-01   26.2    97016
   96.6   527.1   1.10   205.9    1.44    436674    0.4   3.6390e+01    0.4    91492
  129.5   707.1   1.15   201.8    2.49    453035    0.4   3.7753e+01    0.4   106842
  136.0   742.4   1.32     9.6    3.88     13548   10.2   1.1290e+00   10.2   110559
  138.4   755.6   1.32    10.3    3.88     14703    7.9   1.2253e+00    7.9   110559
  140.9   769.4   1.32    13.4    3.88     12571    9.4   1.0476e+00    9.4   110559
  172.3   941.1   1.17   209.0    1.70    442974    0.4   3.6914e+01    0.4   112014
  179.1   978.1   1.17    93.1    1.25    122983    1.2   1.0249e+01    1.2   105009
  186.8  1020.4   1.19    57.6    1.18     96480    1.4   8.0400e+00    1.4    90883
  187.8  1025.9   1.19    11.3    1.18     49502    2.6   4.1252e+00    2.6    90883
  197.2  1077.2   1.15     8.2    1.71      6581   14.5   5.4843e-01   14.5    79553
  205.9  1125.0   1.29    16.5    1.74     13788    6.7   1.1490e+00    6.7    74248
  209.0  1141.6   1.29    18.6    1.74     16692    5.5   1.3910e+00    5.5    74248
  219.8  1200.7   1.21    79.3    0.71     90228    1.0   7.5190e+00    1.0    52773
  221.9  1212.3   1.21    14.9    0.71     14042    5.2   1.1702e+00    5.2    52773
  223.9  1223.0   1.21    25.1    0.71     18772    3.7   1.5643e+00    3.7    52773
  228.4  1247.8   1.21     4.6    0.71      1724   40.3   1.4369e-01   40.3    52773
  235.6  1287.2   1.19     3.3    0.84      2147   29.5   1.7892e-01   29.5    46620
  237.2  1295.9   1.19     3.6    0.84      2829   22.4   2.3571e-01   22.4    46620
  238.7  1304.4   1.19     4.1    0.84      2542   26.9   2.1187e-01   26.9    46620
  268.1  1465.1   1.23     8.2    0.91     80981    1.3   6.7484e+00    1.3    34143
  268.9  1469.5   1.23    99.4    0.91    147829    0.8   1.2319e+01    0.8    36988
  277.7  1517.4   1.22     5.3    1.02      1717   26.8   1.4310e-01   26.8    34159
  283.1  1547.0   1.23     3.4    1.02      1542   30.1   1.2848e-01   30.1    31532
  288.2  1575.0   1.23     3.4    1.02      1219   40.2   1.0160e-01   40.2    31532
  293.7  1604.8   1.33   129.8    3.13    188590    0.7   1.5716e+01    0.7    30404
  296.0  1617.7   1.33    76.9    3.13     86745    1.1   7.2288e+00    1.1    30404
  300.8  1644.0   1.33    39.2    3.13     25589    2.7   2.1324e+00    2.7    32743
  308.6  1686.2   1.29    84.7    0.94     83251    1.0   6.9376e+00    1.0    28288
  316.6  1730.2   1.29   147.8    1.24    224553    0.5   1.8713e+01    0.5    27554
  328.6  1795.7   1.30   295.0    2.40    856609    0.2   7.1384e+01    0.2    26952
  343.2  1875.7   1.28     3.4    1.22       873   59.0   7.2723e-02   59.0    25547
  351.3  1919.8   1.33   160.9    0.78    245714    0.5   2.0476e+01    0.5    25650
  360.0  1967.6   1.34   208.5    1.87    420059    0.4   3.5005e+01    0.4    23158
  361.2  1974.3   1.34     6.7    1.87     12146    6.7   1.0121e+00    6.7    23158
  364.9  1994.6   1.34     7.5    1.87      2991   20.1   2.4925e-01   20.1    23158
  371.3  2029.4   1.30    41.0    1.07     22630    2.1   1.8859e+00    2.1    17010
  374.6  2047.2   1.31     3.9    1.07      1425   25.9   1.1871e-01   25.9    17010
  380.2  2077.7   1.31     6.4    1.07      2403   16.4   2.0029e-01   16.4    17010
  397.4  2172.0   1.37    15.3    0.83      6439    6.5   5.3661e-01    6.5    15217
  407.2  2225.8   1.37    14.0    1.39     25053    2.3   2.0878e+00    2.3    14432
  409.5  2238.2   1.38   234.0    1.39    493588    0.3   4.1132e+01    0.3    14432
  416.3  2275.2   1.34     4.2    1.09      1560   20.0   1.2998e-01   20.0    11703
  420.8  2300.0   1.35     5.6    1.09      1212   24.9   1.0103e-01   24.9    11703
  423.1  2312.7   1.35     6.8    1.09      1769   17.6   1.4743e-01   17.6    10868
  424.8  2321.8   1.35     7.5    1.09      3012   10.2   2.5098e-01   10.2    11703
  431.7  2359.7   1.36     7.9    1.85      2081   17.0   1.7341e-01   17.0    10544
  445.1  2433.0   1.37    12.1    1.30      3267    9.8   2.7223e-01    9.8     8681
  447.8  2447.8   1.37     7.5    1.30      2163   14.4   1.8023e-01   14.4     8681
  456.5  2495.2   1.42   142.2    3.16    184995    0.5   1.5416e+01    0.5     9715
  468.1  2558.5   1.41    96.0    1.12     87229    0.7   7.2691e+00    0.7     7591
  474.0  2590.7   1.37     6.8    1.97      1940   14.8   1.6165e-01   14.8     6205
  477.7  2611.3   1.38     5.8    1.97      1207   18.8   1.0057e-01   18.8     6205
  479.9  2623.4   1.38    11.6    1.97      2609    8.9   2.1743e-01    8.9     6205
  482.9  2639.8   1.38     5.9    1.97      2761    8.4   2.3007e-01    8.4     6205
  484.7  2649.2   1.38    15.8    1.97      5592    4.5   4.6600e-01    4.5     6205
  489.0  2673.1   1.39     3.3    1.97       483   43.5   4.0258e-02   43.5     6205
  494.7  2703.9   1.39    14.4    1.97      2962    8.0   2.4680e-01    8.0     6205
  502.6  2747.2   1.42     3.8    0.94       809   28.9   6.7423e-02   28.9     4861
  510.9  2792.8   2.88    10.8    2.48     14753    3.5   1.2294e+00    3.5     9376
  518.5  2834.2   1.46    46.8    2.48     25845    1.5   2.1538e+00    1.5     5023
  530.1  2897.6   1.44     4.1    1.20       836   27.9   6.9637e-02   27.9     4764
  538.9  2945.8   1.48   282.4    3.27    679137    0.3   5.6595e+01    0.3     4462
  541.7  2961.0   1.48    27.8    3.27     17426    2.4   1.4522e+00    2.4     4164
  557.9  3050.0   1.51    47.3    1.51     21991    1.5   1.8326e+00    1.5     2625
  569.2  3111.7   1.54    45.3    1.35     22908    1.5   1.9090e+00    1.5     2445
  576.5  3151.4   1.53    19.8    0.98      5416    4.0   4.5136e-01    4.0     2441
  583.4  3189.3   1.79    18.1    2.94      5285    4.6   4.4038e-01    4.6     2720
  588.5  3217.3   1.79    25.9    2.94     17765    2.2   1.4804e+00    2.2     2720
  594.2  3248.5   1.80    14.6    2.94      2693    9.1   2.2441e-01    9.1     2720
  604.1  3302.1   1.59     5.1    3.33      7542    5.3   6.2850e-01    5.3     3041
  605.1  3307.7   1.59    45.6    3.33     32898    1.5   2.7415e+00    1.5     3041
  609.2  3330.3   1.60    11.3    3.33      2327   10.3   1.9388e-01   10.3     3041
  612.4  3347.9   1.60    27.8    3.33      8108    3.6   6.7563e-01    3.6     3041
  618.5  3381.4   1.56     5.0    1.57       345   51.8   2.8711e-02   51.8     1993
  621.9  3400.0   1.56    11.0    1.57     12486    2.4   1.0405e+00    2.4     2126
  624.1  3411.6   1.56    75.3    1.57     62462    0.8   5.2052e+00    0.8     1993
  628.5  3436.0   1.56     3.9    1.57       552   31.0   4.5975e-02   31.0     2126
  631.0  3449.4   1.57    10.5    1.57      2220    8.2   1.8497e-01    8.2     1993
  633.2  3461.5   1.57     5.4    1.57      1256   14.2   1.0469e-01   14.2     1993
  645.2  3526.9   1.58    60.4    0.58     39742    1.0   3.3119e+00    1.0     1823
  656.0  3586.0   1.55     3.7    0.95       617   22.9   5.1398e-02   22.9     1823
  658.9  3601.9   1.55     4.1    0.95       461   30.4   3.8434e-02   30.4     1823
  680.2  3718.7   1.57     3.6    0.90       287   48.9   2.3931e-02   48.9     1585
  700.7  3830.7   1.59     4.7    1.32       788   18.6   6.5646e-02   18.6     1743
  721.1  3942.3   1.72     4.4    1.14       289   46.5   2.4100e-02   46.5     1706
  726.3  3970.8   1.73    12.0    1.14      2395    6.8   1.9957e-01    6.8     1706
  762.6  4169.0   1.64     3.8    1.11       393   29.6   3.2782e-02   29.6     1347
  768.5  4201.4   1.65     9.9    1.11      1383   10.1   1.1526e-01   10.1     1431
  784.9  4290.9   1.66     4.0    0.84       438   28.5   3.6512e-02   28.5     1255
  810.7  4432.3   1.65    14.6    0.94      2285    6.5   1.9042e-01    6.5     1227
  822.2  4494.8   1.90     3.3    1.09       188   52.3   1.5700e-02   52.3     1265
  829.0  4532.2   1.90    10.3    1.09      1987    6.0   1.6560e-01    6.0     1198
  834.8  4564.2   1.91     3.4    1.09       216   42.6   1.8016e-02   42.6     1265
  839.2  4588.1   1.91     5.2    1.09       587   17.3   4.8908e-02   17.3     1265
  846.9  4630.3   1.92     4.0    1.09       469   21.7   3.9045e-02   21.7     1265
  884.6  4836.1   1.75     4.6    0.85       371   28.8   3.0937e-02   28.8     1160
  890.0  4865.7   1.75     8.6    0.85      1297    9.6   1.0805e-01    9.6     1095
  911.1  4981.5   1.77     6.3    1.38      1117   12.3   9.3103e-02   12.3     1093
  925.3  5059.0   1.83     3.9    1.02       427   28.0   3.5559e-02   28.0     1181
  931.3  5091.7   1.83    11.8    1.02      1958    6.9   1.6316e-01    6.9     1181
  935.0  5112.1   1.83     8.4    1.02       679   18.0   5.6603e-02   18.0     1181
  938.7  5132.3   1.84    38.5    1.02     14488    1.7   1.2073e+00    1.7     1181
  964.6  5273.8   1.82     3.6    1.15       312   35.5   2.5963e-02   35.5     1035
  968.9  5297.4   1.82     5.1    1.15       573   20.1   4.7739e-02   20.1     1035
 1000.2  5468.6   1.85     8.9    0.94      1116   11.4   9.2963e-02   11.4      925
 1036.1  5665.0   1.88     8.6    0.94      1026   11.2   8.5531e-02   11.2      745
 1048.5  5732.8   1.89     5.6    0.96       577   18.4   4.8108e-02   18.4      696
 1104.1  6036.9   1.94     5.2    1.16       529   19.1   4.4070e-02   19.1      632
 1120.4  6125.8   1.95     7.8    1.03       854   12.7   7.1136e-02   12.7      661
 1134.1  6200.8   1.97     3.3    0.79       197   45.5   1.6453e-02   45.5      604
 1150.8  6292.3   1.99    37.4    0.98     12041    1.9   1.0034e+00    1.9      645
 1175.4  6426.4   2.02     9.7    1.22      1179    9.2   9.8216e-02    9.2      659
 1183.6  6471.4   2.03    26.4    1.22      5797    2.9   4.8310e-01    2.9      694
 1200.3  6562.6   2.02     3.9    1.13       196   48.1   1.6304e-02   48.1      583
 1218.9  6664.6   1.95    11.0    1.02      1009   10.9   8.4060e-02   10.9      622
 1238.3  6770.3   2.06     6.0    0.91       559   18.0   4.6568e-02   18.0      632
 1274.6  6969.3   2.09     7.2    1.27       753   12.9   6.2748e-02   12.9      467
 1293.7  7073.6   2.17    10.0    0.97       860   11.0   7.1651e-02   11.0      389
 1316.2  7196.5   2.12     3.7    0.92       165   37.2   1.3736e-02   37.2      362
 1324.4  7241.6   2.13     3.8    0.92       139   45.0   1.1559e-02   45.0      362
 1342.1  7338.3   2.15     7.4    1.06       653   13.0   5.4410e-02   13.0      304
 1377.6  7532.1   2.26    13.8    1.16      1885    5.6   1.5705e-01    5.6      242
 1401.2  7661.6   2.20     3.5    0.98        93   59.2   7.7569e-03   59.2      248
 1408.4  7700.6   2.20     5.9    0.98       544   12.0   4.5308e-02   12.0      248
 1434.1  7841.5   2.23     3.4    1.11       199   30.1   1.6563e-02   30.1      192
 1460.8  7987.3   2.31    27.2    1.44      7929    2.2   6.6076e-01    2.2      212
 1468.9  8031.7   2.32    18.1    1.44      2992    4.0   2.4932e-01    4.0      212
 1487.2  8131.6   2.27     4.2    0.87       236   22.5   1.9673e-02   22.5      145
 1509.2  8251.9   2.29     5.1    1.04       135   39.3   1.1243e-02   39.3      142
 1512.0  8267.4   2.29     5.9    1.04       589   11.1   4.9111e-02   11.1      148
 1565.1  8557.6   2.34     6.5    1.10       359   14.9   2.9927e-02   14.9      113
 1588.1  8683.5   2.36     3.5    1.08        83   59.1   6.9380e-03   59.1      153
 1592.4  8706.9   2.36     3.4    1.08       106   47.6   8.8257e-03   47.6      153
 1622.2  8870.0   2.39     8.2    1.13       880    7.6   7.3317e-02    7.6       98
 1630.3  8914.2   2.40     3.3    1.13        69   52.1   5.7552e-03   52.1       94
 1661.6  9085.1   2.42     3.5    0.95        63   51.2   5.2158e-03   51.2       82
 1670.6  9134.7   2.43     3.7    0.95        87   39.6   7.2269e-03   39.6       79
 1729.7  9457.8   2.48     4.6    1.13       135   29.5   1.1291e-02   29.5       70
 1757.7  9611.0   2.51     3.8    1.34       138   28.0   1.1538e-02   28.0       68
 1764.5  9648.2   2.51     9.0    1.34       778    7.8   6.4837e-02    7.8       68
 1797.3  9827.4   2.54     4.6    0.84       232   17.0   1.9343e-02   17.0       67
 1805.6  9872.7   2.55     7.7    0.84       413   11.5   3.4435e-02   11.5       67
 1847.6 10102.2   2.58     3.4    1.09        98   38.9   8.2010e-03   38.9       66
 1919.4 10495.0   2.65     5.7    1.22       211   21.2   1.7556e-02   21.2       70
 2043.5 11173.7   2.76     3.3    0.63        82   38.0   6.8429e-03   38.0       45
 2103.3 11500.8   2.81     3.6    1.08       123   26.2   1.0237e-02   26.2       54
 2118.5 11583.7   2.82     3.4    1.08        43   56.5   3.5739e-03   56.5       54
 2204.0 12051.5   2.89     3.9    1.13       216   18.7   1.7964e-02   18.7       42
 2447.5 13382.9   3.11     3.3    0.82        46   58.5   3.8656e-03   58.5       36
 2614.1 14294.1   3.20    12.9    1.10      1259    5.6   1.0494e-01    5.6       18

   indicates the Iterative Peak Width fitting reached a limiting value.
