
                       be used for evaluation purposes
                                                            16-Oct-2019 15:49
                       _________________________________

                       P E A K     F I T     R E P O R T
                       _________________________________

 Spectrum file Analysed: QM_Ir08_IDM4_jobscript_000-019 
 Sample Title :                                                  

 Spectrum saved on 16-Oct-2019 at 15:49    Collected on 27-Feb-2019 at 12:29
 Sample  Taken  on 27-Feb-2019 at  8:44    Decayed      0 Days,     0 mins.

            Detector file number used:     6
            Energy     Calibration Performed on  8-Mar-2019 at 12:03
            Peak Shape Calibration Performed on  8-Mar-2019 at 12:04

 

   Datetime:  27-Feb-2019   8:44
   Live:      12000.0 
   Mass:      877
   Shelf:     25
   Detector:      6

   Reported Activity values were rounded     
   FitzPeaks Version: 3.71 23rd January 2014           
                                                                                                     
              


 Peak   Centre   FW@HM         Goodness   Peak      %      Gammas       %      2 Sigma
Energy  Channel  (KeV)  Signif  of Fit    Area   Uncert.  per sec.   Uncert. Background

The Peak at Channel 158 was dropped, too near LLD Step

   53.8   293.2   1.23    15.8   11.92     38630   34.5   3.2192e+00   34.5  1152617
   63.3   345.2   1.11   569.0  141.22   6098353    0.3   5.0820e+02    0.3   665507
   65.0   354.0   1.11   903.7  141.22  11028626    0.2   9.1905e+02    0.2   665507
   66.9   364.5   1.11   134.4  141.22    624432    2.8   5.2036e+01    2.8   610048
   71.1   387.5   1.21     4.4   38.94     61521   12.6   5.1267e+00   12.6   209164
   73.5   400.8   1.22   493.2   38.94   4072488    0.2   3.3937e+02    0.2   193074
   75.7   412.7   1.22   273.9   38.94   1496718    0.6   1.2473e+02    0.6   193074
   77.9   425.0   1.22    33.8   38.94     72877   10.3   6.0731e+00   10.3   193074
   82.5   449.9   1.09   245.0    2.29    692518    0.4   5.7710e+01    0.4   116308
   85.0   463.6   1.09    28.4    2.29     36564    6.1   3.0470e+00    6.1   116308
   87.5   477.2   1.09     8.8    2.29      9410   23.0   7.8414e-01   23.0   116308
   96.6   527.2   1.11   216.9    1.16    492266    0.4   4.1022e+01    0.4   110724
  129.5   707.1   1.16   212.1    3.61    509801    0.5   4.2483e+01    0.5   127450
  135.9   742.2   1.32     9.8    3.83     14629    9.9   1.2191e+00    9.9   132901
  138.3   755.3   1.32    12.0    3.83     17334    8.1   1.4445e+00    8.1   132901
  140.9   769.3   1.32    14.4    3.83     14533    9.5   1.2111e+00    9.5   132901
  161.4   881.7   1.12     3.4    1.98      2395   51.9   1.9956e-01   51.9   132306
  172.3   941.1   1.17   217.8    0.83    499670    0.4   4.1639e+01    0.4   135613
  179.1   978.1   1.18    98.0    0.60    138981    1.1   1.1582e+01    1.1   126175
  186.8  1020.5   1.20    54.1    0.79     99012    1.5   8.2510e+00    1.5   116669
  187.8  1025.9   1.20    11.2    0.79     55162    2.5   4.5968e+00    2.5   107694
  197.2  1077.0   1.15     6.9    1.87      6109   17.8   5.0910e-01   17.8    93249
  205.9  1124.9   1.28    16.7    1.57     13712    7.0   1.1427e+00    7.0    86854
  209.0  1141.6   1.28    18.9    1.57     18753    5.0   1.5627e+00    5.0    86854
  219.8  1200.7   1.21    83.3    0.82    101831    1.1   8.4859e+00    1.1    63425
  221.9  1212.1   1.22    12.9    0.82     15064    6.6   1.2553e+00    6.6    63425
  223.8  1222.9   1.22    24.9    0.82     19781    4.9   1.6484e+00    4.9    63425
  236.1  1290.1   1.19     3.6    2.24      3048   21.2   2.5400e-01   21.2    53363
  238.5  1302.8   1.19     4.7    2.24      2746   27.1   2.2881e-01   27.1    53363
  245.1  1339.1   1.19     3.4    2.24      1820   32.9   1.5167e-01   32.9    53363
  268.1  1464.9   1.23     8.8    0.96     87380    1.3   7.2817e+00    1.3    39790
  268.9  1469.4   1.23   108.0    0.96    171514    0.7   1.4293e+01    0.7    43105
  277.8  1517.8   1.22     3.5    0.97      1520   31.8   1.2664e-01   31.8    36764
  283.2  1547.5   1.23     3.4    0.97      1577   30.4   1.3142e-01   30.4    39827
  288.5  1576.3   1.23     5.2    0.97      1478   34.5   1.2313e-01   34.5    36764
  293.7  1604.8   1.32   164.2    2.14    283815    0.5   2.3651e+01    0.5    35457
  296.0  1617.7   1.32    74.8    2.14     86330    1.1   7.1942e+00    1.1    35457
  300.9  1644.1   1.32    49.8    2.14     38578    1.9   3.2148e+00    1.9    38184
  308.5  1686.1   1.30    82.7    0.73     83471    1.0   6.9559e+00    1.0    32966
  316.6  1730.2   1.30   145.9    1.60    225325    0.6   1.8777e+01    0.6    32015
  328.6  1795.6   1.31   360.0    4.21   1304087    0.2   1.0867e+02    0.2    31556
  343.2  1875.5   1.28     3.6    0.86      1124   45.8   9.3654e-02   45.8    28863
  351.3  1919.8   1.34   169.8    1.08    277004    0.4   2.3084e+01    0.4    28870
  360.0  1967.5   1.33   218.0    2.11    470118    0.4   3.9176e+01    0.4    26235
  361.1  1973.5   1.33     8.1    2.11     15951    6.0   1.3292e+00    6.0    26235
  364.9  1994.1   1.34     8.7    2.11      4245   15.3   3.5376e-01   15.3    28253
  371.3  2029.4   1.35    39.8    1.45     24022    2.2   2.0019e+00    2.2    19059
  374.5  2046.9   1.35     4.7    1.45      1448   28.6   1.2068e-01   28.6    20526
  380.2  2077.8   1.36     6.4    1.45      2454   17.4   2.0452e-01   17.4    20526
  392.7  2146.4   1.40     3.4    1.33      1234   32.5   1.0281e-01   32.5    17656
  397.3  2171.8   1.40    16.6    1.33      6585    6.4   5.4872e-01    6.4    17656
  407.3  2225.9   1.38    14.4    2.55     27150    2.6   2.2625e+00    2.6    16550
  409.5  2238.2   1.38   243.1    2.55    556684    0.3   4.6390e+01    0.3    16550
  416.2  2274.9   1.34     6.3    1.05      1763   19.0   1.4694e-01   19.0    13524
  420.9  2300.5   1.35     4.3    1.05      1097   29.1   9.1432e-02   29.1    12558
  423.2  2313.2   1.35     6.4    1.05      1801   18.4   1.5005e-01   18.4    13524
  424.8  2321.7   1.35     8.0    1.05      3081   10.8   2.5675e-01   10.8    12558
  431.8  2360.0   1.36     6.5    2.07      2046   18.3   1.7047e-01   18.3    12173
  445.1  2432.8   1.48    11.2    0.76      3990    8.6   3.3254e-01    8.6    10698
  447.8  2447.7   1.48     5.7    0.76      2334   13.8   1.9453e-01   13.8    10698
  456.5  2495.2   1.42   143.2    1.97    207000    0.8   1.7250e+01    0.8    12341
  468.1  2558.5   1.42    89.1    1.14     87927    0.8   7.3273e+00    0.8     8546
  472.6  2583.4   1.42     6.2    0.97      1594   16.0   1.3284e-01   16.0     6791
  474.2  2592.1   1.42     6.9    0.97      2419   11.0   2.0156e-01   11.0     6791
  477.7  2611.1   1.42     5.8    0.97      1773   14.0   1.4774e-01   14.0     6791
  479.9  2623.5   1.42    10.6    0.97      3239    7.8   2.6992e-01    7.8     7276
  482.8  2639.1   1.43     8.3    0.97      4038    6.4   3.3652e-01    6.4     6791
  484.6  2649.1   1.43    13.9    0.97      5815    4.7   4.8457e-01    4.7     6791
  489.1  2673.6   1.43     3.4    0.97       783   29.6   6.5225e-02   29.6     7276
  494.7  2703.9   1.44    13.1    0.97      3469    7.7   2.8909e-01    7.7     6791
  502.6  2747.2   1.42     4.7    1.08       761   32.8   6.3407e-02   32.8     5699
  511.0  2793.2   2.91    10.3    1.53     15869    4.2   1.3224e+00    4.2     9781
  518.5  2834.1   1.49    44.3    1.53     26707    1.6   2.2256e+00    1.6     5240
  530.1  2897.7   1.44     6.1    0.85      1217   20.2   1.0139e-01   20.2     5578
  538.9  2945.7   1.49   254.3    4.21    764681    0.3   6.3723e+01    0.3     5372
  541.7  2960.9   1.49    28.9    4.21     19811    2.4   1.6509e+00    2.4     5372
  558.0  3050.0   1.52    50.7    1.49     22509    1.5   1.8757e+00    1.5     3123
  562.5  3074.7   1.52     4.1    1.49       324   50.8   2.6994e-02   50.8     2928
  569.2  3111.7   1.53    48.3    1.49     23799    1.4   1.9833e+00    1.4     2928
  576.4  3151.1   1.55    22.8    1.20      6278    3.9   5.2313e-01    3.9     2931
  583.4  3189.4   1.79    19.7    3.07      5689    4.5   4.7411e-01    4.5     3108
  588.6  3217.6   1.79    27.2    3.07     20870    2.1   1.7392e+00    2.1     3108
  594.2  3248.5   1.80    16.4    3.07      4184    5.6   3.4868e-01    5.6     3108
  602.9  3295.7   1.73     6.1    5.12      2401   16.2   2.0009e-01   16.2     3472
  604.9  3306.9   1.73    44.9    5.12     40220    1.5   3.3517e+00    1.5     3472
  609.2  3330.2   1.73    11.2    5.12      2447   11.6   2.0392e-01   11.6     3472
  612.4  3347.9   1.73    26.4    5.12      8507    4.6   7.0888e-01    4.6     3472
  622.0  3400.1   1.57    18.6    1.63     19401    2.0   1.6167e+00    2.0     2759
  624.1  3411.5   1.57    77.5    1.63     70149    0.8   5.8458e+00    0.8     2586
  631.0  3449.6   1.53     8.7    1.69      1595   23.6   1.3292e-01   23.6     2825
  633.0  3460.5   1.53     4.4    1.69       766   47.7   6.3856e-02   47.7     2825
  645.1  3526.9   1.59    75.0    1.38     60927    0.9   5.0772e+00    0.9     2231
  656.0  3586.5   1.55     3.8    1.01       655   24.2   5.4565e-02   24.2     1974
  658.8  3601.5   1.55     4.4    1.01       597   26.3   4.9727e-02   26.3     1974
  700.6  3830.0   1.59     7.6    1.21      1336   12.5   1.1132e-01   12.5     2127
  721.3  3943.2   1.73     3.5    0.91       278   51.5   2.3192e-02   51.5     2097
  726.4  3971.2   1.73    11.8    0.91      2517    6.8   2.0974e-01    6.8     2097
  762.7  4169.7   1.64     5.1    1.08       459   28.4   3.8262e-02   28.4     1577
  768.5  4201.5   1.65     9.1    1.08      1411    9.9   1.1761e-01    9.9     1676
  784.6  4289.7   1.66     3.6    0.70       412   32.2   3.4330e-02   32.2     1588
  810.7  4432.4   1.71    10.2    1.33      1516   10.0   1.2636e-01   10.0     1460
  828.9  4531.7   1.87    11.8    1.09      2325    7.2   1.9372e-01    7.2     1454
  839.1  4587.7   1.71     4.8    0.96       578   19.2   4.8159e-02   19.2     1337
  847.0  4630.8   1.72     4.0    0.96       262   41.6   2.1851e-02   41.6     1337
  884.8  4837.3   1.74     3.4    1.00       261   45.6   2.1788e-02   45.6     1363
  889.9  4865.4   1.75    13.1    1.00      2009    7.1   1.6740e-01    7.1     1363
  911.2  4981.6   1.77     8.4    0.61      1128   12.7   9.3990e-02   12.7     1392
  925.4  5059.2   1.83     5.0    1.14       527   24.8   4.3877e-02   24.8     1465
  931.3  5091.7   1.84    10.0    1.14      1344   11.0   1.1201e-01   11.0     1465
  935.0  5112.1   1.84     7.2    1.14       670   19.8   5.5833e-02   19.8     1465
  938.7  5132.3   1.84    47.9    1.14     22364    1.4   1.8637e+00    1.4     1465
  964.9  5275.7   1.82     3.4    1.00       270   44.2   2.2509e-02   44.2     1234
  968.9  5297.3   1.82     6.2    1.00       712   18.1   5.9307e-02   18.1     1234
 1000.3  5468.8   2.02    10.3    0.71      1828    7.7   1.5230e-01    7.7     1106
 1036.1  5664.8   1.88     8.4    0.93      1054   11.6   8.7825e-02   11.6      835
 1048.6  5733.3   1.89     7.1    0.86       872   13.2   7.2651e-02   13.2      822
 1104.2  6036.9   1.94     7.9    1.43       835   14.3   6.9580e-02   14.3      697
 1120.5  6126.1   1.95     6.9    0.97       938   12.1   7.8182e-02   12.1      732
 1133.9  6199.7   1.97     3.9    0.79       195   47.0   1.6265e-02   47.0      645
 1150.8  6292.1   2.00    45.1    1.22     18250    1.5   1.5208e+00    1.5      802
 1175.3  6426.1   2.06    13.2    1.39      1724    7.3   1.4369e-01    7.3      745
 1183.6  6471.1   2.07    30.1    1.39      8821    2.3   7.3509e-01    2.3      745
 1200.1  6561.4   2.02     4.1    0.88       200   47.6   1.6638e-02   47.6      644
 1218.8  6664.1   2.09    12.0    0.95      1480    8.5   1.2337e-01    8.5      770
 1238.3  6770.3   2.06     6.1    0.73       463   21.5   3.8625e-02   21.5      662
 1267.2  6928.8   2.08     3.6    1.12       203   39.1   1.6920e-02   39.1      485
 1274.7  6969.4   2.09     9.2    1.12       753   11.8   6.2790e-02   11.8      509
 1293.7  7073.6   2.14    10.3    0.76      1306    8.0   1.0881e-01    8.0      464
 1316.6  7199.0   2.12     3.6    1.21       116   59.6   9.6882e-03   59.6      375
 1324.5  7241.6   2.13     3.7    1.21       186   36.7   1.5514e-02   36.7      394
 1342.2  7338.4   2.21    11.0    0.93      1051    9.0   8.7615e-02    9.0      348
 1377.6  7532.4   2.18     8.2    1.07       644   12.5   5.3626e-02   12.5      286
 1408.3  7700.2   2.20     6.0    0.80       358   18.9   2.9848e-02   18.9      260
 1460.8  7987.2   2.33    28.6    1.34      8171    2.0   6.8095e-01    2.0      185
 1468.9  8031.7   2.34    22.5    1.34      4676    3.0   3.8963e-01    3.0      193
 1479.1  8087.6   2.27     3.6    1.17       147   32.4   1.2220e-02   32.4      161
 1487.1  8130.9   2.27     7.4    1.17       354   16.7   2.9475e-02   16.7      161
 1512.0  8267.5   2.29     9.6    1.26       905    8.7   7.5427e-02    8.7      199
 1565.1  8557.8   2.34     8.4    1.14       481   13.3   4.0058e-02   13.3      136
 1592.0  8704.9   2.36     3.3    1.23        99   56.6   8.2134e-03   56.6      188
 1622.1  8869.4   2.56    11.2    0.99      1488    5.7   1.2397e-01    5.7      126
 1670.4  9133.5   2.43     3.5    1.22       108   38.6   8.9668e-03   38.6       90
 1729.4  9456.1   2.48     3.4    0.78       130   32.9   1.0792e-02   32.9       95
 1764.4  9647.7   2.51    10.0    0.98       752    8.6   6.2670e-02    8.6       86
 1779.7  9731.4   2.53     3.3    0.94        77   36.9   6.4042e-03   36.9       65
 1785.4  9762.4   2.53     3.8    0.94        93   31.7   7.7802e-03   31.7       65
 1797.3  9827.4   2.54     5.1    0.94       312   13.3   2.6019e-02   13.3       65
 1805.6  9873.0   2.55    10.0    0.94       598    9.0   4.9853e-02    9.0       62
 1847.5 10101.7   2.59     3.3    0.95        89   38.0   7.4342e-03   38.0       56
 2043.8 11175.3   2.76     3.7    1.00       136   25.4   1.1325e-02   25.4       43
 2103.0 11499.1   2.81     3.9    1.37       132   33.0   1.1002e-02   33.0       66
 2203.9 12050.7   2.89     3.6    0.97       215   18.5   1.7925e-02   18.5       46
 2375.3 12988.4   3.04     3.6    0.81        66   48.2   5.4771e-03   48.2       50
 2447.3 13382.2   3.11     3.6    0.98        67   41.9   5.5555e-03   41.9       27
 2614.1 14293.9   3.27    13.6    0.96      1308    5.6   1.0902e-01    5.6       18

   indicates the Iterative Peak Width fitting reached a limiting value.
