
                       be used for evaluation purposes
                                                            16-Oct-2019 17:18
                       _________________________________

                       P E A K     F I T     R E P O R T
                       _________________________________

 Spectrum file Analysed: AQ_Ir08_IDM4_jobscript_100-125 
 Sample Title :                                                  

 Spectrum saved on 16-Oct-2019 at 17:17    Collected on 28-Feb-2019 at  8:56
 Sample  Taken  on 28-Feb-2019 at  4:10    Decayed      0 Days,     0 mins.

            Detector file number used:     6
            Energy     Calibration Performed on  8-Mar-2019 at 12:03
            Peak Shape Calibration Performed on  8-Mar-2019 at 12:04

 

   Datetime:  28-Feb-2019   4:10
   Live:      15600.0 
   Mass:      877
   Shelf:     25
   Detector:      6

   Reported Activity values were rounded     
   FitzPeaks Version: 3.71 23rd January 2014           
                                                                                                     
              


 Peak   Centre   FW@HM         Goodness   Peak      %      Gammas       %      2 Sigma
Energy  Channel  (KeV)  Signif  of Fit    Area   Uncert.  per sec.   Uncert. Background

   53.9   293.5   1.23    18.0    5.42     35675   38.3   2.2868e+00   38.3  1310410
   63.3   345.1   1.10   618.1  177.20   6453380    0.3   4.1368e+02    0.3   630086
   64.9   354.0   1.10   976.2  177.20  11644802    0.2   7.4646e+02    0.2   687367
   66.9   364.5   1.10   155.3  177.20    687474    2.8   4.4069e+01    2.8   630086
   73.5   400.8   1.20   532.2   61.71   4157405    0.3   2.6650e+02    0.3   253590
   75.7   412.7   1.20   299.5   61.71   1492266    0.7   9.5658e+01    0.7   253590
   78.0   425.5   1.20    39.3   61.71     48464   18.8   3.1067e+00   18.8   274722
   82.5   449.9   1.08   266.4    2.22    732904    0.4   4.6981e+01    0.4   110013
   85.0   463.6   1.08    28.4    2.22     34819    6.6   2.2320e+00    6.6   110013
   87.5   477.2   1.08     9.3    2.22      8891   24.3   5.6995e-01   24.3   110013
   96.6   527.1   1.10   214.6    0.90    522281    0.4   3.3480e+01    0.4   104881
  103.9   567.2   1.07     3.5    1.54      2260   47.8   1.4487e-01   47.8   101184
  106.2   579.5   1.07     3.4    1.54      2420   45.6   1.5516e-01   45.6   101184
  127.8   697.8   1.14     4.7    8.77      8790   22.7   5.6345e-01   22.7   119671
  129.5   707.1   1.14   224.4    8.77    542215    0.5   3.4757e+01    0.5   119671
  136.0   742.3   1.32    10.7    4.35     16872    9.1   1.0815e+00    9.1   126206
  138.3   755.3   1.32    10.8    4.35     17945    7.2   1.1503e+00    7.2   126206
  140.9   769.6   1.32    16.6    4.35     15651    8.6   1.0033e+00    8.6   126206
  172.3   941.1   1.16   230.1    0.84    527975    0.4   3.3845e+01    0.4   128135
  179.1   978.1   1.17   104.3    0.72    149907    1.0   9.6094e+00    1.0   118592
  186.8  1020.5   1.18    70.2    1.13    122714    1.2   7.8663e+00    1.2   105129
  187.8  1025.9   1.18    11.7    1.13     57480    2.4   3.6846e+00    2.4   105129
  197.2  1077.2   1.37    10.0    2.32      9616   10.9   6.1643e-01   10.9    99135
  201.7  1101.7   1.38     4.1    2.32      3267   28.9   2.0943e-01   28.9    99135
  205.9  1124.8   1.38    19.8    2.32     19250    5.2   1.2340e+00    5.2    99135
  208.9  1141.5   1.38    17.4    2.32     20654    4.8   1.3240e+00    4.8    92054
  219.8  1200.7   1.21    88.3    0.96    108601    0.9   6.9616e+00    0.9    61096
  221.9  1212.2   1.21    13.5    0.96     16771    4.8   1.0750e+00    4.8    61096
  223.8  1222.9   1.22    27.4    0.96     22725    3.5   1.4568e+00    3.5    61096
  228.5  1248.2   1.22     4.0    0.96      1676   45.9   1.0740e-01   45.9    61096
  235.9  1288.7   1.19     3.8    2.48      2591   25.3   1.6607e-01   25.3    53574
  238.5  1302.9   1.19     5.4    2.48      3308   19.4   2.1204e-01   19.4    53574
  245.1  1339.3   1.19     3.5    2.48      1934   31.7   1.2395e-01   31.7    53574
  268.1  1464.9   1.23     8.9    0.84     92460    1.2   5.9270e+00    1.2    39488
  268.9  1469.4   1.23   111.2    0.84    182579    0.7   1.1704e+01    0.7    42779
  277.7  1517.6   1.22     3.5    1.10      1682   30.6   1.0781e-01   30.6    39926
  283.2  1547.6   1.23     3.4    1.10      1653   28.7   1.0596e-01   28.7    39926
  288.5  1576.3   1.23     3.3    1.10      1748   28.6   1.1203e-01   28.6    39926
  293.7  1604.9   1.33   123.4    2.84    183223    0.6   1.1745e+01    0.6    38267
  296.0  1617.7   1.33    93.2    2.84    112416    0.9   7.2062e+00    0.9    35534
  300.9  1644.1   1.33    35.7    2.84     24596    2.9   1.5767e+00    2.9    38267
  308.5  1686.2   1.28    98.7    1.25    107942    0.8   6.9194e+00    0.8    33280
  316.6  1730.2   1.29   170.7    1.28    290975    0.4   1.8652e+01    0.4    32290
  328.6  1795.7   1.30   304.7    1.74    827857    0.2   5.3068e+01    0.2    31163
  351.3  1919.8   1.33   173.6    1.30    295163    0.4   1.8921e+01    0.4    30251
  360.0  1967.6   1.33   221.5    0.98    503028    0.3   3.2245e+01    0.3    27272
  361.3  1974.4   1.34     8.9    0.98     14061    5.5   9.0134e-01    5.5    27272
  364.9  1994.5   1.34     6.2    0.98      3111   20.9   1.9942e-01   20.9    27272
  371.3  2029.4   1.33    43.9    1.34     29406    1.8   1.8850e+00    1.8    19761
  374.6  2047.1   1.33     6.7    1.34      1933   21.4   1.2392e-01   21.4    21282
  380.2  2077.8   1.33     7.4    1.34      2762   15.4   1.7708e-01   15.4    19761
  397.4  2171.9   1.38    18.3    0.89      8099    5.6   5.1916e-01    5.6    17759
  407.3  2226.0   1.38    19.7    2.88     34196    2.1   2.1920e+00    2.1    16976
  409.5  2238.2   1.38   249.3    2.88    586732    0.3   3.7611e+01    0.3    16976
  416.3  2275.4   1.34     6.7    0.96      2207   15.0   1.4147e-01   15.0    12579
  420.8  2300.2   1.35     5.1    0.96      1570   20.8   1.0064e-01   20.8    13546
  423.2  2313.1   1.35     6.6    0.96      2055   16.4   1.3170e-01   16.4    13546
  424.8  2321.6   1.35     6.6    0.96      3268   10.5   2.0947e-01   10.5    12579
  431.7  2359.6   1.36     8.7    1.52      2374   26.3   1.5220e-01   26.3    11565
  445.2  2433.2   1.34    12.7    1.34      3907    8.6   2.5047e-01    8.6     9909
  447.8  2447.9   1.34     9.2    1.34      2693   12.3   1.7265e-01   12.3     9909
  456.5  2495.2   1.41   148.1    2.76    220053    0.5   1.4106e+01    0.5    11252
  468.1  2558.5   1.41   102.7    1.39    113424    0.7   7.2708e+00    0.7     8492
  472.7  2583.9   1.41     5.8    1.47      1544   16.4   9.8981e-02   16.4     6767
  474.2  2592.1   1.42     4.8    1.47      2198   11.8   1.4092e-01   11.8     6767
  477.7  2611.3   1.42     5.6    1.47      1836   13.6   1.1766e-01   13.6     6767
  480.0  2623.5   1.42    12.1    1.47      3424    7.4   2.1946e-01    7.4     7250
  482.8  2639.2   1.42     6.1    1.47      2962    9.3   1.8984e-01    9.3     6767
  484.6  2649.0   1.42    18.2    1.47      7639    3.9   4.8966e-01    3.9     6767
  489.2  2674.0   1.43     3.7    1.47      1059   21.6   6.7893e-02   21.6     6767
  494.7  2704.2   1.43    13.1    1.47      3372    7.5   2.1613e-01    7.5     6767
  502.6  2747.3   1.42     4.5    1.01      1169   21.3   7.4927e-02   21.3     5541
  510.9  2793.0   2.88    10.4    1.78     17266    4.2   1.1068e+00    4.2     9640
  518.5  2834.2   1.46    50.2    1.78     33072    1.5   2.1200e+00    1.5     4820
  529.9  2896.4   1.44     4.7    1.03       896   26.5   5.7464e-02   26.5     5355
  538.9  2945.8   1.48   307.5    4.91    810508    0.3   5.1956e+01    0.3     5175
  541.7  2960.9   1.48    29.8    4.91     20954    2.1   1.3432e+00    2.1     4830
  557.9  3050.0   1.48    56.2    1.25     27502    1.4   1.7629e+00    1.4     2805
  569.2  3111.7   1.54    54.2    1.34     28592    1.4   1.8328e+00    1.4     2751
  576.5  3151.3   1.52    23.3    0.89      6548    3.8   4.1976e-01    3.8     2773
  583.5  3189.5   1.79    23.3    2.58      6457    4.4   4.1389e-01    4.4     2975
  588.5  3217.1   1.79    30.1    2.58     20908    1.8   1.3403e+00    1.8     3150
  594.2  3248.2   1.80    12.9    2.58      2826    7.7   1.8117e-01    7.7     3150
  604.9  3306.9   1.74    52.2    8.17     51828    1.5   3.3223e+00    1.5     3442
  609.2  3330.3   1.74    15.2    8.17      3168   13.6   2.0308e-01   13.6     3442
  612.4  3348.0   1.74    31.6    8.17     11354    4.7   7.2780e-01    4.7     3644
  618.4  3380.6   1.56     3.5    1.18       389   47.5   2.4940e-02   47.5     2202
  622.0  3400.1   1.57     7.3    1.18     12281    2.3   7.8721e-01    2.3     2349
  624.1  3411.6   1.57    83.4    1.18     74108    0.7   4.7505e+00    0.7     2202
  628.6  3436.3   1.57     3.6    1.18       689   25.7   4.4178e-02   25.7     2349
  631.0  3449.5   1.57    11.1    1.18      2842    6.9   1.8219e-01    6.9     2202
  633.1  3461.1   1.58     5.5    1.18      1372   13.4   8.7921e-02   13.4     2349
  645.2  3526.9   1.56    63.6    1.48     38510    1.1   2.4686e+00    1.1     1991
  656.0  3586.0   1.55     6.0    1.30       823   18.8   5.2746e-02   18.8     1958
  658.8  3601.6   1.55     4.7    1.30       520   29.2   3.3344e-02   29.2     1836
  680.1  3718.0   1.57     3.8    0.81       390   36.7   2.5008e-02   36.7     1852
  700.5  3829.7   1.59     4.0    1.33       751   21.3   4.8150e-02   21.3     1874
  721.3  3943.1   1.80     3.6    1.01       257   55.0   1.6464e-02   55.0     1898
  726.4  3971.0   1.81    14.7    1.01      3271    5.3   2.0966e-01    5.3     1898
  762.4  4168.1   1.62     6.3    1.17       570   22.4   3.6536e-02   22.4     1469
  768.6  4201.7   1.63    11.1    1.17      1766    7.9   1.1323e-01    7.9     1469
  784.8  4290.8   1.66     3.6    1.18       606   22.6   3.8815e-02   22.6     1363
  805.6  4404.5   1.71     3.3    0.97       259   45.0   1.6595e-02   45.0     1324
  810.8  4432.5   1.71    15.3    0.97      2861    5.4   1.8342e-01    5.4     1324
  822.2  4495.0   1.78     3.6    0.96       266   36.0   1.7057e-02   36.0     1282
  829.0  4532.0   1.78    15.7    0.96      2780    4.7   1.7819e-01    4.7     1282
  835.1  4565.5   1.79     3.4    0.96       260   35.1   1.6686e-02   35.1     1211
  839.1  4587.7   1.79     7.0    0.96       798   12.7   5.1130e-02   12.7     1211
  846.8  4629.4   1.80     4.8    0.96       600   16.6   3.8477e-02   16.6     1211
  884.6  4836.1   1.75     4.6    1.06       440   26.3   2.8236e-02   26.3     1182
  890.0  4865.6   1.75     8.4    1.06      1342    9.8   8.6047e-02    9.8     1182
  911.2  4981.8   1.77     8.6    0.99      1410   10.1   9.0391e-02   10.1     1285
  925.4  5059.2   1.84     3.9    0.99       394   30.4   2.5248e-02   30.4     1279
  931.3  5091.8   1.85     8.2    0.99      1721    7.9   1.1035e-01    7.9     1279
  935.2  5112.9   1.85     8.7    0.99       814   15.8   5.2199e-02   15.8     1279
  938.7  5132.4   1.86    35.0    0.99     14201    1.7   9.1031e-01    1.7     1279
  964.8  5274.7   1.82     3.8    1.19       345   33.0   2.2091e-02   33.0     1057
  968.9  5297.4   1.82     5.9    1.19       850   14.5   5.4479e-02   14.5     1057
 1000.2  5468.5   1.85     7.5    1.14      1058   11.7   6.7807e-02   11.7     1028
 1036.0  5664.5   1.88     9.4    0.89      1195   10.4   7.6616e-02   10.4      867
 1048.6  5733.3   1.89     4.6    1.03       530   20.8   3.3943e-02   20.8      812
 1104.1  6036.7   1.94     5.6    1.10       553   19.2   3.5435e-02   19.2      740
 1120.5  6126.1   1.95     8.9    1.14      1024   11.9   6.5669e-02   11.9      784
 1134.1  6200.6   1.97     4.2    0.95       219   45.3   1.4016e-02   45.3      730
 1150.8  6292.2   1.98    35.0    1.16     11399    2.1   7.3072e-01    2.1      813
 1175.3  6426.2   2.10     8.3    1.05      1222    9.3   7.8355e-02    9.3      749
 1183.6  6471.2   2.11    23.0    1.05      5568    3.0   3.5694e-01    3.0      786
 1200.2  6562.4   2.02     3.6    0.87       212   44.6   1.3600e-02   44.6      694
 1218.9  6664.4   2.04     8.6    0.93      1061   11.0   6.7986e-02   11.0      752
 1238.3  6770.4   2.06     8.1    1.26       787   14.5   5.0442e-02   14.5      674
 1267.3  6929.2   2.08     3.6    0.98       145   48.6   9.2961e-03   48.6      489
 1274.6  6969.1   2.09     8.7    0.98      1034    8.5   6.6301e-02    8.5      489
 1281.2  7004.9   2.09     3.5    0.98       170   41.7   1.0919e-02   41.7      489
 1293.7  7073.7   2.10     8.0    0.88       730   12.7   4.6790e-02   12.7      457
 1316.7  7199.1   2.12     3.3    0.97       128   43.2   8.2347e-03   43.2      377
 1324.5  7241.9   2.13     3.6    0.97       190   31.1   1.2177e-02   31.1      396
 1333.1  7289.0   2.14     3.4    0.97        95   54.9   6.1022e-03   54.9      377
 1342.2  7338.9   2.15     8.7    0.97       692   10.5   4.4353e-02   10.5      396
 1369.7  7489.1   2.05     3.6    1.11       106   47.7   6.8227e-03   47.7      281
 1377.6  7532.4   2.06    12.1    1.11      1186    6.9   7.6046e-02    6.9      281
 1386.0  7578.1   2.07     3.3    1.11       111   45.7   7.1447e-03   45.7      281
 1408.4  7700.8   2.20     7.3    0.71       499   14.5   3.1987e-02   14.5      276
 1434.2  7841.6   2.23     3.4    1.52       230   29.3   1.4736e-02   29.3      237
 1460.8  7987.2   2.28    31.3    1.04     10272    1.8   6.5845e-01    1.8      230
 1468.9  8031.7   2.29    16.2    1.04      2957    3.9   1.8953e-01    3.9      230
 1479.3  8088.3   2.27     3.7    0.92        92   48.4   5.8863e-03   48.4      170
 1487.2  8131.6   2.27     3.8    0.92       266   19.4   1.7023e-02   19.4      170
 1512.1  8268.0   2.29     7.1    1.16       523   13.6   3.3530e-02   13.6      218
 1565.1  8557.5   2.34     6.0    1.07       280   21.6   1.7945e-02   21.6      155
 1588.2  8683.9   2.36     3.6    0.85       133   39.6   8.5181e-03   39.6      180
 1592.4  8706.8   2.36     3.5    0.85       134   40.2   8.5754e-03   40.2      180
 1622.1  8869.3   2.58    10.1    0.84      1007    7.3   6.4520e-02    7.3      121
 1661.4  9084.1   2.42     3.4    1.20        89   46.9   5.6845e-03   46.9       96
 1729.9  9458.7   2.48     4.8    0.85       201   23.0   1.2913e-02   23.0       96
 1757.5  9609.8   2.51     3.3    1.03       102   33.3   6.5609e-03   33.3       75
 1764.5  9647.9   2.51     9.3    1.03      1002    6.3   6.4225e-02    6.3       75
 1771.7  9687.6   2.52     3.6    1.03        78   45.0   4.9903e-03   45.0       79
 1797.3  9827.3   2.54     5.0    0.93       203   19.5   1.2990e-02   19.5       79
 1805.7  9873.4   2.55     6.5    0.93       430   11.1   2.7551e-02   11.1       79
 1847.4 10101.2   2.58     3.6    1.33       136   27.2   8.7016e-03   27.2       55
 1919.1 10493.8   2.65     4.3    1.03       166   24.6   1.0614e-02   24.6       65
 2043.9 11176.0   2.76     4.2    1.08        79   45.7   5.0777e-03   45.7       62
 2103.2 11500.4   2.81     3.6    0.88       148   22.5   9.5143e-03   22.5       72
 2118.2 11582.3   2.82     3.6    0.88        61   46.7   3.9320e-03   46.7       72
 2203.9 12050.8   2.89     7.2    1.10       307   15.0   1.9683e-02   15.0       59
 2447.2 13381.7   3.11     3.3    0.85        90   36.0   5.7822e-03   36.0       45
 2598.5 14209.0   3.22     3.4    0.90        46   48.4   2.9506e-03   48.4       20
 2614.0 14293.8   3.24    14.8    0.90      1696    4.5   1.0869e-01    4.5       20

   indicates the Iterative Peak Width fitting reached a limiting value.
