
                       be used for evaluation purposes
                                                             8-Mar-2019 15:50
                       _________________________________

                       P E A K     F I T     R E P O R T
                       _________________________________

 Spectrum file Analysed: AR02272019_32cm_Cu07_HPGE2.Chn   
 Sample Title :          Cu07

 Spectrum saved on 27-Feb-2019 at 14:49    Collected on 27-Feb-2019 at 14:14
 Sample  Taken  on 27-Feb-2019 at 14:14    Decayed      0 Days,     0 mins.

            Detector file number used:     2
            Energy     Calibration Performed on  8-Mar-2019 at 11:34
            Peak Shape Calibration Performed on  8-Mar-2019 at 11:35

 

   Datetime:  27-Feb-2019  14:14
   Live:      1993.00 
   Mass:      729
   Shelf:     30
   Detector:      2

   Reported Activity values were rounded     
   FitzPeaks Version: 3.71 23rd January 2014           
                                                                                                     
              


 Peak   Centre   FW@HM         Goodness   Peak      %      Gammas       %      2 Sigma
Energy  Channel  (KeV)  Signif  of Fit    Area   Uncert.  per sec.   Uncert. Background

   73.0   398.4   1.10     4.2    0.64       797   21.9   4.0013e-01   21.9     2941
   75.0   409.2   1.11     5.9    0.64      1254   15.0   6.2938e-01   15.0     2941
   84.8   462.7   1.11     3.4    1.71       452   43.3   2.2690e-01   43.3     2873
  228.3  1248.5   1.25     3.5    0.84       294   55.1   1.4763e-01   55.1     2686
  238.8  1305.9   1.26     3.7    0.72       359   41.7   1.7989e-01   41.7     2303
  277.7  1518.8   1.29     3.6    1.23       338   45.3   1.6974e-01   45.3     2133
  328.5  1797.0   1.34     4.7    1.19       476   35.4   2.3871e-01   35.4     2593
  351.8  1924.2   1.36     4.1    1.03       526   23.9   2.6369e-01   23.9     1512
  360.1  1969.8   1.37     3.4    0.98       324   36.1   1.6233e-01   36.1     1297
  409.4  2239.4   1.41     4.0    0.74       354   26.1   1.7782e-01   26.1      773
  456.7  2498.3   1.45     3.4    0.80       183   43.0   9.1644e-02   43.0      584
  510.9  2795.2   2.86    36.8    8.77     97587    1.0   4.8965e+01    1.0     2116
  538.8  2947.7   1.53     7.9    0.94       488   12.4   2.4491e-01   12.4      182
  569.0  3112.9   1.56     3.4    0.61        81   54.8   4.0818e-02   54.8      163
  583.2  3191.1   1.57     5.4    0.53       216   21.7   1.0822e-01   21.7      153
  609.2  3333.0   1.59     7.1    1.21       476   13.3   2.3893e-01   13.3      173
  768.3  4204.0   1.74     3.5    1.38        66   59.2   3.2896e-02   59.2      102
  911.1  4985.8   1.87     3.9    0.83       150   29.1   7.5457e-02   29.1      119
  969.1  5303.4   1.92     3.4    1.15        95   39.3   4.7705e-02   39.3       83
 1115.5  6104.6   2.05    14.0    1.09      1760    4.8   8.8322e-01    4.8       86
 1120.2  6130.5   2.06     3.7    1.09       143   28.4   7.1828e-02   28.4       91
 1238.2  6776.0   2.17     3.3    0.97        61   52.8   3.0585e-02   52.8       60
 1345.9  7365.7   2.27     7.1    0.89       406   10.3   2.0355e-01   10.3       31
 1377.5  7538.7   2.29     3.4    0.62        87   29.0   4.3592e-02   29.0       26
 1460.7  7993.9   2.41    12.7    1.40      1264    6.1   6.3424e-01    6.1       38
 1764.8  9658.8   2.65     3.6    0.85        96   27.3   4.8143e-02   27.3       16
 2614.1 14307.6   3.42     6.1    0.70       137   22.3   6.8801e-02   22.3        6
