
                       be used for evaluation purposes
                                                            10-Mar-2019 14:52
                       _________________________________

                       P E A K     F I T     R E P O R T
                       _________________________________

 Spectrum file Analysed: AS022819_53cm_Ir05_IDM1.Chn      
 Sample Title :          Ir05

 Spectrum saved on 28-Feb-2019 at 15:34    Collected on 28-Feb-2019 at 14:22
 Sample  Taken  on 28-Feb-2019 at 14:22    Decayed      0 Days,     0 mins.

            Detector file number used:     3
            Energy     Calibration Performed on  8-Mar-2019 at 11:49
            Peak Shape Calibration Performed on  8-Mar-2019 at 11:50

 

   Datetime:  28-Feb-2019  14:22
   Live:      4107.00 
   Mass:      577
   Shelf:     53
   Detector:      3

   Reported Activity values were rounded     
   FitzPeaks Version: 3.71 23rd January 2014           
                                                                                                     
              


 Peak   Centre   FW@HM         Goodness   Peak      %      Gammas       %      2 Sigma
Energy  Channel  (KeV)  Signif  of Fit    Area   Uncert.  per sec.   Uncert. Background

   61.3   335.9   1.13     4.7    2.70      6446    9.4   1.5695e+00    9.4    13345
   63.0   345.2   1.13    73.2    2.70     89097    1.0   2.1694e+01    1.0    13345
   64.7   354.2   1.13   114.5    2.70    145445    0.6   3.5414e+01    0.6    13345
   66.6   364.7   1.13    12.2    2.70      7005    8.8   1.7057e+00    8.8    12233
   71.2   389.6   1.24     5.2    1.55      3287   12.5   8.0034e-01   12.5     8316
   73.2   401.0   1.25    66.6    1.55     56898    1.2   1.3854e+01    1.2     7676
   75.4   412.7   1.25    32.5    1.55     20121    2.3   4.8992e+00    2.3     8316
   77.5   424.5   1.25     3.5    1.55       878   42.9   2.1374e-01   42.9     8316
   82.2   450.2   1.07    30.4    0.98      9766    3.3   2.3778e+00    3.3     5616
   84.7   463.7   1.07     4.0    0.98       881   30.5   2.1451e-01   30.5     5616
   96.4   527.5   1.12    22.8    0.87      7088    4.6   1.7257e+00    4.6     6034
  103.5   566.5   1.13     5.3    1.14       703   35.0   1.7113e-01   35.0     5888
  106.0   580.1   1.13     4.3    1.14      1048   24.5   2.5526e-01   24.5     6423
  129.3   707.6   1.13    25.4    0.94      7650    4.1   1.8626e+00    4.1     5706
  172.1   942.0   1.18    26.0    0.96      8067    3.8   1.9642e+00    3.8     5209
  179.0   979.2   1.19    10.4    0.70      2267   10.6   5.5206e-01   10.6     5022
  186.7  1021.6   1.28    28.2    1.73     10647    3.1   2.5923e+00    3.1     4985
  197.1  1078.3   1.20     4.7    1.09       766   28.3   1.8660e-01   28.3     4105
  205.9  1126.6   1.21     4.0    1.08       505   35.2   1.2298e-01   35.2     3961
  209.2  1144.6   1.21     3.5    1.08       495   36.3   1.2050e-01   36.3     3961
  219.7  1201.9   1.22     9.1    1.02      1693    9.9   4.1233e-01    9.9     3032
  223.8  1224.4   1.22     4.6    1.02       809   18.9   1.9697e-01   18.9     3285
  228.2  1248.6   1.23     7.1    1.02       874   17.8   2.1281e-01   17.8     3285
  238.6  1305.6   1.23     7.3    1.03       975   17.7   2.3735e-01   17.7     2933
  268.6  1469.5   1.50    14.2    1.04      4022    5.1   9.7924e-01    5.1     2430
  277.6  1519.0   1.26     7.7    0.74      1132   12.7   2.7574e-01   12.7     1730
  293.7  1606.7   1.52     9.9    1.01      3307    5.2   8.0526e-01    5.2     1829
  295.9  1618.7   1.52    12.2    1.01      4295    4.1   1.0458e+00    4.1     1829
  300.8  1645.4   1.52     4.0    1.01       491   27.3   1.1948e-01   27.3     1829
  308.5  1687.7   1.27    16.3    1.12      3236    5.2   7.8791e-01    5.2     1501
  316.5  1731.8   1.33    27.3    0.58      9049    2.3   2.2034e+00    2.3     1377
  328.5  1797.3   1.30    38.2    1.03     12880    1.9   3.1362e+00    1.9     1296
  338.4  1851.2   1.31     3.5    0.83       198   57.7   4.8142e-02   57.7     1270
  351.3  1922.0   1.48    19.1    1.41      5505    3.4   1.3404e+00    3.4     1209
  360.0  1969.3   1.33    26.4    0.90      7732    2.6   1.8827e+00    2.6     1077
  361.2  1975.9   1.33     5.9    0.90      1433   10.5   3.4903e-01   10.5     1159
  371.3  2031.2   1.28    15.6    0.85      2403    5.5   5.8513e-01    5.5      971
  380.1  2079.4   1.34     3.4    1.03       244   41.0   5.9331e-02   41.0      854
  397.4  2174.0   1.36     6.8    1.11       678   15.3   1.6506e-01   15.3      833
  407.2  2227.6   1.37    12.3    1.00      2822    5.2   6.8702e-01    5.2      698
  409.5  2240.0   1.37    30.7    1.00      9135    2.2   2.2241e+00    2.2      752
  431.5  2360.5   1.38     3.6    0.63       204   39.9   4.9754e-02   39.9      588
  447.7  2449.3   1.39     4.4    0.64       241   31.9   5.8645e-02   31.9      538
  456.4  2497.0   1.39    19.1    0.92      3246    4.0   7.9045e-01    4.0      530
  468.0  2560.3   1.41    19.0    1.39      3346    4.1   8.1465e-01    4.1      486
  477.6  2612.5   1.42     3.7    1.34       193   33.4   4.7015e-02   33.4      471
  484.6  2651.0   1.42     5.5    1.34       254   26.4   6.1922e-02   26.4      439
  510.8  2794.4   2.89     3.9    1.03      1444    8.5   3.5167e-01    8.5      693
  518.4  2835.8   1.45    15.8    1.03      2622    4.0   6.3849e-01    4.0      346
  538.8  2947.4   1.45    34.7    1.25     12149    1.8   2.9581e+00    1.8      511
  557.9  3051.8   1.45    16.4    0.77      2091    4.8   5.0915e-01    4.8      310
  569.2  3113.7   1.52    15.5    0.98      2137    4.5   5.2031e-01    4.5      282
  576.6  3154.0   1.53     4.4    0.98       107   43.9   2.6110e-02   43.9      300
  583.1  3189.9   1.53     7.5    0.98       627    9.8   1.5278e-01    9.8      300
  588.5  3219.3   1.54     5.2    0.98       440   13.1   1.0716e-01   13.1      282
  605.0  3309.5   1.62    16.2    1.28      3319    3.5   8.0804e-01    3.5      286
  609.2  3332.4   1.62    11.2    1.28       962    9.2   2.3416e-01    9.2      286
  612.4  3349.8   1.62     6.4    1.28       283   23.0   6.8997e-02   23.0      286
  621.9  3401.9   1.53     5.7    1.20       182   28.7   4.4329e-02   28.7      248
  624.0  3413.2   1.53     9.9    1.20      1114    7.2   2.7131e-01    7.2      232
  630.9  3451.2   1.54     3.9    1.20       231   22.8   5.6153e-02   22.8      232
  645.1  3528.8   1.55     9.8    1.06       614   11.1   1.4958e-01   11.1      195
  656.1  3588.9   1.55     3.4    0.92        84   59.9   2.0540e-02   59.9      218
  726.5  3974.0   1.61     3.7    1.28       262   21.9   6.3912e-02   21.9      210
  768.4  4203.3   1.64     3.7    1.36       232   25.8   5.6388e-02   25.8      190
  810.9  4435.5   1.67     3.9    1.00       128   36.9   3.1167e-02   36.9      164
  828.9  4534.1   1.69     4.9    1.10       219   22.0   5.3317e-02   22.0      152
  834.9  4566.8   1.69     3.7    1.10       183   26.1   4.4657e-02   26.1      161
  911.0  4983.1   1.75     7.3    0.85       425   13.0   1.0340e-01   13.0      146
  938.7  5134.5   1.77     5.8    1.13       182   29.4   4.4427e-02   29.4      151
  969.1  5300.7   1.80     5.8    1.00       221   22.9   5.3921e-02   22.9      149
 1036.2  5668.1   1.85     3.6    0.73        92   46.0   2.2373e-02   46.0      121
 1120.3  6127.9   1.91     5.8    0.92       282   17.1   6.8681e-02   17.1      109
 1150.7  6294.0   1.94     4.2    0.97       167   28.2   4.0677e-02   28.2      128
 1183.3  6472.6   1.96     3.5    1.01        85   48.0   2.0795e-02   48.0      103
 1238.3  6773.3   2.00     3.7    1.19       137   34.6   3.3412e-02   34.6      119
 1274.5  6971.6   2.03     3.5    1.05       111   37.1   2.6974e-02   37.1       94
 1377.6  7535.5   2.11     4.8    1.23       180   20.6   4.3904e-02   20.6       42
 1408.1  7702.3   2.13     3.4    0.68        66   40.5   1.6120e-02   40.5       41
 1460.8  7990.3   2.17    17.3    1.24      2788    3.5   6.7887e-01    3.5       33
 1469.7  8038.8   2.17     3.3    1.24        52   45.0   1.2720e-02   45.0       33
 1588.0  8685.9   2.27     3.4    1.07        45   49.8   1.0873e-02   49.8       24
 1592.4  8710.0   2.28     3.4    1.07        41   54.2   9.9439e-03   54.2       24
 1764.4  9650.8   2.41     4.0    0.82       254   13.9   6.1792e-02   13.9       23
 2103.6 11506.1   2.67     3.4    0.76        52   44.6   1.2747e-02   44.6       22
 2204.5 12058.2   2.75     4.2    0.83        68   36.6   1.6468e-02   36.6       17
 2614.3 14299.7   3.06     8.9    0.86       475    9.7   1.1568e-01    9.7        8
