
                       be used for evaluation purposes
                                                            17-Mar-2019 17:56
                       _________________________________

                       P E A K     F I T     R E P O R T
                       _________________________________

 Spectrum file Analysed: AV022819_25cm_Ir07_IDM4.Chn      
 Sample Title :          Ir07

 Spectrum saved on 28-Feb-2019 at 15:39    Collected on 28-Feb-2019 at 14:22
 Sample  Taken  on 28-Feb-2019 at 14:22    Decayed      0 Days,     0 mins.

            Detector file number used:     6
            Energy     Calibration Performed on  8-Mar-2019 at 12:03
            Peak Shape Calibration Performed on  8-Mar-2019 at 12:04

 

   Datetime:  28-Feb-2019  14:22
   Live:      3785.00 
   Mass:      777
   Shelf:     25
   Detector:      6

   Reported Activity values were rounded     
   FitzPeaks Version: 3.71 23rd January 2014           
                                                                                                     
              


 Peak   Centre   FW@HM         Goodness   Peak      %      Gammas       %      2 Sigma
Energy  Channel  (KeV)  Signif  of Fit    Area   Uncert.  per sec.   Uncert. Background

   63.3   345.1   1.10   260.5   21.40   1158380    0.4   3.0605e+02    0.4   122815
   64.9   354.0   1.10   409.9   21.40   2059218    0.3   5.4405e+02    0.3   133980
   66.9   364.6   1.10    58.8   21.40    110040    3.9   2.9073e+01    3.9   122815
   71.2   388.1   1.20     8.0    7.29     18804   16.1   4.9680e+00   16.1    35351
   73.5   400.8   1.20   223.5    7.29    766661    0.5   2.0255e+02    0.5    35351
   75.7   412.7   1.21   122.9    7.29    277376    1.2   7.3283e+01    1.2    35351
   77.9   425.0   1.21    13.6    7.29     12775   23.2   3.3752e+00   23.2    35351
   82.5   449.9   1.07   113.0    1.30    130470    0.6   3.4470e+01    0.6    21200
   85.0   463.5   1.07    11.0    1.30      5901    9.9   1.5590e+00    9.9    21200
   87.5   477.1   1.08     3.8    1.30      1382   38.3   3.6509e-01   38.3    21200
   96.6   527.2   1.11    94.9    1.10     93508    0.9   2.4705e+01    0.9    19718
  129.5   707.1   1.14    95.8    1.26     97179    0.9   2.5675e+01    0.9    22827
  136.0   742.3   1.10     3.4    2.13      2055   22.4   5.4287e-01   22.4    20443
  138.3   755.4   1.10     5.0    2.13      2506   18.0   6.6210e-01   18.0    20443
  140.9   769.5   1.10     5.8    2.13      1990   22.7   5.2571e-01   22.7    20443
  172.3   941.1   1.16    95.6    1.01     93543    0.9   2.4714e+01    0.9    24091
  179.1   978.2   1.18    43.3    0.78     26443    2.2   6.9864e+00    2.2    22360
  186.8  1020.5   1.17    50.9    0.87     42174    1.6   1.1142e+01    1.6    19787
  187.8  1026.0   1.18     7.3    0.87     10387    5.8   2.7443e+00    5.8    19787
  197.2  1077.1   1.38     5.9    1.41      3518   12.1   9.2958e-01   12.1    18956
  201.5  1100.7   1.39     3.6    1.41       864   44.6   2.2829e-01   44.6    18956
  205.9  1125.0   1.39    10.2    1.41      4359    9.5   1.1516e+00    9.5    18956
  208.9  1141.1   1.39     8.0    1.41      4303    9.7   1.1368e+00    9.7    18956
  219.8  1200.7   1.20    36.1    0.67     18775    2.3   4.9603e+00    2.3    12283
  221.9  1212.3   1.20     6.7    0.67      2880   12.8   7.6087e-01   12.8    12283
  223.9  1223.1   1.21    13.0    0.67      5423    6.9   1.4328e+00    6.9    12283
  235.7  1287.5   1.19     4.4    1.81       665   46.4   1.7567e-01   46.4    10586
  238.7  1303.9   1.19     3.7    1.81       845   40.0   2.2318e-01   40.0    10586
  268.7  1468.1   1.46    46.5    7.92     49028    2.1   1.2953e+01    2.1     8808
  293.7  1605.0   1.37    45.5    2.01     28250    1.9   7.4637e+00    1.9     7260
  296.0  1617.5   1.37    43.3    2.01     26320    1.7   6.9538e+00    1.7     6742
  300.8  1644.0   1.37    11.8    2.01      3795    7.9   1.0025e+00    7.9     7260
  308.5  1686.1   1.29    47.5    0.61     23920    1.6   6.3198e+00    1.6     6408
  316.6  1730.2   1.29    82.3    1.18     64341    0.9   1.6999e+01    0.9     6141
  328.6  1795.6   1.30   111.7    0.92    120842    0.6   3.1927e+01    0.6     5881
  351.3  1919.8   1.33    73.4    1.20     52947    1.0   1.3989e+01    1.0     5808
  360.0  1967.5   1.34    91.2    0.86     88752    0.7   2.3448e+01    0.7     5281
  361.1  1973.6   1.34     8.5    0.86      6666    5.2   1.7612e+00    5.2     5281
  364.9  1994.4   1.34     3.4    0.86       532   45.5   1.4049e-01   45.5     5281
  371.3  2029.3   1.33    29.2    1.07      9861    3.1   2.6052e+00    3.1     4315
  380.1  2077.2   1.31     5.2    1.10       870   24.2   2.2982e-01   24.2     3824
  397.4  2172.1   1.38    13.0    1.04      2752    7.7   7.2712e-01    7.7     3563
  407.2  2225.9   1.38    19.5    0.91     11367    2.8   3.0031e+00    2.8     3287
  409.5  2238.2   1.38   103.8    0.91    105408    0.6   2.7849e+01    0.6     3287
  416.3  2275.3   1.34     4.0    1.78       441   34.9   1.1656e-01   34.9     2567
  420.8  2300.1   1.35     3.9    1.78       498   31.4   1.3164e-01   31.4     2765
  424.3  2319.3   1.35     3.6    1.78       700   23.2   1.8491e-01   23.2     2567
  431.7  2359.4   1.36     6.8    1.30       882   31.3   2.3312e-01   31.3     2330
  445.1  2432.8   1.37     5.5    1.06       686   21.7   1.8132e-01   21.7     1943
  447.8  2447.6   1.37     6.5    1.06       925   15.9   2.4431e-01   15.9     1804
  456.5  2495.1   1.40    66.3    1.64     39047    1.1   1.0316e+01    1.1     2121
  468.1  2558.5   1.43    49.3    1.09     25105    1.2   6.6327e+00    1.2     1557
  472.7  2583.8   1.43     3.4    1.09       280   42.7   7.3885e-02   42.7     1453
  474.3  2592.6   1.44     3.8    1.09       341   36.1   8.9992e-02   36.1     1557
  477.8  2611.6   1.44     6.9    1.09       829   15.4   2.1897e-01   15.4     1557
  480.0  2624.0   1.44     5.9    1.09       636   19.8   1.6791e-01   19.8     1453
  482.9  2639.7   1.44     6.4    1.09       606   21.1   1.6005e-01   21.1     1557
  484.7  2649.2   1.44     8.5    1.09      1804    7.7   4.7665e-01    7.7     1453
  494.6  2703.8   1.41     4.9    1.33       595   22.0   1.5725e-01   22.0     1207
  502.7  2747.8   1.42     4.5    0.99       392   29.3   1.0365e-01   29.3     1127
  510.9  2792.9   2.88     6.3    0.98      3915    5.7   1.0343e+00    5.7     2134
  518.5  2834.1   1.46    34.0    0.98     11042    1.9   2.9173e+00    1.9     1067
  538.9  2945.7   1.48   131.0    1.42    145598    0.5   3.8467e+01    0.5      910
  541.7  2960.9   1.48    13.6    1.42      3806    5.2   1.0055e+00    5.2      849
  557.9  3050.0   1.52    31.1    0.94      9675    2.0   2.5561e+00    2.0      669
  569.3  3111.8   1.53    31.2    1.19      9480    2.1   2.5046e+00    2.1      613
  576.4  3151.1   1.75     9.0    1.33      1172    8.3   3.0975e-01    8.3      675
  583.4  3189.1   1.76    11.0    1.33      1261    8.3   3.3305e-01    8.3      675
  588.5  3216.9   1.76    13.6    1.33      4098    3.3   1.0827e+00    3.3      675
  594.1  3247.7   1.77     5.5    1.33       453   18.6   1.1960e-01   18.6      637
  605.0  3307.2   1.67    30.8    2.65     15487    1.8   4.0916e+00    1.8      742
  609.2  3330.3   1.68     8.0    2.65       718   16.9   1.8967e-01   16.9      742
  612.4  3347.9   1.68    14.3    2.65      2204    6.8   5.8242e-01    6.8      699
  622.0  3400.3   1.54     4.1    1.57      1730    6.9   4.5714e-01    6.9      599
  624.0  3411.5   1.54    35.0    1.57     13253    1.7   3.5015e+00    1.7      599
  631.0  3449.7   1.55     8.6    1.57       820   12.4   2.1665e-01   12.4      599
  645.1  3526.8   1.58    24.0    1.08      5675    2.8   1.4994e+00    2.8      423
  655.9  3585.9   1.55     3.7    1.27       257   30.6   6.8016e-02   30.6      437
  700.4  3829.2   1.59     3.7    0.76       146   45.9   3.8496e-02   45.9      382
  726.3  3970.6   1.61     9.0    1.02       972    8.9   2.5686e-01    8.9      384
  762.7  4169.7   1.64     3.4    0.86       159   33.9   4.2099e-02   33.9      281
  768.5  4201.5   1.65     8.0    0.86       567   12.2   1.4988e-01   12.2      299
  810.7  4432.4   1.69     9.0    1.03       857    9.2   2.2638e-01    9.2      296
  828.9  4531.7   1.70     8.1    0.98       865    9.0   2.2862e-01    9.0      279
  839.2  4587.9   1.71     4.5    1.13       248   22.1   6.5428e-02   22.1      257
  846.7  4629.2   1.72     3.4    1.13       120   43.5   3.1685e-02   43.5      257
  890.1  4866.2   1.75     3.5    1.13       167   35.3   4.4095e-02   35.3      245
  911.1  4981.3   1.77     4.8    1.02       384   16.8   1.0149e-01   16.8      241
  931.3  5091.6   1.90     7.0    0.74       490   13.9   1.2953e-01   13.9      265
  935.1  5112.4   1.90     6.0    0.74       164   36.9   4.3216e-02   36.9      265
  938.7  5132.3   1.90    14.0    0.74      2095    4.7   5.5361e-01    4.7      265
  968.8  5296.7   1.82     5.9    1.49       202   30.5   5.3319e-02   30.5      226
 1000.4  5469.6   1.85     3.7    1.71       169   34.0   4.4728e-02   34.0      187
 1036.1  5664.9   1.88     8.4    1.23       457   14.1   1.2075e-01   14.1      172
 1048.7  5733.5   1.89     3.3    0.91        94   53.6   2.4926e-02   53.6      184
 1103.8  6035.1   1.94     3.6    1.03       117   41.5   3.0998e-02   41.5      156
 1120.4  6126.0   1.95     6.2    1.32       283   20.4   7.4664e-02   20.4      176
 1150.8  6292.1   1.97    14.0    0.85      1739    5.3   4.5932e-01    5.3      191
 1175.4  6426.6   2.00     4.7    0.78       203   22.0   5.3653e-02   22.0      146
 1183.5  6470.9   2.01     9.6    0.78       791    8.3   2.0888e-01    8.3      153
 1218.8  6664.1   2.04     3.3    1.25       133   40.1   3.5214e-02   40.1      166
 1238.4  6771.3   2.06     3.8    0.82       194   25.4   5.1171e-02   25.4      142
 1274.5  6968.7   2.09     5.0    1.13       256   19.2   6.7662e-02   19.2      101
 1293.9  7074.4   2.10     3.5    0.90       121   34.4   3.1962e-02   34.4      109
 1324.2  7240.1   2.13     3.4    0.98        69   55.0   1.8187e-02   55.0       87
 1342.0  7337.7   2.15     3.6    0.86       106   34.2   2.7928e-02   34.2       70
 1377.6  7532.2   2.18     7.0    0.88       465   11.0   1.2287e-01   11.0       70
 1408.6  7702.0   2.20     3.7    0.91       117   29.7   3.0825e-02   29.7       58
 1433.5  7837.7   2.23     3.4    0.78        55   52.8   1.4487e-02   52.8       51
 1460.7  7986.8   2.33    16.6    1.02      2526    3.6   6.6739e-01    3.6       45
 1468.9  8031.6   2.34     7.6    1.02       432   10.7   1.1410e-01   10.7       45
 1512.1  8267.7   2.29     3.6    0.90        71   43.2   1.8789e-02   43.2       50
 1565.4  8559.5   2.34     3.6    0.89        42   53.7   1.1061e-02   53.7       26
 1621.8  8867.9   2.39     3.9    0.94       123   24.6   3.2485e-02   24.6       32
 1757.8  9611.4   2.51     3.4    0.68        40   52.0   1.0459e-02   52.0       16
 1764.4  9647.6   2.51     6.1    0.68       260   13.2   6.8592e-02   13.2       16
 1797.4  9827.9   2.54     3.4    0.67        36   51.5   9.5118e-03   51.5       15
 1805.6  9872.9   2.55     3.4    0.67        56   37.7   1.4801e-02   37.7       15
 1847.3 10101.0   2.58     3.5    0.69        36   58.9   9.5142e-03   58.9       15
 1919.5 10495.6   2.65     3.4    0.96        54   44.5   1.4340e-02   44.5       22
 2203.8 12050.6   2.89     3.4    0.84        69   37.2   1.8331e-02   37.2       17
 2614.0 14293.8   3.25     7.7    0.61       397   10.6   1.0499e-01   10.6        8

   indicates the Iterative Peak Width fitting reached a limiting value.
