
                       be used for evaluation purposes
                                                            11-Mar-2019 14:21
                       _________________________________

                       P E A K     F I T     R E P O R T
                       _________________________________

 Spectrum file Analysed: AW022819_32cm_Ir02_IDM2.Chn      
 Sample Title :          Ir02

 Spectrum saved on 28-Feb-2019 at 19:46    Collected on 28-Feb-2019 at 18:44
 Sample  Taken  on 28-Feb-2019 at 18:44    Decayed      0 Days,     0 mins.

            Detector file number used:     4
            Energy     Calibration Performed on  8-Mar-2019 at 11:45
            Peak Shape Calibration Performed on  8-Mar-2019 at 11:47

 

   Datetime:  28-Feb-2019  18:44
   Live:      3229.00 
   Mass:      277
   Shelf:     32
   Detector:      4

   Reported Activity values were rounded     
   FitzPeaks Version: 3.71 23rd January 2014           
                                                                                                     
              


 Peak   Centre   FW@HM         Goodness   Peak      %      Gammas       %      2 Sigma
Energy  Channel  (KeV)  Signif  of Fit    Area   Uncert.  per sec.   Uncert. Background

   61.7   336.2   1.15     5.7   27.24    137704   17.9   4.2646e+01   17.9   169838
   63.4   345.4   1.15    25.1   27.24   1252020    2.1   3.8774e+02    2.1   155685
   65.0   354.4   1.15   386.7   27.24   1850657    1.4   5.7314e+02    1.4   155685
   69.7   379.8   1.26    11.4    3.36     19544    6.7   6.0527e+00    6.7    52325
   71.5   389.6   1.27    48.6    3.36     93600    1.5   2.8987e+01    1.5    52325
   73.6   401.1   1.27   232.7    3.36    779315    0.3   2.4135e+02    0.3    52325
   75.7   413.0   1.27   111.1    3.36    232581    0.7   7.2029e+01    0.7    48300
   82.6   450.2   1.13   111.6    1.73    133413    0.7   4.1317e+01    0.7    24418
   85.0   463.9   1.13    15.3    1.73      7370    8.5   2.2825e+00    8.5    24418
   87.7   478.2   1.14     5.7    1.73      1800   34.0   5.5740e-01   34.0    24418
   94.4   515.0   1.17    30.2    1.33     21644    3.0   6.7030e+00    3.0    22326
   96.7   527.5   1.17    88.8    1.33     97715    0.8   3.0262e+01    0.8    20465
  113.8   621.3   1.16    21.2    1.11      9755    6.2   3.0211e+00    6.2    24159
  129.6   707.3   1.19    94.7    0.95     97517    0.9   3.0200e+01    0.9    24577
  138.3   755.1   1.17     3.7    0.70      1758   28.0   5.4458e-01   28.0    22520
  141.1   770.6   1.17    29.8    0.70     15486    3.4   4.7961e+00    3.4    22520
  172.3   941.0   1.21   100.6    1.05    101238    0.8   3.1353e+01    0.8    23239
  176.4   963.7   1.21     6.7    1.05      2710   18.4   8.3933e-01   18.4    23239
  179.0   977.9   1.21    44.7    1.05     27763    2.1   8.5981e+00    2.1    23239
  186.8  1020.2   1.24    72.9    0.96     72122    1.1   2.2336e+01    1.1    21640
  187.8  1025.9   1.24     7.4    0.96     10202    6.6   3.1594e+00    6.6    21640
  197.2  1077.3   1.45    11.0    2.43      6920    8.9   2.1431e+00    8.9    23133
  206.2  1126.3   1.21     3.3    2.63      1401   32.3   4.3386e-01   32.3    18019
  208.8  1140.5   1.21     7.8    2.63      4056   11.7   1.2562e+00   11.7    19521
  216.8  1184.3   1.27     6.5    1.33      2066   20.5   6.3985e-01   20.5    16218
  219.7  1200.3   1.27    39.8    1.33     22907    2.2   7.0940e+00    2.2    16218
  221.9  1212.4   1.27     8.5    1.33      3219   13.5   9.9704e-01   13.5    16218
  223.7  1222.0   1.28    17.7    1.33      9664    4.9   2.9928e+00    4.9    14971
  233.7  1276.9   1.27     3.6    1.31       896   34.9   2.7746e-01   34.9    13360
  238.5  1303.2   1.27     3.6    1.31       597   54.7   1.8487e-01   54.7    13360
  243.4  1329.8   1.28    24.5    1.31     14126    3.0   4.3746e+00    3.0    13360
  245.2  1339.5   1.28    36.2    1.31     21199    1.9   6.5652e+00    1.9    13360
  268.6  1467.6   1.52    48.7    6.69     53577    1.6   1.6593e+01    1.6    10322
  276.0  1508.2   1.27     6.7    0.87      1647   17.8   5.0997e-01   17.8     8664
  288.2  1575.0   1.28     3.7    1.08       927   40.9   2.8714e-01   40.9     7383
  294.3  1608.1   1.50    11.2    2.55      6410    7.2   1.9853e+00    7.2     8507
  295.9  1616.9   1.50    21.6    2.55     12925    3.3   4.0029e+00    3.3     8507
  300.4  1641.4   1.50    21.7    2.55      7838    4.8   2.4275e+00    4.8     8507
  308.4  1685.6   1.33    27.9    0.80     10807    3.2   3.3470e+00    3.2     7146
  316.6  1730.2   1.51    48.7    4.47     33608    1.8   1.0408e+01    1.8     8283
  328.5  1795.2   1.35    31.1    1.14     12768    2.9   3.9540e+00    2.9     7390
  343.1  1875.3   1.32     3.6    1.07       460   58.6   1.4234e-01   58.6     7028
  351.2  1919.2   1.37    77.3    0.93     56503    1.0   1.7499e+01    1.0     7587
  359.9  1966.9   1.35    98.4    0.81     96128    0.7   2.9770e+01    0.7     7305
  361.0  1973.2   1.36     8.6    0.81      9762    4.4   3.0231e+00    4.4     7305
  371.2  2028.8   1.36    37.9    0.87     15630    2.3   4.8406e+00    2.3     5722
  380.0  2077.0   1.35     6.4    0.84      1456   16.0   4.5083e-01   16.0     4906
  397.3  2171.6   1.45    15.2    1.27      4289    6.0   1.3284e+00    6.0     4555
  403.8  2207.2   1.41     9.2    1.30      2027   14.0   6.2788e-01   14.0     3921
  407.1  2225.3   1.41    25.4    1.30     17922    2.0   5.5504e+00    2.0     3921
  409.4  2237.7   1.42   111.1    1.30    114598    0.6   3.5490e+01    0.6     3921
  420.6  2299.1   1.39     5.5    1.28       747   26.5   2.3135e-01   26.5     3280
  431.5  2358.5   1.40     9.4    1.32      1674   11.4   5.1838e-01   11.4     2728
  445.0  2432.6   1.41     6.5    0.88       821   18.9   2.5423e-01   18.9     2258
  447.8  2447.5   1.41     9.4    0.88      1438   11.5   4.4536e-01   11.5     2419
  456.4  2494.8   1.44    65.7    1.75     42087    1.1   1.3034e+01    1.1     2448
  468.0  2558.1   1.47    31.3    1.13     11028    2.4   3.4152e+00    2.4     1869
  477.8  2611.4   1.43     6.4    1.13       958   13.4   2.9674e-01   13.4     1789
  479.9  2623.3   1.44     4.4    1.13       598   19.0   1.8510e-01   19.0     1669
  484.6  2649.1   1.44     5.9    1.13       930   12.5   2.8807e-01   12.5     1669
  490.8  2682.6   1.45     3.3    1.13       285   38.7   8.8162e-02   38.7     1789
  494.5  2702.8   1.45     5.0    1.13       812   14.4   2.5140e-01   14.4     1669
  502.6  2747.3   1.49     5.0    1.00       696   16.1   2.1542e-01   16.1     1471
  510.9  2792.5   2.96     7.0    1.00      4401    5.3   1.3630e+00    5.3     2844
  518.4  2833.7   1.50    39.1    1.00     17198    1.5   5.3261e+00    1.5     1471
  538.8  2945.4   1.51   132.4    1.88    153936    0.5   4.7673e+01    0.5     1335
  541.6  2960.5   1.51    11.1    1.88      3959    5.6   1.2260e+00    5.6     1335
  544.9  2978.5   1.52    23.7    1.88      5786    3.9   1.7918e+00    3.9     1335
  557.9  3049.7   1.51    41.0    0.78     14517    1.6   4.4957e+00    1.6      727
  569.1  3110.9   1.61    43.0    1.18     20192    1.6   6.2532e+00    1.6      807
  576.5  3151.3   1.67     9.8    0.85      1363    6.9   4.2197e-01    6.9      703
  583.4  3189.4   1.67     8.4    0.85      1163    7.6   3.6023e-01    7.6      703
  588.2  3215.4   1.68    11.6    0.85      2307    4.9   7.1444e-01    4.9      703
  594.4  3249.3   1.68     3.5    0.85       144   53.3   4.4540e-02   53.3      703
  605.1  3307.8   1.60    40.3    1.24     19613    1.4   6.0741e+00    1.4      691
  607.5  3321.1   1.60    21.2    1.24      7020    2.9   2.1739e+00    2.9      691
  609.2  3330.2   1.60     6.3    1.24       577   18.9   1.7876e-01   18.9      691
  612.4  3347.8   1.60     8.6    1.24       904   12.0   2.7998e-01   12.0      691
  615.4  3364.5   1.61     3.7    1.24       237   40.0   7.3399e-02   40.0      691
  624.0  3411.2   1.59    36.2    1.24     14348    1.6   4.4434e+00    1.6      681
  627.1  3428.1   1.59    11.7    1.24      1974    6.4   6.1145e-01    6.4      681
  631.0  3449.5   1.60    10.7    1.24      1394    8.4   4.3158e-01    8.4      639
  644.8  3524.8   1.57     5.4    1.63       896   10.4   2.7763e-01   10.4      429
  655.8  3585.4   1.58     4.2    1.06       386   20.5   1.1947e-01   20.5      411
  698.3  3817.4   1.62     4.0    0.87       156   40.4   4.8407e-02   40.4      299
  721.3  3943.2   1.66    29.0    0.81      7384    2.2   2.2868e+00    2.2      297
  726.3  3970.6   1.67    12.8    0.81      1547    6.0   4.7904e-01    6.0      315
  733.7  4011.1   1.64     4.4    0.95       268   25.3   8.2957e-02   25.3      279
  735.5  4021.0   1.65     3.9    0.95       323   21.1   1.0001e-01   21.1      279
  762.9  4171.1   1.67     3.4    0.80       140   36.9   4.3437e-02   36.9      243
  768.6  4201.8   1.67     9.0    0.80       781    9.1   2.4183e-01    9.1      258
  792.6  4333.1   1.69     8.5    0.89       849    8.8   2.6308e-01    8.8      260
  798.2  4364.1   1.70     3.5    0.89       127   42.3   3.9354e-02   42.3      260
  810.9  4433.0   1.71     5.1    1.35       326   18.8   1.0107e-01   18.8      212
  821.7  4492.4   2.01     3.4    1.00       123   39.8   3.8209e-02   39.8      225
  828.8  4531.4   2.02    10.4    1.00      1631    5.5   5.0500e-01    5.5      225
  835.4  4567.4   2.02     3.6    1.00       191   27.3   5.9211e-02   27.3      225
  839.0  4587.2   2.02     4.3    1.00       374   15.6   1.1577e-01   15.6      237
  911.1  4981.2   1.79     5.1    0.98       312   17.9   9.6481e-02   17.9      176
  924.6  5055.1   1.80     4.2    1.08       175   27.8   5.4076e-02   27.8      165
  931.6  5093.1   1.81     4.0    1.08       233   20.1   7.2307e-02   20.1      165
  935.3  5113.6   1.81     3.5    1.08       190   24.3   5.8845e-02   24.3      155
  938.8  5132.8   1.81     4.0    1.08       246   19.4   7.6084e-02   19.4      165
  968.7  5296.1   1.84     4.1    1.56       152   35.5   4.6931e-02   35.5      167
 1026.7  5613.4   1.88     4.4    0.83       176   24.4   5.4431e-02   24.4      160
 1036.0  5664.4   1.89     7.5    0.83       636    9.3   1.9697e-01    9.3      160
 1106.3  6048.5   1.95     3.5    1.39       102   49.4   3.1689e-02   49.4      154
 1120.2  6125.0   1.96     3.9    0.88       187   27.7   5.7838e-02   27.7      176
 1133.7  6198.4   1.97     3.6    1.21       117   40.2   3.6134e-02   40.2      142
 1150.6  6291.2   1.99     3.6    0.91       151   36.1   4.6644e-02   36.1      177
 1183.7  6472.1   2.01     3.7    1.01       102   45.2   3.1613e-02   45.2      141
 1200.3  6562.6   2.03     3.8    1.16        92   54.2   2.8443e-02   54.2      155
 1238.2  6769.8   2.06     3.8    1.21       114   42.2   3.5240e-02   42.2      133
 1254.3  6857.9   2.07     3.5    1.25       115   41.9   3.5477e-02   41.9      129
 1274.4  6968.2   2.09     5.4    1.04       264   18.1   8.1821e-02   18.1       94
 1323.8  7238.3   2.13     4.6    1.54       212   20.4   6.5616e-02   20.4       66
 1377.5  7532.1   2.17     8.2    0.67       525    9.1   1.6245e-01    9.1       64
 1386.9  7583.5   2.18     3.7    0.67        72   40.2   2.2384e-02   40.2       64
 1408.2  7699.6   2.20     4.1    0.77        88   37.1   2.7308e-02   37.1       58
 1434.4  7843.0   2.22     3.4    0.83        68   41.7   2.1209e-02   41.7       48
 1457.7  7970.6   2.22     5.1    0.92       146   27.5   4.5073e-02   27.5       48
 1460.7  7986.8   2.23    16.3    0.92      2080    4.1   6.4413e-01    4.1       50
 1476.7  8074.1   2.25     4.1    0.88       132   21.8   4.0993e-02   21.8       27
 1592.4  8707.3   2.35     3.5    0.78        43   54.4   1.3330e-02   54.4       32
 1764.5  9648.3   2.49     4.7    0.88       194   17.0   6.0167e-02   17.0       26
 1919.3 10494.8   2.62     3.5    0.70        55   42.3   1.7086e-02   42.3       15
 2203.3 12047.7   2.85     3.4    0.63        57   41.2   1.7526e-02   41.2       13
 2613.8 14292.5   3.19     7.5    0.63       347   11.7   1.0732e-01   11.7        7

   indicates the Iterative Peak Width fitting reached a limiting value.
