
                       be used for evaluation purposes
                                                            17-Mar-2019 18:14
                       _________________________________

                       P E A K     F I T     R E P O R T
                       _________________________________

 Spectrum file Analysed: AY022819_25cm_Ir04_IDM4.Chn      
 Sample Title :          Ir04

 Spectrum saved on 28-Feb-2019 at 19:42    Collected on 28-Feb-2019 at 18:44
 Sample  Taken  on 28-Feb-2019 at 18:44    Decayed      0 Days,     0 mins.

            Detector file number used:     6
            Energy     Calibration Performed on  8-Mar-2019 at 12:03
            Peak Shape Calibration Performed on  8-Mar-2019 at 12:04

 

   Datetime:  28-Feb-2019  18:44
   Live:      2994.00 
   Mass:      477
   Shelf:     25
   Detector:      6

   Reported Activity values were rounded     
   FitzPeaks Version: 3.71 23rd January 2014           
                                                                                                     
              


 Peak   Centre   FW@HM         Goodness   Peak      %      Gammas       %      2 Sigma
Energy  Channel  (KeV)  Signif  of Fit    Area   Uncert.  per sec.   Uncert. Background

   61.6   335.8   1.10    16.9   29.49     90684    4.9   3.0289e+01    4.9   100753
   63.3   345.1   1.11   275.6   29.49   1253319    0.5   4.1861e+02    0.5   109912
   64.9   354.0   1.11   408.9   29.49   1981339    0.3   6.6177e+02    0.3   109912
   66.9   364.7   1.11    16.4   29.49     29588   14.2   9.8826e+00   14.2   100753
   71.4   389.3   1.22    29.2    3.23     48178    5.0   1.6091e+01    5.0    34276
   73.5   400.8   1.22   227.0    3.23    753727    0.4   2.5175e+02    0.4    34276
   75.7   412.7   1.22   115.8    3.23    234619    1.1   7.8363e+01    1.1    34276
   78.0   425.4   1.22     5.7    3.23      4271   54.5   1.4265e+00   54.5    37133
   82.5   449.9   1.08   111.5    1.78    129467    0.7   4.3242e+01    0.7    19007
   85.0   463.6   1.08    11.0    1.78      5453   10.3   1.8214e+00   10.3    19007
   87.5   477.6   1.08     3.4    1.78      1186   45.7   3.9605e-01   45.7    19007
   94.3   514.6   1.10    12.4    1.05      6048    8.8   2.0201e+00    8.8    17591
   96.6   527.2   1.10    88.8    1.05     91408    0.8   3.0530e+01    0.8    17591
  113.8   620.9   1.08     6.3    1.25      2258   20.6   7.5405e-01   20.6    19622
  122.3   667.7   1.09     3.5    1.22       828   56.3   2.7648e-01   56.3    19290
  129.5   707.1   1.14    85.9    1.11     94069    0.8   3.1419e+01    0.8    21260
  138.3   755.0   1.10     5.3    2.15      2217   21.5   7.4040e-01   21.5    20425
  141.1   770.4   1.10    11.5    2.15      5104   10.0   1.7047e+00   10.0    18723
  172.3   941.1   1.15    96.1    0.59     90282    0.9   3.0154e+01    0.9    21419
  179.1   978.1   1.16    42.7    0.90     25050    2.3   8.3666e+00    2.3    20770
  186.8  1020.5   1.17    75.5    0.57     74247    1.0   2.4799e+01    1.0    17189
  187.8  1025.7   1.17     6.7    0.57     10396    5.8   3.4723e+00    5.8    18752
  197.2  1077.0   1.38    10.8    2.69      6496    8.6   2.1697e+00    8.6    19939
  206.0  1125.3   1.16     9.4    2.28      2824   13.4   9.4324e-01   13.4    15079
  208.8  1140.7   1.16     7.5    2.28      3613   11.5   1.2067e+00   11.5    15079
  219.8  1200.7   1.20    35.1    0.91     18362    2.4   6.1328e+00    2.4    11919
  221.9  1212.4   1.20     5.3    0.91      2826   13.5   9.4381e-01   13.5    11919
  223.8  1222.9   1.20    18.6    0.91      7616    5.1   2.5438e+00    5.1    11919
  235.8  1288.1   1.19     3.7    1.04       714   43.6   2.3832e-01   43.6    10475
  243.5  1330.2   1.24     7.8    1.11      3427    9.4   1.1445e+00    9.4     9553
  245.2  1339.9   1.24    15.8    1.11      5415    6.2   1.8085e+00    6.2     9553
  268.7  1468.1   1.46    45.7    6.65     47811    1.7   1.5969e+01    1.7     8189
  283.3  1547.9   1.47     3.4    2.37       846   29.5   2.8257e-01   29.5     7292
  288.4  1575.9   1.48     3.9    2.37      1119   21.2   3.7365e-01   21.2     7292
  293.9  1605.8   1.48    17.4    2.37     12993    3.1   4.3396e+00    3.1     7813
  295.9  1617.2   1.48    32.8    2.37     22089    2.4   7.3776e+00    2.4     7813
  300.6  1642.9   1.49    11.3    2.37      3210    8.8   1.0721e+00    8.8     7813
  308.6  1686.3   1.29    39.4    1.10     18533    2.1   6.1900e+00    2.1     6290
  316.6  1730.3   1.31    70.5    1.25     51440    1.0   1.7181e+01    1.0     6095
  328.6  1795.7   1.29    67.2    1.26     46207    1.1   1.5433e+01    1.1     5923
  351.3  1919.8   1.34    71.8    0.52     50757    1.0   1.6953e+01    1.0     6480
  360.0  1967.6   1.33    88.8    0.61     86111    0.7   2.8761e+01    0.7     5801
  361.2  1974.0   1.33     9.4    0.61     10343    3.8   3.4545e+00    3.8     6248
  371.3  2029.4   1.31    41.8    0.96     17413    2.0   5.8161e+00    2.0     4557
  380.1  2077.5   1.31     7.9    0.77      1503   13.9   5.0191e-01   13.9     4029
  397.4  2172.1   1.39    17.3    1.02      4792    5.0   1.6007e+00    5.0     3648
  407.2  2225.9   1.38    29.6    1.82     19732    2.0   6.5906e+00    2.0     3614
  409.5  2238.2   1.38    98.3    1.82    101351    0.6   3.3851e+01    0.6     3614
  416.3  2275.4   1.34     3.3    1.45       319   43.1   1.0661e-01   43.1     2531
  420.8  2300.1   1.35     5.4    1.45       851   16.5   2.8440e-01   16.5     2726
  424.5  2320.3   1.35     4.1    1.45       674   20.8   2.2522e-01   20.8     2531
  431.7  2359.4   1.36     9.3    1.45      1721    8.6   5.7483e-01    8.6     2531
  445.2  2433.3   1.42     6.5    1.14       807   18.4   2.6953e-01   18.4     1915
  447.8  2447.9   1.43    10.4    1.14      1682    9.5   5.6164e-01    9.5     1915
  456.5  2495.2   1.40    65.6    1.61     37969    1.1   1.2682e+01    1.1     2092
  468.1  2558.6   1.43    45.8    0.76     19536    1.5   6.5250e+00    1.5     1696
  473.9  2590.6   1.39     4.4    1.07       391   27.8   1.3048e-01   27.8     1371
  477.7  2611.3   1.40     7.7    1.07      1163   10.0   3.8847e-01   10.0     1371
  480.0  2624.0   1.40     4.6    1.07       492   20.5   1.6447e-01   20.5     1371
  483.0  2640.0   1.40     5.3    1.07       338   29.3   1.1276e-01   29.3     1371
  484.7  2649.5   1.40    10.0    1.07      1506    7.8   5.0302e-01    7.8     1469
  490.6  2682.0   1.41     3.6    1.07       376   26.5   1.2567e-01   26.5     1371
  494.6  2703.4   1.41     6.1    1.07       615   16.9   2.0549e-01   16.9     1371
  502.6  2747.2   1.42     7.4    0.83       720   16.5   2.4062e-01   16.5     1115
  511.0  2793.2   2.88     7.0    1.60      5392    4.7   1.8009e+00    4.7     2120
  518.5  2834.2   1.46    45.5    1.60     19496    1.4   6.5118e+00    1.4     1060
  538.9  2945.8   1.47   127.8    1.43    139077    0.5   4.6452e+01    0.5      949
  541.7  2961.1   1.48    12.7    1.43      3650    4.8   1.2190e+00    4.8      885
  545.0  2978.9   1.48    11.8    1.43      1411   11.1   4.7137e-01   11.1      885
  558.0  3050.0   1.49    42.9    1.26     16448    1.6   5.4935e+00    1.6      645
  569.2  3111.7   1.53    43.1    0.83     17031    1.4   5.6882e+00    1.4      600
  576.5  3151.4   1.65    11.1    1.04      1190    8.6   3.9746e-01    8.6      640
  583.4  3189.3   1.65    10.2    1.04      1113    8.1   3.7159e-01    8.1      603
  588.4  3216.3   1.66    14.3    1.04      2925    4.2   9.7693e-01    4.2      603
  594.0  3246.9   1.66     3.5    1.04       233   31.1   7.7747e-02   31.1      603
  605.1  3307.9   1.63    44.4    1.29     23081    1.4   7.7090e+00    1.4      720
  607.6  3321.3   1.63     5.5    1.29      1512    8.5   5.0506e-01    8.5      720
  609.2  3330.3   1.63     6.6    1.29       529   21.5   1.7662e-01   21.5      720
  612.4  3347.8   1.64    12.2    1.29      1751    7.2   5.8497e-01    7.2      720
  615.2  3363.3   1.64     4.7    1.29       228   46.9   7.6074e-02   46.9      720
  622.1  3400.6   1.55     6.3    1.26       671   16.3   2.2409e-01   16.3      598
  624.1  3411.6   1.55    35.4    1.26     12621    1.8   4.2154e+00    1.8      598
  627.7  3431.2   1.56     3.4    1.26       492   20.2   1.6423e-01   20.2      598
  631.1  3449.8   1.56    11.8    1.26      1591    7.5   5.3123e-01    7.5      638
  645.1  3526.6   1.58    14.3    0.62      2354    4.5   7.8608e-01    4.5      346
  656.0  3586.2   1.55     8.3    1.25       531   15.0   1.7742e-01   15.0      389
  721.3  3943.1   1.65    13.7    1.04      1831    5.2   6.1165e-01    5.2      278
  726.3  3970.8   1.65    12.9    1.04      1809    5.3   6.0408e-01    5.3      278
  768.6  4202.1   1.65     7.9    1.24       905    9.0   3.0220e-01    9.0      259
  792.6  4333.2   1.67     5.5    1.17       256   25.1   8.5649e-02   25.1      243
  810.8  4432.7   1.69     8.0    1.02       722   10.0   2.4103e-01   10.0      236
  821.7  4492.2   1.93     3.3    1.34       112   48.1   3.7478e-02   48.1      239
  828.9  4531.7   1.93    10.0    1.34      1653    5.4   5.5211e-01    5.4      239
  839.1  4587.5   1.71     7.4    1.07       412   15.6   1.3772e-01   15.6      208
  884.6  4836.4   1.75     3.8    1.06       122   37.5   4.0611e-02   37.5      173
  889.6  4863.8   1.75     3.5    1.06       113   41.5   3.7587e-02   41.5      173
  911.1  4981.2   1.77     5.4    0.76       309   18.4   1.0334e-01   18.4      188
  925.1  5058.0   1.78     3.3    0.90       124   38.3   4.1465e-02   38.3      176
  931.3  5091.8   1.79     6.6    0.90       486   11.2   1.6240e-01   11.2      176
  935.4  5113.9   1.79     6.6    0.90       178   26.1   5.9556e-02   26.1      176
  938.7  5132.4   1.80     8.2    0.90       770    8.6   2.5713e-01    8.6      166
  969.1  5298.4   1.82     4.3    0.96       181   24.7   6.0614e-02   24.7      151
  976.5  5338.8   1.83     3.7    0.96        74   55.4   2.4742e-02   55.4      151
 1036.0  5664.4   1.88     9.2    0.90       766    8.9   2.5570e-01    8.9      148
 1120.5  6126.2   1.95     3.6    1.17       184   28.5   6.1520e-02   28.5      160
 1133.9  6199.9   1.97     4.0    0.85       136   33.8   4.5508e-02   33.8      124
 1150.9  6292.8   1.98     8.5    1.15       627   10.7   2.0926e-01   10.7      166
 1175.4  6426.6   2.00     4.0    0.75        80   45.2   2.6583e-02   45.2      116
 1183.6  6471.6   2.01     5.4    0.75       317   14.3   1.0595e-01   14.3      116
 1200.2  6562.0   2.02     3.3    0.62       135   33.6   4.5171e-02   33.6      135
 1238.4  6771.0   2.06     3.8    0.69       116   37.4   3.8891e-02   37.4      127
 1274.5  6968.7   2.09     4.0    1.30       212   18.8   7.0817e-02   18.8       63
 1324.1  7239.9   2.13     3.4    1.07       150   25.8   4.9993e-02   25.8       63
 1377.6  7532.0   2.18     7.5    1.21       606    8.9   2.0248e-01    8.9       51
 1408.3  7700.3   2.20     3.9    0.92       113   28.5   3.7721e-02   28.5       40
 1434.3  7842.1   2.23     3.3    1.05        70   44.4   2.3311e-02   44.4       46
 1460.8  7987.3   2.31    15.0    0.91      1916    4.1   6.3983e-01    4.1       32
 1469.0  8032.1   2.31     4.7    0.91       196   17.2   6.5365e-02   17.2       32
 1476.8  8074.6   2.32     3.4    0.91        52   42.3   1.7282e-02   42.3       33
 1622.0  8868.7   2.39     3.4    0.71        69   34.9   2.3040e-02   34.9       21
 1757.2  9608.4   2.51     3.3    0.92        45   47.1   1.4895e-02   47.1       19
 1764.4  9647.4   2.51     5.3    0.92       174   17.3   5.8131e-02   17.3       19
 1919.4 10495.3   2.65     3.6    0.65        71   32.8   2.3869e-02   32.8       13
 2203.9 12050.9   2.89     3.5    0.75        53   43.1   1.7686e-02   43.1       13
 2614.1 14293.9   3.25     7.8    0.71       336   12.0   1.1228e-01   12.0        6

   indicates the Iterative Peak Width fitting reached a limiting value.
