
                       be used for evaluation purposes
                                                            20-Mar-2019 11:52
                       _________________________________

                       P E A K     F I T     R E P O R T
                       _________________________________

 Spectrum file Analysed: AZ022819_25cm_Ir10_IDM4.Chn      
 Sample Title :          Ir10

 Spectrum saved on 28-Feb-2019 at 20:19    Collected on 28-Feb-2019 at 19:48
 Sample  Taken  on 28-Feb-2019 at 19:48    Decayed      0 Days,     0 mins.

            Detector file number used:     6
            Energy     Calibration Performed on  8-Mar-2019 at 12:03
            Peak Shape Calibration Performed on  8-Mar-2019 at 12:04

 

   Datetime:  28-Feb-2019  19:48
   Live:      1744.00 
   Mass:      1077
   Shelf:     25
   Detector:      6

   Reported Activity values were rounded     
   FitzPeaks Version: 3.71 23rd January 2014           
                                                                                                     
              


 Peak   Centre   FW@HM         Goodness   Peak      %      Gammas       %      2 Sigma
Energy  Channel  (KeV)  Signif  of Fit    Area   Uncert.  per sec.   Uncert. Background

   63.3   345.0   0.99     9.7    2.10      1367   12.4   7.8403e-01   12.4     1505
   64.9   353.9   0.99    12.1    2.10      2049    9.2   1.1750e+00    9.2     1505
   73.3   400.0   1.05     4.8    0.92       781   33.1   4.4790e-01   33.1     1606
   75.0   408.7   1.05     3.4    0.92       541   47.2   3.1045e-01   47.2     1766
  186.8  1020.3   1.14     3.6    1.20       397   29.1   2.2742e-01   29.1     1125
  228.3  1247.4   1.18     3.4    1.01       189   44.1   1.0847e-01   44.1      688
  238.7  1304.1   1.19     5.5    0.80       396   22.8   2.2687e-01   22.8      684
  277.7  1517.6   1.22     3.6    0.94       203   35.4   1.1615e-01   35.4      492
  293.9  1606.1   1.24     3.5    1.20       352   22.6   2.0186e-01   22.6      430
  295.8  1616.6   1.24     3.9    1.20       639   14.0   3.6631e-01   14.0      466
  308.5  1686.1   1.25     5.7    0.97       505   14.2   2.8962e-01   14.2      352
  316.6  1730.1   1.32    10.7    0.99      1436    6.7   8.2358e-01    6.7      395
  328.6  1795.6   1.29    13.5    0.81      1817    5.3   1.0420e+00    5.3      354
  351.8  1922.6   1.29     5.9    1.03       441   14.8   2.5269e-01   14.8      299
  409.4  2237.8   1.34     3.3    0.87       165   32.7   9.4362e-02   32.7      257
  456.5  2495.0   1.38     3.3    1.00       106   44.3   6.0881e-02   44.3      179
  468.1  2558.7   1.39     7.1    0.62       476   12.0   2.7271e-01   12.0      181
  511.0  2793.3   2.85     3.8    0.86       850    9.8   4.8727e-01    9.8      257
  518.3  2832.9   1.43     3.3    0.86       100   37.4   5.7160e-02   37.4      133
  538.9  2945.7   1.45     4.5    0.76       271   17.1   1.5560e-01   17.1      124
  557.9  3049.5   1.47     3.6    0.79        79   49.6   4.5338e-02   49.6      130
  569.4  3112.5   1.48     3.4    0.76       108   35.7   6.1722e-02   35.7      114
  583.1  3187.7   1.49     5.3    1.04       244   18.7   1.3990e-01   18.7      121
  604.9  3306.6   1.51     3.7    0.88       181   22.7   1.0368e-01   22.7      120
  609.3  3330.7   1.51     5.6    0.88       366   13.5   2.1002e-01   13.5      120
  645.1  3526.5   1.54     3.6    0.94        90   39.8   5.1814e-02   39.8       88
  810.7  4432.4   1.69     4.3    0.91       171   20.5   9.8035e-02   20.5       63
  860.3  4703.4   1.73     3.6    0.92        54   51.9   3.0713e-02   51.9       47
  911.2  4982.0   1.77     5.1    1.33       163   23.5   9.3362e-02   23.5       61
  931.5  5092.8   1.79     3.7    1.18        72   47.1   4.1041e-02   47.1       69
  969.1  5298.3   1.82     3.7    1.00        78   43.7   4.4998e-02   43.7       68
 1120.4  6125.6   1.95     3.6    0.69       118   27.9   6.7552e-02   27.9       55
 1274.6  6969.0   2.09     3.5    0.97       116   26.5   6.6286e-02   26.5       32
 1377.6  7532.4   2.18     5.8    0.84       191   15.9   1.0975e-01   15.9       17
 1408.2  7699.7   2.20     3.4    0.75        40   53.4   2.2715e-02   53.4       22
 1460.8  7987.0   2.34    11.6    0.97      1122    5.9   6.4347e-01    5.9       19
 1764.5  9647.9   2.51     4.4    0.60       126   21.6   7.2029e-02   21.6       10
 2614.2 14294.7   3.25     4.9    0.68       184   18.0   1.0577e-01   18.0        7
