
                       be used for evaluation purposes
                                                            13-Mar-2019 18:33
                       _________________________________

                       P E A K     F I T     R E P O R T
                       _________________________________

 Spectrum file Analysed: AZ022819_40cm_Ir09_IDM3.Chn      
 Sample Title :          Ir09

 Spectrum saved on 28-Feb-2019 at 20:20    Collected on 28-Feb-2019 at 19:48
 Sample  Taken  on 28-Feb-2019 at 19:48    Decayed      0 Days,     0 mins.

            Detector file number used:     5
            Energy     Calibration Performed on  8-Mar-2019 at 12:01
            Peak Shape Calibration Performed on  8-Mar-2019 at 12:02

 

   Datetime:  28-Feb-2019  19:48
   Live:      1806.00 
   Mass:      977
   Shelf:     40
   Detector:      5

   Reported Activity values were rounded     
   FitzPeaks Version: 3.71 23rd January 2014           
                                                                                                     
              


 Peak   Centre   FW@HM         Goodness   Peak      %      Gammas       %      2 Sigma
Energy  Channel  (KeV)  Signif  of Fit    Area   Uncert.  per sec.   Uncert. Background

   63.0   344.2   1.43    29.8    5.17     45060    4.8   2.4950e+01    4.8    17397
   64.6   353.0   1.43    77.1    5.17     82577    2.7   4.5724e+01    2.7    17397
   73.2   399.7   1.56    50.0    1.00     33965    2.8   1.8807e+01    2.8     5457
   75.3   411.3   1.56    19.0    1.00     12863    7.2   7.1226e+00    7.2     5457
   82.1   448.7   1.36    26.7    0.80      6051    4.2   3.3507e+00    4.2     2840
   84.6   462.3   1.36     3.9    0.80       460   46.1   2.5491e-01   46.1     3059
   96.3   526.1   1.46    19.1    1.11      4443    4.5   2.4604e+00    4.5     2934
  103.4   565.1   1.47     3.4    1.11       407   39.4   2.2521e-01   39.4     2934
  105.7   577.9   1.47     3.4    1.11       402   40.7   2.2263e-01   40.7     2934
  129.1   705.8   1.48    20.4    1.08      4587    5.6   2.5396e+00    5.6     3077
  172.1   940.6   1.58    18.6    1.20      4722    4.2   2.6144e+00    4.2     2688
  178.9   978.1   1.59     7.8    1.20      1324   11.2   7.3303e-01   11.2     2868
  187.0  1022.6   1.59     4.0    1.20       900   17.3   4.9833e-01   17.3     2688
  205.7  1124.6   1.53     3.7    0.75       337   42.1   1.8651e-01   42.1     1877
  209.1  1143.3   1.53     3.4    0.75       321   42.0   1.7793e-01   42.0     1877
  219.6  1200.8   1.54     6.9    0.93       890   14.2   4.9255e-01   14.2     1559
  223.5  1222.0   1.54     3.4    0.93       208   55.9   1.1506e-01   55.9     1663
  228.2  1247.7   1.55     3.4    0.93       404   29.3   2.2358e-01   29.3     1559
  238.8  1305.7   1.55     4.0    1.00       325   39.0   1.7985e-01   39.0     1380
  268.6  1468.6   1.82    11.6    0.59      2433    6.0   1.3470e+00    6.0     1165
  277.6  1517.6   1.58     4.8    0.78       425   25.8   2.3552e-01   25.8      932
  293.6  1605.5   1.59    13.4    1.13      2353    5.3   1.3030e+00    5.3      756
  296.0  1618.3   1.60    10.9    1.13      2030    5.7   1.1240e+00    5.7      807
  300.7  1644.4   1.60     4.3    1.13       315   25.0   1.7428e-01   25.0      807
  308.5  1686.9   1.60    13.2    1.13      1852    5.9   1.0257e+00    5.9      807
  316.5  1730.8   1.61    24.1    1.13      5372    3.1   2.9747e+00    3.1      807
  328.5  1796.3   1.62    33.2    0.81     10759    1.9   5.9576e+00    1.9      656
  351.3  1920.7   1.72    15.7    1.09      2826    4.8   1.5649e+00    4.8      635
  359.9  1968.0   1.64    20.6    0.90      4276    3.5   2.3675e+00    3.5      551
  409.4  2238.8   1.68    24.4    1.28      5185    2.9   2.8712e+00    2.9      403
  456.5  2496.1   1.72    14.4    1.02      1851    5.3   1.0251e+00    5.3      258
  468.1  2559.5   1.65    15.8    0.85      2012    5.0   1.1140e+00    5.0      258
  484.3  2648.3   1.70     3.4    1.09       103   55.1   5.7282e-02   55.1      250
  510.9  2793.6   3.44     3.5    1.09       600   14.5   3.3196e-01   14.5      308
  518.5  2835.4   1.72     3.6    1.09       142   31.3   7.8375e-02   31.3      159
  538.9  2947.0   1.70    31.0    1.73      6775    2.4   3.7511e+00    2.4      228
  557.9  3051.0   1.75     3.4    0.97       124   36.9   6.8668e-02   36.9      142
  569.4  3113.4   1.75     3.6    0.85       149   30.2   8.2491e-02   30.2      134
  583.3  3189.5   1.76     4.5    0.93       226   19.8   1.2538e-01   19.8      123
  588.6  3218.8   1.77     4.6    0.93       249   18.2   1.3780e-01   18.2      131
  604.7  3306.5   1.78     6.6    0.84       387   14.1   2.1434e-01   14.1      119
  609.3  3332.0   1.78     6.4    0.84       362   13.4   2.0044e-01   13.4      126
  612.6  3349.7   1.78     3.5    0.84       164   26.0   9.0766e-02   26.0      119
  624.0  3412.0   1.79     5.7    1.56       564   11.0   3.1215e-01   11.0      150
  645.1  3527.9   1.80     7.4    1.19       522   12.1   2.8905e-01   12.1      108
  727.5  3978.2   1.85     3.4    1.15        77   47.1   4.2585e-02   47.1       74
  911.1  4982.5   1.96     4.0    1.11       169   22.7   9.3501e-02   22.7       65
  938.7  5133.1   1.98     6.9    1.41       204   20.9   1.1302e-01   20.9       64
  969.3  5300.5   2.00     3.8    1.04        90   38.2   4.9785e-02   38.2       62
 1120.2  6125.9   2.09     3.7    1.25       129   26.5   7.1671e-02   26.5       53
 1150.6  6292.4   2.11     4.1    1.22       165   20.8   9.1552e-02   20.8       41
 1183.0  6469.4   2.13     3.6    1.10        76   40.8   4.2141e-02   40.8       49
 1274.4  6969.4   2.18     4.8    1.05       209   17.4   1.1578e-01   17.4       41
 1460.7  7987.9   2.29    11.5    0.71      1123    5.6   6.2183e-01    5.6       17
 1468.7  8031.9   2.29     3.4    0.71        36   54.8   1.9984e-02   54.8       17
 1764.2  9647.7   2.48     4.0    0.65        85   29.1   4.7017e-02   29.1       12
 2613.8 14294.2   3.00     4.4    0.52       171   17.6   9.4542e-02   17.6        5
