
                       be used for evaluation purposes
                                                             8-Mar-2019 16:12
                       _________________________________

                       P E A K     F I T     R E P O R T
                       _________________________________

 Spectrum file Analysed: BA02272019_32cm_Cu02_HPGE2.Chn   
 Sample Title :          Cu02

 Spectrum saved on 27-Feb-2019 at 21:44    Collected on 27-Feb-2019 at 21:18
 Sample  Taken  on 27-Feb-2019 at 21:18    Decayed      0 Days,     0 mins.

            Detector file number used:     2
            Energy     Calibration Performed on  8-Mar-2019 at 11:34
            Peak Shape Calibration Performed on  8-Mar-2019 at 11:35

 

   Datetime:  27-Feb-2019  21:18
   Live:      1365.00 
   Mass:      229
   Shelf:     30
   Detector:      2

   Reported Activity values were rounded     
   FitzPeaks Version: 3.71 23rd January 2014           
                                                                                                     
              


 Peak   Centre   FW@HM         Goodness   Peak      %      Gammas       %      2 Sigma
Energy  Channel  (KeV)  Signif  of Fit    Area   Uncert.  per sec.   Uncert. Background

   41.0   223.0   1.12    12.3    0.79      2530    7.7   1.8535e+00    7.7     2345
   63.3   344.9   1.10     4.3    0.96       799   22.4   5.8567e-01   22.4     2657
   65.0   354.3   1.10     7.6    0.96      1317   14.5   9.6517e-01   14.5     2436
   73.1   398.7   1.10     4.6    1.04      1027   17.1   7.5261e-01   17.1     2554
   75.0   409.3   1.11     7.3    1.04      1344   14.1   9.8451e-01   14.1     2554
   84.9   463.4   1.11     3.6    1.23       336   53.0   2.4643e-01   53.0     2684
  238.9  1306.2   1.26     3.7    1.09       353   39.5   2.5857e-01   39.5     2282
  243.7  1332.3   1.26     4.6    1.09       673   19.7   4.9304e-01   19.7     2282
  247.2  1351.9   1.26     3.9    1.09       436   29.8   3.1964e-01   29.8     2107
  260.6  1425.2   1.28     3.7    1.06       413   34.7   3.0277e-01   34.7     2065
  351.9  1924.6   1.36     3.6    0.88       328   37.7   2.4023e-01   37.7     1415
  360.0  1968.9   1.37     3.5    1.01       201   57.3   1.4730e-01   57.3     1297
  394.2  2156.3   1.40     4.5    0.73       376   25.6   2.7532e-01   25.6      808
  409.4  2239.6   1.41     3.5    0.60       222   39.3   1.6272e-01   39.3      729
  507.6  2777.3   1.27    12.2    2.10      2225   15.0   1.6301e+00   15.0     1637
  510.9  2795.3   2.78    35.7    2.10     91559    1.1   6.7076e+01    1.1     3400
  538.9  2948.1   1.53     6.0    0.90       370   14.6   2.7103e-01   14.6      150
  548.4  3000.5   1.56    13.0    0.68      1625    5.2   1.1907e+00    5.2      155
  583.0  3189.9   1.57     3.7    0.67       161   25.5   1.1786e-01   25.5      119
  596.6  3264.3   1.63    16.5    0.81      2561    3.7   1.8763e+00    3.7      131
  609.1  3332.8   1.59     5.4    1.07       332   14.8   2.4336e-01   14.8      126
  911.3  4986.7   1.87     3.4    0.89       115   30.7   8.4235e-02   30.7       62
  931.3  5096.4   1.89     3.5    1.30        95   37.5   6.9377e-02   37.5       68
  969.3  5304.3   1.92     3.4    1.42        58   51.9   4.2736e-02   51.9       58
 1115.6  6104.8   2.06     7.1    1.08       388   11.6   2.8433e-01   11.6       54
 1120.2  6130.4   2.06     3.8    1.08        95   36.2   6.9492e-02   36.2       54
 1238.0  6775.2   2.17     3.6    0.84        48   56.7   3.5313e-02   56.7       44
 1345.7  7364.8   2.27     5.3    0.84       244   14.1   1.7853e-01   14.1       16
 1377.4  7538.1   2.29     3.7    0.77       121   21.9   8.8978e-02   21.9       19
 1408.3  7707.0   2.32     3.4    0.66        41   52.0   2.9772e-02   52.0       20
 1460.7  7994.1   2.37     9.5    0.84       921    6.5   6.7455e-01    6.5       24
 1764.4  9656.6   2.65     3.9    0.54        91   27.3   6.6506e-02   27.3       11
 2614.2 14308.2   3.42     4.3    0.69       101   28.2   7.3849e-02   28.2        7
