
                       be used for evaluation purposes
                                                             8-Mar-2019 16:18
                       _________________________________

                       P E A K     F I T     R E P O R T
                       _________________________________

 Spectrum file Analysed: BB02272019_32cm_Cu04_HPGE2.Chn   
 Sample Title :          Cu04

 Spectrum saved on 27-Feb-2019 at 22:09    Collected on 27-Feb-2019 at 21:46
 Sample  Taken  on 27-Feb-2019 at 21:46    Decayed      0 Days,     0 mins.

            Detector file number used:     2
            Energy     Calibration Performed on  8-Mar-2019 at 11:34
            Peak Shape Calibration Performed on  8-Mar-2019 at 11:35

 

   Datetime:  27-Feb-2019  21:46
   Live:      1289.00 
   Mass:      429
   Shelf:     30
   Detector:      2

   Reported Activity values were rounded     
   FitzPeaks Version: 3.71 23rd January 2014           
                                                                                                     
              


 Peak   Centre   FW@HM         Goodness   Peak      %      Gammas       %      2 Sigma
Energy  Channel  (KeV)  Signif  of Fit    Area   Uncert.  per sec.   Uncert. Background

   40.9   222.7   1.07     5.7    1.12       713   19.4   5.5287e-01   19.4     1313
   63.4   345.5   1.10     3.7    0.98       388   36.8   3.0117e-01   36.8     1556
   64.9   353.9   1.10     5.2    0.98       505   29.0   3.9210e-01   29.0     1556
   73.1   398.7   1.10     3.4    0.83       529   26.3   4.1067e-01   26.3     1728
   75.0   409.0   1.11     4.9    0.83       800   18.2   6.2053e-01   18.2     1885
   84.9   463.4   1.11     3.4    0.89       250   57.5   1.9393e-01   57.5     1798
  238.7  1305.1   1.26     3.4    1.04       212   56.1   1.6426e-01   56.1     1355
  295.4  1615.3   1.31     3.5    1.35       296   39.8   2.2977e-01   39.8     1225
  328.5  1796.8   1.34     3.3    0.86       231   51.9   1.7923e-01   51.9     1316
  352.0  1925.3   1.36     4.6    1.08       378   25.7   2.9328e-01   25.7      852
  360.1  1969.5   1.37     3.5    0.91       151   58.1   1.1704e-01   58.1      694
  409.5  2240.2   1.41     3.5    0.56       213   31.6   1.6560e-01   31.6      418
  510.9  2795.2   2.87    27.3    8.08     50619    1.3   3.9270e+01    1.3     1186
  538.7  2947.5   1.53     4.7    1.14       252   19.3   1.9579e-01   19.3      124
  548.4  3000.5   1.54     6.2    0.82       485   11.0   3.7607e-01   11.0      114
  583.0  3189.7   1.57     3.4    1.01       139   28.1   1.0810e-01   28.1       99
  596.6  3264.3   1.58     9.3    0.78       713    8.0   5.5310e-01    8.0      101
  609.3  3333.8   1.59     5.6    1.08       296   15.3   2.2971e-01   15.3      100
  911.4  4987.1   1.87     3.7    1.06        87   35.8   6.7743e-02   35.8       52
  931.3  5096.1   1.89     3.7    1.17        65   51.1   5.0677e-02   51.1       65
  969.1  5303.0   1.92     3.4    1.23        69   47.0   5.3634e-02   47.0       56
 1115.5  6104.6   2.06     8.8    1.05       641    8.7   4.9745e-01    8.7       52
 1120.4  6131.5   2.06     3.3    1.05        98   32.7   7.6257e-02   32.7       54
 1238.3  6777.0   2.17     3.6    0.83        54   46.0   4.1531e-02   46.0       33
 1345.8  7365.4   2.27     4.0    0.93       141   21.1   1.0934e-01   21.1       24
 1377.7  7539.5   2.29     3.6    0.68       119   21.8   9.2354e-02   21.8       19
 1408.6  7708.8   2.32     3.3    0.62        33   55.8   2.5964e-02   55.8       10
 1460.7  7994.1   2.27    10.5    0.71       825    6.5   6.4020e-01    6.5       18
 1764.8  9658.7   2.65     3.6    0.62        62   35.5   4.7823e-02   35.5       10
 2613.9 14306.4   3.42     3.8    0.45       104   26.2   8.0502e-02   26.2        5
