
                       be used for evaluation purposes
                                                            20-Mar-2019 12:00
                       _________________________________

                       P E A K     F I T     R E P O R T
                       _________________________________

 Spectrum file Analysed: BD030119_25cm_Ir01_IDM4.Chn      
 Sample Title :          Ir01

 Spectrum saved on  1-Mar-2019 at 11:34    Collected on  1-Mar-2019 at 10:30
 Sample  Taken  on  1-Mar-2019 at 10:30    Decayed      0 Days,     0 mins.

            Detector file number used:     6
            Energy     Calibration Performed on  8-Mar-2019 at 12:03
            Peak Shape Calibration Performed on  8-Mar-2019 at 12:04

 

   Datetime:   1-Mar-2019  10:30
   Live:      2662.00 
   Mass:      177
   Shelf:     25
   Detector:      6

   Reported Activity values were rounded     
   FitzPeaks Version: 3.71 23rd January 2014           
                                                                                                     
              


 Peak   Centre   FW@HM         Goodness   Peak      %      Gammas       %      2 Sigma
Energy  Channel  (KeV)  Signif  of Fit    Area   Uncert.  per sec.   Uncert. Background

   59.3   323.2   1.11    11.6   77.92     80992   10.1   3.0425e+01   10.1   235830
   60.6   330.4   1.11     8.8   77.92    116844    7.3   4.3893e+01    7.3   235830
   61.6   336.0   1.11    92.9   77.92    609679    1.4   2.2903e+02    1.4   257269
   63.3   345.0   1.11   475.1   77.92   3856168    0.3   1.4486e+03    0.3   257269
   65.0   354.1   1.11   641.5   77.92   5233852    0.3   1.9661e+03    0.3   257269
   67.0   365.3   1.12     4.9   77.92     23503   33.5   8.8289e+00   33.5   235830
   69.6   379.5   1.21    30.4    6.32     74156    9.2   2.7857e+01    9.2   100454
   71.4   389.2   1.21   112.1    6.32    336429    2.1   1.2638e+02    2.1    92726
   73.5   400.9   1.21   366.2    6.32   2053183    0.4   7.7129e+02    0.4    92726
   75.7   412.8   1.21   181.4    6.32    591786    1.2   2.2231e+02    1.2    92726
   82.5   450.0   1.07   177.6    1.64    334323    0.5   1.2559e+02    0.5    42058
   85.0   463.8   1.08    18.7    1.64     14019    9.1   5.2662e+00    9.1    42058
   87.5   477.4   1.08     6.0    1.64      3605   34.0   1.3541e+00   34.0    42058
   94.4   514.8   1.09    27.8    1.63     25636    8.0   9.6303e+00    8.0    42521
   96.6   527.2   1.09   142.1    1.63    235292    1.0   8.8389e+01    1.0    42521
  113.8   621.3   1.03    19.4    0.99     11548    6.3   4.3380e+00    6.3    45296
  128.2   700.1   1.11     4.0    1.43      7553   42.0   2.8372e+00   42.0    56050
  129.5   707.2   1.11   133.0    1.43    230888    1.4   8.6735e+01    1.4    51379
  136.7   746.6   1.15     4.6    1.20      5274   24.4   1.9814e+00   24.4    41948
  138.4   755.6   1.15    16.1    1.20     11792   11.0   4.4297e+00   11.0    41948
  141.1   770.4   1.16    31.3    1.20     21920    6.0   8.2343e+00    6.0    41948
  147.3   804.1   1.11     8.4    1.73      4318   15.7   1.6223e+00   15.7    44728
  149.8   818.0   1.11     3.6    1.73      1578   42.5   5.9265e-01   42.5    44728
  155.2   847.7   1.12     4.8    0.78      3087   17.8   1.1598e+00   17.8    42496
  159.7   872.0   1.12     3.4    0.78      1461   38.4   5.4876e-01   38.4    46360
  161.5   881.9   1.12     3.5    0.78      1376   39.0   5.1687e-01   39.0    46360
  164.3   897.3   1.12     3.4    0.78      1501   36.9   5.6383e-01   36.9    42496
  172.3   941.1   1.15   149.8    1.02    235236    0.5   8.8368e+01    0.5    47354
  176.5   964.3   1.15     3.7    1.02      3193   22.8   1.1996e+00   22.8    47354
  179.1   978.1   1.15    69.4    1.02     65877    1.3   2.4747e+01    1.3    47354
  186.8  1020.4   1.17   121.2    0.89    196285    1.2   7.3736e+01    1.2    46127
  187.8  1025.8   1.17    10.3    0.89     26318    8.3   9.8867e+00    8.3    46127
  197.3  1077.5   1.38    17.4    4.72     19100    5.0   7.1751e+00    5.0    44389
  206.1  1125.9   1.16     9.1    5.01      4706   13.8   1.7678e+00   13.8    36286
  208.7  1140.1   1.16     9.4    5.01      9326    8.5   3.5034e+00    8.5    36286
  216.8  1184.2   1.20    13.4    1.35      6091    9.9   2.2883e+00    9.9    28696
  219.7  1200.5   1.20    65.7    1.35     54267    1.3   2.0386e+01    1.3    31088
  221.9  1212.5   1.21     7.6    1.35      7368    8.0   2.7677e+00    8.0    31088
  223.8  1222.7   1.21    31.2    1.35     21214    3.2   7.9691e+00    3.2    28696
  233.7  1277.0   1.18     5.3    0.95      3017   15.8   1.1333e+00   15.8    24546
  235.6  1287.3   1.19     4.3    0.95      2125   21.9   7.9834e-01   21.9    24546
  237.1  1295.6   1.19     3.3    0.95      1397   34.1   5.2489e-01   34.1    24546
  243.5  1330.2   1.22    17.9    1.03     16964    3.6   6.3727e+00    3.6    22719
  245.2  1339.9   1.22    76.1    1.03     67875    1.1   2.5498e+01    1.1    22719
  258.5  1412.7   1.21     3.5    0.92       927   44.2   3.4828e-01   44.2    18143
  268.1  1464.7   1.23     7.2    0.60     38038    1.8   1.4289e+01    1.8    16768
  268.9  1469.3   1.23    76.2    0.60     83781    0.9   3.1473e+01    0.9    18165
  276.0  1508.4   1.19    14.4    1.22      5215    8.2   1.9590e+00    8.2    15819
  283.2  1547.3   1.23     4.3    1.02      1472   33.3   5.5285e-01   33.3    16883
  288.4  1576.1   1.23     7.7    1.02      2798   17.2   1.0509e+00   17.2    15584
  294.6  1610.1   1.36     7.0    3.23     16169    4.0   6.0741e+00    4.0    16536
  296.0  1617.6   1.36    35.6    3.23     32020    1.9   1.2029e+01    1.9    15355
  300.5  1642.1   1.37    19.9    3.23      8612    5.4   3.2353e+00    5.4    16536
  308.5  1686.2   1.28    48.7    1.01     29664    1.8   1.1143e+01    1.8    14517
  316.7  1730.5   1.37    80.8    5.00     85237    1.2   3.2020e+01    1.2    14526
  328.6  1795.7   1.27    30.4    1.17     14328    3.2   5.3823e+00    3.2    14412
  343.5  1877.5   1.28     3.3    1.10       796   48.4   2.9919e-01   48.4    15156
  351.3  1919.8   1.31   119.2    0.91    130971    0.6   4.9200e+01    0.6    15284
  360.0  1967.6   1.33   146.1    1.50    225043    0.5   8.4539e+01    0.5    14611
  361.2  1974.2   1.33    12.0    1.50     25619    2.7   9.6238e+00    2.7    14611
  371.3  2029.5   1.31    66.4    0.76     46069    1.2   1.7306e+01    1.2    11163
  380.1  2077.6   1.40    12.2    1.16      4339    8.3   1.6301e+00    8.3    10586
  397.4  2172.2   1.36    28.3    1.24     12598    3.2   4.7324e+00    3.2     9100
  404.0  2208.2   1.36     7.9    1.40      2600   13.9   9.7682e-01   13.9     8547
  407.2  2225.9   1.36    51.8    1.40     51986    1.1   1.9529e+01    1.1     8547
  409.5  2238.3   1.37   159.8    1.40    264267    0.4   9.9274e+01    0.4     8547
  416.3  2275.5   1.34     3.4    1.20       666   37.7   2.5032e-01   37.7     6542
  420.7  2299.7   1.35     7.5    1.20      2186   11.7   8.2114e-01   11.7     6542
  423.1  2312.8   1.35     3.3    1.20      1515   15.7   5.6929e-01   15.7     7045
  424.7  2321.2   1.35     4.9    1.20      1733   15.2   6.5115e-01   15.2     7045
  431.7  2359.6   1.49    13.4    1.30      5029    5.8   1.8893e+00    5.8     6274
  445.1  2433.1   1.39     6.3    0.83      1718   12.9   6.4527e-01   12.9     4585
  447.8  2447.9   1.39    15.0    0.83      4415    5.5   1.6587e+00    5.5     4585
  456.5  2495.2   1.40    97.3    2.15     98583    0.7   3.7034e+01    0.7     5148
  468.1  2558.6   1.40    50.8    1.22     30840    1.2   1.1585e+01    1.2     3511
  472.5  2582.8   1.41     3.3    1.22      1019   19.5   3.8277e-01   19.5     3511
  474.2  2592.1   1.41     4.9    1.22      1363   14.3   5.1200e-01   14.3     3511
  477.9  2612.2   1.41    13.3    1.22      3326    6.3   1.2494e+00    6.3     3511
  480.0  2623.8   1.41     6.7    1.22      1420   14.7   5.3354e-01   14.7     3511
  482.9  2639.7   1.42     5.9    1.22       728   26.7   2.7338e-01   26.7     3511
  484.8  2650.1   1.42    10.3    1.22      2684    7.9   1.0083e+00    7.9     3511
  490.8  2682.7   1.41     4.3    1.32       919   19.3   3.4512e-01   19.3     2907
  494.5  2703.2   1.41     7.0    1.32      1687   10.9   6.3379e-01   10.9     2907
  502.6  2747.2   1.42     8.9    0.82      1731   10.4   6.5013e-01   10.4     2610
  510.9  2792.8   2.88     5.7    1.13      5938    5.9   2.2308e+00    5.9     5251
  518.5  2834.2   1.46    63.6    1.13     50901    0.9   1.9121e+01    0.9     2626
  530.2  2898.0   1.44     3.5    0.94       362   46.4   1.3608e-01   46.4     2606
  538.9  2945.8   1.47   207.7    2.86    361155    0.5   1.3567e+02    0.5     2533
  541.7  2960.9   1.47    19.9    2.86      9403    3.2   3.5324e+00    3.2     2364
  544.9  2978.9   1.47    28.8    2.86      6856    4.4   2.5756e+00    4.4     2364
  558.0  3050.0   1.48    72.4    1.16     42880    1.0   1.6108e+01    1.0     1384
  569.2  3111.6   1.54    71.0    1.09     48551    0.9   1.8239e+01    0.9     1320
  576.5  3151.3   1.53    15.5    1.20      2882    6.2   1.0825e+00    6.2     1260
  583.5  3189.8   1.57    12.9    1.31      2231    6.3   8.3815e-01    6.3     1352
  588.2  3215.7   1.58    21.1    1.31      5629    3.1   2.1144e+00    3.1     1352
  594.0  3247.1   1.58     3.4    1.31       335   34.8   1.2579e-01   34.8     1352
  605.1  3308.0   1.58    75.0    3.68     57484    1.0   2.1594e+01    1.0     1821
  607.6  3321.5   1.59    16.4    3.68      8002    3.7   3.0061e+00    3.7     1707
  612.4  3347.8   1.59    17.1    3.68      2891    8.2   1.0860e+00    8.2     1821
  615.5  3364.5   1.59     5.7    3.68       641   33.5   2.4096e-01   33.5     1707
  624.1  3411.5   1.52    58.8    2.70     32314    1.2   1.2139e+01    1.2     1796
  627.3  3429.4   1.53    11.0    2.70      2148    9.9   8.0710e-01    9.9     1796
  631.1  3450.0   1.53    17.4    2.70      3408    6.6   1.2802e+00    6.6     1916
  644.9  3525.3   1.54     6.9    1.08      1115   10.0   4.1874e-01   10.0      675
  655.9  3585.9   1.50    11.2    0.96      1392    7.4   5.2276e-01    7.4      561
  658.8  3601.5   1.50     3.4    0.96       274   30.1   1.0305e-01   30.1      561
  679.9  3716.7   1.57     3.4    0.93       149   56.6   5.6032e-02   56.6      601
  689.7  3770.5   1.58     3.7    0.98       280   23.9   1.0522e-01   23.9      506
  698.2  3817.2   1.59     4.9    0.98       221   28.8   8.2887e-02   28.8      539
  704.9  3853.8   1.59     3.4    0.98       140   43.2   5.2768e-02   43.2      539
  721.3  3943.3   1.63    32.0    1.15      8979    2.1   3.3730e+00    2.1      466
  726.3  3970.4   1.63    21.7    1.15      4348    3.5   1.6334e+00    3.5      466
  733.8  4011.8   1.62     3.5    0.90       237   29.8   8.9017e-02   29.8      446
  735.8  4022.7   1.62     3.6    0.90       259   26.9   9.7265e-02   26.9      446
  740.1  4046.1   1.62     4.1    0.90       145   46.6   5.4356e-02   46.6      446
  744.1  4068.1   1.63     3.5    0.90       114   56.7   4.2715e-02   56.7      446
  755.9  4132.7   1.65     3.7    1.16       150   40.0   5.6172e-02   40.0      387
  762.6  4169.1   1.65     4.6    1.16       213   29.0   8.0028e-02   29.0      387
  768.6  4202.2   1.66    15.8    1.16      2434    4.5   9.1441e-01    4.5      387
  792.5  4332.9   1.67     9.1    1.35      1171    7.9   4.3980e-01    7.9      383
  798.2  4363.6   1.67     3.7    1.35       203   32.8   7.6174e-02   32.8      407
  810.7  4432.3   1.69     4.2    0.84       361   20.6   1.3580e-01   20.6      411
  821.8  4493.0   1.89     3.5    0.98       271   25.0   1.0184e-01   25.0      358
  828.9  4531.8   1.90    18.6    0.98      4323    3.2   1.6239e+00    3.2      378
  839.2  4587.8   1.64    10.5    1.09       976    8.7   3.6658e-01    8.7      317
  885.1  4838.9   1.75     4.1    0.69       208   30.5   7.7975e-02   30.5      290
  911.2  4982.0   1.77     3.6    1.22       246   19.3   9.2241e-02   19.3      235
  916.9  5013.1   1.78     3.3    1.22       117   36.5   4.4070e-02   36.5      235
  924.9  5056.8   1.78     5.2    1.22       260   18.8   9.7634e-02   18.8      235
  931.1  5090.7   1.79     3.4    1.22       149   29.2   5.5980e-02   29.2      235
  935.2  5112.9   1.79     3.6    1.22       330   15.9   1.2406e-01   15.9      235
  938.8  5132.7   1.80     5.0    1.22       296   16.9   1.1102e-01   16.9      235
  969.0  5297.9   1.82     3.6    0.70       127   36.3   4.7559e-02   36.3      211
  976.4  5338.4   1.83     3.4    0.70       156   29.9   5.8581e-02   29.9      211
 1026.8  5613.8   1.95     6.4    1.03       216   23.3   8.1296e-02   23.3      174
 1036.1  5664.7   1.96    14.6    1.03      1953    4.7   7.3366e-01    4.7      174
 1106.9  6051.8   1.94     3.8    1.32       126   41.9   4.7322e-02   41.9      188
 1120.5  6126.3   1.95     4.7    1.04       139   41.7   5.2062e-02   41.7      213
 1133.9  6199.7   1.97     4.9    0.82       278   19.7   1.0447e-01   19.7      169
 1150.8  6292.0   1.98     4.7    0.79       232   25.0   8.7218e-02   25.0      211
 1183.4  6470.2   2.01     3.4    0.85       106   44.0   3.9754e-02   44.0      153
 1200.2  6562.2   2.02     5.6    0.92       283   17.6   1.0635e-01   17.6      161
 1209.6  6613.3   2.03     3.7    0.92       107   39.1   4.0272e-02   39.1      161
 1238.4  6770.8   2.06     3.5    1.28        93   49.9   3.5039e-02   49.9      129
 1253.8  6855.4   2.07     5.4    1.20       203   24.4   7.6171e-02   24.4      118
 1274.5  6968.5   2.09     4.8    1.14       202   21.8   7.5868e-02   21.8       97
 1324.1  7239.9   2.13     5.9    1.35       442   12.7   1.6616e-01   12.7       85
 1377.6  7532.3   2.18    10.0    0.96       865    6.8   3.2507e-01    6.8       73
 1387.3  7585.2   2.19     3.9    0.96       113   27.1   4.2312e-02   27.1       73
 1396.8  7637.1   2.19     3.6    0.96        78   36.2   2.9190e-02   36.2       77
 1434.6  7843.8   2.23     3.8    1.01        98   32.3   3.6677e-02   32.3       49
 1460.7  7986.9   2.44    13.6    1.57      1714    5.0   6.4385e-01    5.0       86
 1476.5  8073.3   2.26     3.8    0.96       177   19.3   6.6642e-02   19.3       39
 1495.3  8175.8   2.28     3.6    0.97        98   31.4   3.6717e-02   31.4       42
 1764.2  9646.4   2.51     4.1    1.08       133   25.9   4.9885e-02   25.9       43
 1919.6 10496.0   2.65     4.2    0.83       103   27.2   3.8684e-02   27.2       24
 2203.8 12050.5   2.89     3.4    0.68        55   38.2   2.0693e-02   38.2       12
 2214.3 12107.7   2.90     3.9    0.68        83   28.2   3.1225e-02   28.2       13
 2614.1 14294.0   3.25     7.1    0.74       262   14.5   9.8597e-02   14.5        7

   indicates the Iterative Peak Width fitting reached a limiting value.
