
                       be used for evaluation purposes
                                                            10-Mar-2019 22:28
                       _________________________________

                       P E A K     F I T     R E P O R T
                       _________________________________

 Spectrum file Analysed: BE030319_53cm_Ir02_IDM1.Chn      
 Sample Title :          Ir02

 Spectrum saved on  3-Mar-2019 at  1:00    Collected on  1-Mar-2019 at 17:02
 Sample  Taken  on  1-Mar-2019 at 17:02    Decayed      0 Days,     0 mins.

            Detector file number used:     3
            Energy     Calibration Performed on  8-Mar-2019 at 11:49
            Peak Shape Calibration Performed on  8-Mar-2019 at 11:50

 

   Datetime:   1-Mar-2019  17:02
   Live:      110846. 
   Mass:      277
   Shelf:     53
   Detector:      3

   Reported Activity values were rounded     
   FitzPeaks Version: 3.71 23rd January 2014           
                                                                                                     
              


 Peak   Centre   FW@HM         Goodness   Peak      %      Gammas       %      2 Sigma
Energy  Channel  (KeV)  Signif  of Fit    Area   Uncert.  per sec.   Uncert. Background

   59.2   324.1   1.13    13.9  155.08    218650    6.0   1.9726e+00    6.0  1203557
   60.7   332.5   1.13    18.0  155.08    492009    6.1   4.4387e+00    6.1  1103260
   61.4   336.4   1.13   144.9  155.08   1781510    1.6   1.6072e+01    1.6  1103260
   63.0   345.1   1.13   901.0  155.08  12609930    0.4   1.1376e+02    0.4  1203557
   64.7   354.2   1.13  1230.8  155.08  17230658    0.2   1.5545e+02    0.2  1203557
   66.7   365.4   1.13     4.4  155.08    110273   11.0   9.9483e-01   11.0  1103260
   69.3   379.4   1.23    50.6   20.96    240626    3.1   2.1708e+00    3.1   581466
   71.1   389.4   1.23   216.1   20.96   1154389    0.7   1.0414e+01    0.7   581466
   73.2   401.0   1.23   741.3   20.96   6991561    0.2   6.3075e+01    0.2   536738
   75.4   412.8   1.23   352.6   20.96   2044606    0.5   1.8445e+01    0.5   536738
   82.2   450.1   1.08   358.5    5.33   1203632    0.4   1.0859e+01    0.4   280802
   84.7   463.8   1.09    39.2    5.33     65022    3.8   5.8660e-01    3.8   280802
   87.2   477.6   1.09    14.7    5.33     18836   13.0   1.6993e-01   13.0   280802
   94.2   515.8   1.13    11.3    4.23     35675    7.5   3.2184e-01    7.5   273074
   96.4   527.4   1.13   281.1    4.23    898893    0.4   8.1094e+00    0.4   273074
   99.3   543.7   1.13     8.4    4.23     11448   18.7   1.0328e-01   18.7   273074
  103.6   566.8   1.13    14.0    4.23     23582    9.1   2.1275e-01    9.1   297899
  105.9   579.6   1.14    19.9    4.23     28814    7.8   2.5995e-01    7.8   273074
  113.5   621.5   1.20    10.4    1.73     13782   11.6   1.2434e-01   11.6   351684
  116.9   639.8   1.20     3.3    1.73      7268   22.1   6.5566e-02   22.1   324631
  121.8   666.4   1.20     9.1    1.73     13072   13.2   1.1793e-01   13.2   351684
  129.3   707.6   1.14   300.8    1.29    896024    0.3   8.0835e+00    0.3   290542
  138.0   755.0   1.18     6.8    2.11     13896   14.7   1.2537e-01   14.7   301268
  140.9   771.0   1.18    27.9    2.11     40639    5.0   3.6663e-01    5.0   301268
  147.0   804.6   1.16     6.8    1.32      6738   25.4   6.0784e-02   25.4   269913
  149.9   820.3   1.16     4.6    1.32      6711   24.7   6.0542e-02   24.7   294450
  163.9   897.1   1.18     4.7    1.00      5858   29.1   5.2844e-02   29.1   289153
  172.1   942.0   1.17   304.2    1.75    950675    0.3   8.5765e+00    0.3   278008
  178.9   979.0   1.17   132.8    1.46    259310    0.9   2.3394e+00    0.9   274458
  186.7  1021.4   1.21   250.4    1.01    848260    0.3   7.6526e+00    0.3   269228
  187.7  1027.1   1.21    11.3    1.01     98193    2.1   8.8585e-01    2.1   248518
  190.6  1043.2   1.21     3.5    1.01      3377   55.0   3.0465e-02   55.0   248518
  196.9  1077.6   1.27    33.9    0.97     71709    2.6   6.4693e-01    2.6   247852
  198.0  1083.6   1.27     8.1    0.97     26584    7.1   2.3982e-01    7.1   247852
  206.0  1126.9   1.45    19.0    9.30     28696    7.4   2.5888e-01    7.4   240381
  208.7  1141.9   1.45    17.7    9.30     51443    4.6   4.6409e-01    4.6   240381
  216.7  1185.6   1.22    20.3    1.03     24752    5.5   2.2330e-01    5.5   186562
  219.7  1201.8   1.22   119.8    1.03    220116    0.7   1.9858e+00    0.7   172211
  221.8  1213.7   1.22    15.0    1.03     29918    4.3   2.6990e-01    4.3   186562
  223.8  1224.2   1.22    54.8    1.03     83894    1.7   7.5685e-01    1.7   172211
  228.2  1248.3   1.23    18.1    1.03     19957    6.6   1.8005e-01    6.6   186562
  233.6  1278.2   1.13    12.9    1.29     13352    9.1   1.2046e-01    9.1   154281
  235.5  1288.5   1.13     4.2    1.29      5749   21.4   5.1862e-02   21.4   141424
  238.7  1305.8   1.13    25.9    1.29     26445    4.8   2.3858e-01    4.8   154281
  245.2  1341.3   1.19   135.7    8.89    247549    2.0   2.2333e+00    2.0   166901
  268.0  1466.4   1.26     8.4    0.59    160555    1.1   1.4485e+00    1.1   113277
  268.8  1470.8   1.26   153.9    0.59    336162    0.6   3.0327e+00    0.6   113277
  276.0  1510.0   1.25    18.8    1.09     22240    4.0   2.0064e-01    4.0    92765
  277.6  1518.9   1.25    25.1    1.09     27537    3.3   2.4843e-01    3.3    92765
  283.1  1548.7   1.25     6.8    1.09      5934   13.5   5.3532e-02   13.5   100495
  288.3  1577.5   1.26    16.6    1.09     12359    7.0   1.1150e-01    7.0   100495
  293.7  1606.8   1.28     5.9    1.04     12667    7.9   1.1428e-01    7.9    89680
  294.8  1612.9   1.28     7.1    1.04     81136    1.5   7.3197e-01    1.5    89680
  296.0  1619.4   1.28    78.8    1.04    148387    0.8   1.3387e+00    0.8    89680
  300.4  1643.6   1.28    15.7    1.04     13217    7.3   1.1924e-01    7.3    89680
  308.5  1687.8   1.30   108.5    1.54    147071    0.9   1.3268e+00    0.9    83391
  316.6  1731.9   1.32   195.4    2.05    403243    0.4   3.6379e+00    0.4    87240
  328.5  1797.3   1.32    50.2    0.92     49758    2.2   4.4890e-01    2.2    77629
  334.3  1828.8   1.31     5.1    1.09      3374   21.9   3.0442e-02   21.9    76954
  338.4  1851.5   1.31     8.4    1.09      5638   13.3   5.0866e-02   13.3    76954
  343.3  1878.0   1.31     4.1    1.09      3074   24.7   2.7736e-02   24.7    82874
  351.2  1921.6   1.36   218.9    2.58    549579    0.4   4.9580e+00    0.4    75599
  360.0  1969.3   1.34   276.2    1.86    919232    0.2   8.2929e+00    0.2    70195
  361.2  1975.8   1.34    16.5    1.86    113635    1.4   1.0252e+00    1.4    75595
  371.3  2031.2   1.34   128.9    1.53    199736    0.6   1.8019e+00    0.6    56693
  374.6  2049.2   1.34     5.0    1.53      2485   30.4   2.2414e-02   30.4    56693
  380.1  2079.4   1.35    22.2    1.53     18162    4.3   1.6385e-01    4.3    52643
  397.4  2174.0   1.37    57.5    1.03     55455    1.6   5.0029e-01    1.6    46269
  404.1  2210.9   1.37     4.6    3.38      4450   19.3   4.0149e-02   19.3    41654
  407.2  2227.7   1.37   105.5    3.38    228027    0.6   2.0571e+00    0.6    41654
  409.5  2240.0   1.38   309.1    3.38   1085060    0.3   9.7889e+00    0.3    41654
  416.5  2278.6   1.37     4.4    1.35      2292   25.2   2.0682e-02   25.2    33438
  420.7  2301.3   1.37    15.2    1.35      9232    6.4   8.3284e-02    6.4    36010
  431.6  2361.2   1.39    35.7    0.82     20319    3.2   1.8331e-01    3.2    30073
  438.8  2400.3   1.40     3.3    0.83       999   46.1   9.0080e-03   46.1    26044
  445.1  2434.8   1.41    14.5    0.83      7596    6.4   6.8524e-02    6.4    26044
  447.8  2449.7   1.41    34.9    0.83     19093    2.7   1.7225e-01    2.7    26044
  456.4  2497.0   1.40   219.2    6.25    400185    0.4   3.6103e+00    0.4    27096
  462.9  2532.3   1.41     4.7    1.06      1857   26.9   1.6753e-02   26.9    20649
  468.0  2560.3   1.41   128.1    1.06    153828    0.6   1.3878e+00    0.6    20649
  477.8  2613.6   1.45    24.4    1.78     12389    3.5   1.1177e-01    3.5    19350
  479.9  2625.1   1.46    11.9    1.78      6014    6.7   5.4259e-02    6.7    18060
  484.7  2651.4   1.46    23.0    1.78     13179    3.5   1.1890e-01    3.5    19350
  490.6  2683.9   1.46    11.8    1.78      4442    9.0   4.0076e-02    9.0    18060
  494.6  2705.6   1.47    18.0    1.78      6999    5.9   6.3144e-02    5.9    19350
  502.5  2748.9   1.40    20.0    1.29      7971    6.3   7.1907e-02    6.3    15886
  510.8  2794.4   2.89    19.1    3.86     32771    3.2   2.9565e-01    3.2    28396
  518.4  2835.9   1.45   150.5    3.86    221070    0.5   1.9944e+00    0.5    14724
  538.8  2947.5   1.47   421.9    6.24   1469826    0.2   1.3260e+01    0.2    13852
  541.6  2962.6   1.47    42.7    6.24     37663    2.2   3.3978e-01    2.2    13852
  544.9  2980.8   1.47    24.1    6.24      8719    7.7   7.8659e-02    7.7    13852
  557.9  3051.8   1.48   145.7    1.99    184651    0.5   1.6658e+00    0.5    10152
  562.5  3076.8   1.49     3.5    1.99       655   59.2   5.9133e-03   59.2    10152
  569.2  3113.5   1.52   144.2    1.93    187778    0.5   1.6940e+00    0.5     9559
  576.4  3153.1   1.60    31.3    1.40     12419    3.0   1.1204e-01    3.0     9282
  583.2  3190.4   1.61    42.9    1.40     23516    1.8   2.1215e-01    1.8     9282
  588.2  3217.6   1.61    41.1    1.40     25170    1.7   2.2707e-01    1.7     9282
  605.1  3309.8   1.57   162.1    4.07    252050    0.6   2.2739e+00    0.6     8523
  607.5  3323.2   1.57    13.3    4.07      9428    5.8   8.5056e-02    5.8     8523
  609.2  3332.4   1.57    44.4    4.07     26753    2.3   2.4135e-01    2.3     7990
  612.3  3349.7   1.58    33.8    4.07     13210    4.0   1.1918e-01    4.0     7990
  615.3  3365.8   1.58    10.5    4.07      3165   15.4   2.8552e-02   15.4     8523
  624.0  3413.3   1.52   123.6    3.16    132553    0.6   1.1958e+00    0.6     9211
  628.0  3435.4   1.52     9.2    3.16      3981   11.4   3.5915e-02   11.4     9211
  630.9  3451.4   1.52    37.4    3.16     15899    3.0   1.4344e-01    3.0     9211
  644.9  3527.6   1.55     9.5    1.01      2726   10.1   2.4595e-02   10.1     6147
  655.9  3587.8   1.54    20.6    1.08      6152    4.5   5.5500e-02    4.5     5755
  658.7  3603.4   1.54     6.6    1.08      1104   21.4   9.9563e-03   21.4     5755
  665.3  3639.4   1.55     4.1    1.08       718   33.0   6.4736e-03   33.0     5755
  679.9  3719.3   1.57     3.5    0.98       566   43.9   5.1079e-03   43.9     5792
  690.0  3774.4   1.58     5.6    0.81      1105   22.6   9.9722e-03   22.6     5433
  708.8  3877.1   1.60     4.4    0.88       453   54.2   4.0896e-03   54.2     5539
  721.2  3945.1   1.74    31.3    1.90     11677    3.0   1.0535e-01    3.0     5997
  726.3  3973.0   1.74    41.1    1.90     21531    1.9   1.9424e-01    1.9     5997
  740.3  4049.4   1.62     5.1    1.17       725   32.7   6.5443e-03   32.7     5101
  744.2  4070.7   1.62     4.8    1.17       730   32.2   6.5850e-03   32.2     5101
  755.3  4131.5   1.63     3.5    1.18       557   42.9   5.0239e-03   42.9     5101
  762.7  4172.2   1.69     4.9    1.13      1180   19.2   1.0645e-02   19.2     4941
  768.4  4203.5   1.70    31.5    1.13     13028    2.4   1.1754e-01    2.4     4941
  772.3  4224.4   1.70     3.8    1.13       574   39.1   5.1763e-03   39.1     4941
  785.5  4296.7   1.65     4.8    0.83       917   21.6   8.2704e-03   21.6     4547
  792.4  4334.6   1.66     5.4    0.83      1430   14.0   1.2901e-02   14.0     4831
  794.7  4347.2   1.66     7.7    0.83      1835   11.8   1.6551e-02   11.8     4547
  806.0  4409.2   1.68     4.5    0.87       867   23.9   7.8234e-03   23.9     4184
  810.7  4434.4   1.69    12.3    0.87      2989    7.4   2.6964e-02    7.4     4446
  821.6  4494.2   1.68     6.6    1.01      1233   19.5   1.1119e-02   19.5     4534
  828.9  4533.9   1.81    35.6    1.40     17978    1.9   1.6219e-01    1.9     4500
  834.9  4566.8   1.81    16.3    1.40      4863    5.2   4.3874e-02    5.2     4500
  839.1  4589.9   1.81    17.7    1.40      5792    4.5   5.2250e-02    4.5     4500
  860.4  4706.3   1.71     9.4    1.16      2028   11.1   1.8299e-02   11.1     3981
  884.5  4838.2   1.73     3.3    0.99       532   40.5   4.8000e-03   40.5     3979
  904.2  4946.1   1.79     3.5    0.96       463   39.4   4.1814e-03   39.4     3899
  911.1  4983.7   1.80    31.3    0.96     11188    2.4   1.0094e-01    2.4     3899
  916.5  5013.1   1.80     3.3    0.96       420   44.1   3.7871e-03   44.1     3899
  924.7  5058.3   1.76     3.3    1.56       308   56.9   2.7742e-03   56.9     3636
  931.2  5093.5   1.77     3.6    1.56       576   30.9   5.1962e-03   30.9     3636
  934.6  5112.1   1.77     6.1    1.56      2326    9.4   2.0986e-02    9.4     3849
  938.7  5134.7   1.77     5.4    1.56       679   26.9   6.1282e-03   26.9     3636
  964.6  5276.3   1.84    12.0    1.06      2407    9.5   2.1718e-02    9.5     3460
  968.9  5299.7   1.85    23.6    1.06      6848    3.8   6.1782e-02    3.8     3460
 1000.9  5475.0   1.82     3.7    0.96       799   26.4   7.2054e-03   26.4     3383
 1036.0  5666.8   1.88    28.2    1.04      8566    3.3   7.7275e-02    3.3     3397
 1120.3  6127.8   1.93    26.6    1.06      7872    3.5   7.1014e-02    3.5     3469
 1133.8  6201.9   1.92     6.9    0.78      1427   14.5   1.2870e-02   14.5     3324
 1150.6  6293.5   1.94     4.8    0.80       648   30.2   5.8438e-03   30.2     3439
 1155.2  6318.8   1.94     4.7    0.80       802   24.4   7.2389e-03   24.4     3439
 1173.3  6418.0   1.95     3.7    0.92       340   48.6   3.0690e-03   48.6     3562
 1183.5  6473.7   1.96     3.4    0.92       283   58.8   2.5528e-03   58.8     3384
 1200.3  6565.5   1.97     7.3    1.10      1328   17.0   1.1982e-02   17.0     3423
 1238.1  6772.5   2.03    15.8    1.04      3413    7.1   3.0790e-02    7.1     3357
 1254.0  6859.0   2.02     3.5    1.21       362   53.4   3.2699e-03   53.4     2804
 1274.6  6971.9   2.12    13.3    1.15      2917    6.6   2.6316e-02    6.6     2570
 1280.9  7006.4   2.13     5.6    1.15       671   26.7   6.0542e-03   26.7     2570
 1324.3  7243.7   2.07     9.3    0.87      1447   10.1   1.3050e-02   10.1     1880
 1332.6  7289.0   2.08     4.2    0.87       303   45.2   2.7319e-03   45.2     1880
 1377.7  7535.6   2.19    21.3    1.30      4918    3.9   4.4370e-02    3.9     1544
 1386.1  7581.7   2.20     3.3    1.30       521   27.2   4.7004e-03   27.2     1544
 1397.1  7641.9   2.13     3.8    0.89       441   27.1   3.9762e-03   27.1     1303
 1401.6  7666.3   2.13     6.5    0.89       621   19.6   5.6021e-03   19.6     1368
 1407.9  7701.1   2.13     6.4    0.89      1240   11.0   1.1184e-02   11.0     1368
 1434.2  7844.8   2.15     4.6    1.09       459   30.5   4.1378e-03   30.5     1301
 1460.8  7990.6   2.15    89.1    3.04     73462    1.0   6.6274e-01    1.0     1454
 1495.8  8181.6   2.20     4.4    1.04       439   22.6   3.9587e-03   22.6      853
 1501.5  8212.7   2.21     4.0    1.04       267   34.2   2.4059e-03   34.2      853
 1509.4  8255.9   2.21     8.9    1.04      1080   10.3   9.7446e-03   10.3      893
 1538.5  8415.6   2.23     3.3    1.13       192   58.7   1.7355e-03   58.7      817
 1583.2  8659.7   2.17     3.3    1.38       191   53.4   1.7232e-03   53.4      801
 1588.2  8687.2   2.18    10.4    1.38      1007   11.6   9.0862e-03   11.6      801
 1592.5  8710.8   2.18     9.9    1.38      1231   10.0   1.1106e-02   10.0      801
 1620.9  8866.2   2.30     6.9    1.09       605   14.4   5.4619e-03   14.4      631
 1630.6  8919.0   2.31     5.8    1.09       654   12.9   5.9030e-03   12.9      631
 1638.4  8962.0   2.31     3.7    1.09       212   36.6   1.9091e-03   36.6      631
 1661.4  9087.8   2.33     8.0    0.96       571   18.4   5.1472e-03   18.4      582
 1729.6  9460.4   2.46    11.3    0.88      1406    8.4   1.2685e-02    8.4      546
 1757.9  9615.1   2.39     3.8    1.14       271   33.4   2.4452e-03   33.4      498
 1764.5  9651.7   2.40    28.9    1.14      7686    2.3   6.9339e-02    2.3      498
 1847.5 10105.6   2.47     8.0    1.06       930   11.5   8.3939e-03   11.5      495
 1919.4 10498.6   2.53     4.3    0.86       354   26.2   3.1914e-03   26.2      522
 2103.3 11504.8   2.67     6.6    1.57      1342    9.1   1.2110e-02    9.1      580
 2118.6 11588.1   2.68     7.0    0.97       569   16.0   5.1304e-03   16.0      401
 2204.0 12055.3   2.87    14.8    1.06      2314    5.4   2.0874e-02    5.4      462
 2447.6 13387.6   2.93     7.1    0.93       644   13.7   5.8109e-03   13.7      346
 2614.3 14299.6   2.93    40.2    1.72     12939    1.7   1.1673e-01    1.7      168

   indicates the Iterative Peak Width fitting reached a limiting value.
