
                       be used for evaluation purposes
                                                            11-Mar-2019 16:10
                       _________________________________

                       P E A K     F I T     R E P O R T
                       _________________________________

 Spectrum file Analysed: BF03032019_32cm_Ir03_IDM2.Chn    
 Sample Title :          Ir03

 Spectrum saved on  3-Mar-2019 at  1:02    Collected on  1-Mar-2019 at 17:02
 Sample  Taken  on  1-Mar-2019 at 17:02    Decayed      0 Days,     0 mins.

            Detector file number used:     4
            Energy     Calibration Performed on  8-Mar-2019 at 11:45
            Peak Shape Calibration Performed on  8-Mar-2019 at 11:47

 

   Datetime:   1-Mar-2019  17:02
   Live:      108812. 
   Mass:      377
   Shelf:     32
   Detector:      4

   Reported Activity values were rounded     
   FitzPeaks Version: 3.71 23rd January 2014           
                                                                                                     
              


 Peak   Centre   FW@HM         Goodness   Peak      %      Gammas       %      2 Sigma
Energy  Channel  (KeV)  Signif  of Fit    Area   Uncert.  per sec.   Uncert. Background

   59.6   324.9   1.16    15.0  189.49    387702    6.3   3.5630e+00    6.3  1619643
   61.1   332.7   1.16    12.0  189.49    989151    1.9   9.0905e+00    1.9  1619643
   61.8   337.0   1.16   115.3  189.49   2574413    0.8   2.3659e+01    0.8  1619643
   63.4   345.3   1.17  1057.0  189.49  20655166    0.3   1.8982e+02    0.3  1619643
   65.0   354.4   1.17  1525.0  189.49  29696618    0.2   2.7292e+02    0.2  1619643
   67.0   364.9   1.17    10.4  189.49    274879    6.1   2.5262e+00    6.1  1619643
   69.6   379.6   1.26    44.2   31.38    310945    3.0   2.8576e+00    3.0   836390
   71.4   389.4   1.26   209.8   31.38   1571398    0.6   1.4441e+01    0.6   836390
   73.6   401.1   1.26   921.4   31.38  12196055    0.2   1.1208e+02    0.2   772052
   75.7   412.9   1.27   440.9   31.38   3688529    0.3   3.3898e+01    0.3   772052
   82.6   450.3   1.13   452.0    3.52   2152983    0.3   1.9786e+01    0.3   373516
   85.0   463.8   1.13    59.2    3.52    131708    4.3   1.2104e+00    4.3   407471
   87.5   477.6   1.13    21.1    3.52     35091   14.6   3.2250e-01   14.6   373516
   94.4   515.2   1.15    10.6    2.11     41819   14.6   3.8433e-01   14.6   412567
   96.7   527.5   1.15   360.1    2.11   1600629    0.4   1.4710e+01    0.4   378186
  113.9   621.5   1.11    11.2    0.80     17670   11.7   1.6239e-01   11.7   401706
  122.1   666.6   1.12    11.1    0.63     17599   11.4   1.6173e-01   11.4   413508
  129.5   707.3   1.18   386.3    1.75   1624145    0.2   1.4926e+01    0.2   435171
  138.3   754.8   1.15    12.8    3.03     23909   10.3   2.1973e-01   10.3   411652
  141.1   770.4   1.15    34.6    3.03     59523    4.0   5.4702e-01    4.0   377348
  147.3   804.5   1.16     4.8    0.87      8998   21.6   8.2696e-02   21.6   378159
  150.0   818.9   1.17     3.3    0.87      7542   26.6   6.9309e-02   26.6   412537
  164.1   896.4   1.18     4.5    1.14      7286   29.6   6.6957e-02   29.6   427583
  172.3   941.0   1.21   409.0    1.55   1684144    0.2   1.5478e+01    0.2   415774
  176.4   963.6   1.21     3.4    1.55      5805   37.3   5.3350e-02   37.3   450422
  179.0   977.9   1.21   183.2    1.55    467723    0.6   4.2985e+00    0.6   415774
  186.8  1020.2   1.24   334.2    1.94   1434834    0.2   1.3186e+01    0.2   377931
  187.8  1025.8   1.24    13.2    1.94    180842    1.5   1.6620e+00    1.5   377931
  190.7  1041.5   1.24     5.8    1.94      5445   44.3   5.0044e-02   44.3   409426
  197.0  1076.1   1.26    48.9    1.33    113547    2.1   1.0435e+00    2.1   346980
  198.1  1082.0   1.26     9.3    1.33     44054    5.4   4.0486e-01    5.4   346980
  206.0  1125.2   1.45    27.9   11.50     46802   17.3   4.3012e-01   17.3   371339
  208.7  1140.0   1.46    25.4   11.50     77593   10.8   7.1309e-01   10.8   371339
  216.7  1184.0   1.25    20.9    0.97     31291    5.5   2.8757e-01    5.5   254363
  219.7  1200.3   1.26   158.4    0.97    376194    0.5   3.4573e+00    0.5   275560
  221.8  1211.9   1.26    17.9    0.97     53124    3.1   4.8822e-01    3.1   254363
  223.8  1222.7   1.26    76.1    0.97    142833    1.2   1.3127e+00    1.2   275560
  228.2  1246.7   1.26     4.7    0.97      4657   36.1   4.2802e-02   36.1   275560
  233.7  1276.6   1.16    13.2    1.85     15050   10.5   1.3831e-01   10.5   204875
  235.6  1287.3   1.16     6.4    1.85      9548   16.6   8.7750e-02   16.6   223500
  238.6  1303.8   1.16    20.2    1.85     21543    7.5   1.9798e-01    7.5   223500
  245.2  1339.5   1.27   146.6   14.79    323757    2.7   2.9754e+00    2.7   245353
  268.0  1464.5   1.28    10.2    0.65    298164    0.7   2.7402e+00    0.7   163049
  268.8  1468.9   1.28   202.9    0.65    579505    0.4   5.3257e+00    0.4   163049
  276.0  1508.2   1.20    23.5    4.69     20073   17.3   1.8448e-01   17.3   147850
  283.1  1546.9   1.28    11.1    1.04     10420   10.1   9.5760e-02   10.1   145525
  288.3  1575.6   1.29    19.5    1.04     20465    5.3   1.8808e-01    5.3   145525
  293.6  1604.4   1.31     7.8    1.53     31639    4.8   2.9076e-01    4.8   134606
  294.7  1610.6   1.31     4.7    1.53    132427    1.2   1.2170e+00    1.2   134606
  296.0  1617.3   1.31   118.3    1.53    294777    0.6   2.7091e+00    0.6   134606
  300.4  1641.7   1.32    16.1    1.53     17968    7.5   1.6513e-01    7.5   134606
  308.4  1685.6   1.33   154.5    1.19    296097    0.6   2.7212e+00    0.6   126308
  316.5  1729.6   1.34   270.9    1.26    795106    0.3   7.3072e+00    0.3   124387
  328.5  1795.1   1.34    95.2    0.83    140736    1.0   1.2934e+00    1.0   130777
  338.4  1849.3   1.32     6.8    1.16      7263   14.0   6.6752e-02   14.0   122857
  343.2  1875.6   1.32     5.6    1.16      4598   22.8   4.2256e-02   22.8   122857
  351.2  1919.2   1.38   287.7    2.06    945614    0.3   8.6903e+00    0.3   132127
  359.9  1966.9   1.37   360.5    3.97   1599610    0.3   1.4701e+01    0.3   126093
  361.1  1973.3   1.37    18.7    3.97    197007    1.3   1.8105e+00    1.3   126093
  371.2  2028.8   1.37   184.2    1.18    339450    0.5   3.1196e+00    0.5    90236
  374.5  2046.5   1.37     7.7    1.18      6526   19.1   5.9976e-02   19.1    83790
  380.0  2076.7   1.38    33.0    1.18     31039    4.1   2.8525e-01    4.1    90236
  397.3  2171.6   1.40    80.4    0.82     92412    1.3   8.4928e-01    1.3    75013
  404.1  2208.4   1.41     4.0    4.75      5384   21.1   4.9477e-02   21.1    67917
  407.1  2225.3   1.41   129.3    4.75    388382    0.5   3.5693e+00    0.5    67917
  409.4  2237.7   1.42   438.1    4.75   1889685    0.2   1.7367e+01    0.2    67917
  416.3  2275.5   1.40     7.3    1.79      4834   15.4   4.4421e-02   15.4    56056
  420.6  2299.0   1.40    24.5    1.79     16525    4.6   1.5187e-01    4.6    56056
  424.4  2319.8   1.40     5.8    1.79      3690   20.4   3.3916e-02   20.4    56056
  431.6  2358.9   1.43    41.3    1.15     33789    2.6   3.1053e-01    2.6    47626
  445.0  2432.4   1.43    19.0    0.92     13370    5.3   1.2287e-01    5.3    42391
  447.8  2447.4   1.43    42.3    0.92     32812    2.3   3.0155e-01    2.3    42391
  456.4  2494.7   1.44   260.8    8.14    691958    0.6   6.3592e+00    0.6    49003
  462.9  2530.3   1.46     4.3    1.58      2223   29.8   2.0428e-02   29.8    34433
  468.0  2558.1   1.46   166.8    1.58    310044    0.4   2.8494e+00    0.4    32137
  473.9  2590.4   1.45     4.9    1.78      1984   29.2   1.8236e-02   29.2    31697
  477.7  2611.4   1.46    29.7    1.78     20612    3.0   1.8942e-01    3.0    31697
  479.9  2623.0   1.46    14.0    1.78     10896    5.3   1.0014e-01    5.3    29584
  483.1  2640.6   1.46     5.3    1.78      2324   25.3   2.1361e-02   25.3    31697
  484.6  2649.1   1.46    32.7    1.78     23920    2.7   2.1983e-01    2.7    29584
  490.6  2681.7   1.46    15.2    2.28      7160    8.6   6.5799e-02    8.6    28523
  494.6  2703.4   1.47    20.0    2.28     11567    5.1   1.0630e-01    5.1    28523
  502.5  2746.6   1.43    23.9    1.02     13513    4.5   1.2418e-01    4.5    26115
  510.9  2792.5   2.95    22.4    6.43     66640    2.4   6.1243e-01    2.4    46486
  518.4  2833.8   1.50   178.0    6.43    372893    0.4   3.4269e+00    0.4    24044
  538.8  2945.4   1.51   459.0   12.65   2558242    0.2   2.3511e+01    0.2    21326
  541.6  2960.5   1.51    47.3   12.65     65066    1.9   5.9796e-01    1.9    21326
  544.9  2978.6   1.52    19.8   12.65      9883   10.6   9.0830e-02   10.6    21326
  557.9  3049.7   1.53   157.1    2.66    313077    0.4   2.8772e+00    0.4    14059
  562.5  3074.7   1.53     4.5    2.66      1229   40.7   1.1295e-02   40.7    14059
  569.2  3111.5   1.56   151.2    3.09    314237    0.4   2.8879e+00    0.4    12874
  576.4  3150.9   1.55    33.9    1.74     20687    2.5   1.9011e-01    2.5    12933
  583.3  3188.7   1.66    36.9    1.42     26928    1.8   2.4748e-01    1.8    13172
  588.2  3215.7   1.66    46.5    1.42     47089    1.1   4.3275e-01    1.1    13172
  594.0  3247.1   1.67     3.9    1.42      1087   32.8   9.9926e-03   32.8    12397
  605.1  3307.7   1.62   163.9    7.48    434330    0.5   3.9916e+00    0.5    11852
  607.6  3321.3   1.62    12.6    7.48     11323    6.0   1.0406e-01    6.0    11852
  609.2  3330.2   1.63    29.9    7.48     24318    2.9   2.2348e-01    2.9    11852
  612.4  3347.7   1.63    40.4    7.48     26785    2.7   2.4616e-01    2.7    11852
  615.3  3363.6   1.63    12.9    7.48      5357   11.5   4.9235e-02   11.5    11852
  624.0  3411.3   1.56   127.9    4.62    231908    0.5   2.1313e+00    0.5    12344
  628.2  3434.4   1.57    10.5    4.62      6649    8.6   6.1102e-02    8.6    12344
  631.0  3449.5   1.57    40.3    4.62     27806    2.4   2.5555e-01    2.4    12344
  645.0  3526.2   1.71    16.3    1.48      7532    5.1   6.9221e-02    5.1     8342
  655.9  3585.8   1.58    28.5    1.27     10280    3.2   9.4475e-02    3.2     7663
  658.8  3601.6   1.58     7.2    1.27      1975   13.7   1.8147e-02   13.7     7184
  665.5  3638.0   1.59     3.4    1.27       523   50.9   4.8072e-03   50.9     7663
  680.1  3718.2   1.60     6.3    0.94      1186   23.9   1.0902e-02   23.9     7141
  690.0  3772.3   1.61     7.7    1.97      1803   17.7   1.6570e-02   17.7     7164
  708.9  3875.5   1.62     3.5    1.03       679   41.8   6.2412e-03   41.8     7138
  721.3  3943.2   1.74    36.0    1.28     14094    2.7   1.2953e-01    2.7     6699
  726.3  3970.7   1.74    55.4    1.28     34506    1.3   3.1711e-01    1.3     6699
  735.3  4019.7   1.65     3.5    1.17       511   46.1   4.6998e-03   46.1     6174
  740.2  4046.9   1.65     5.1    1.17      1098   21.6   1.0092e-02   21.6     6174
  744.1  4068.1   1.65     7.5    1.17      1703   14.5   1.5646e-02   14.5     6174
  755.5  4130.2   1.66     3.5    1.40       619   43.6   5.6849e-03   43.6     5750
  762.6  4169.4   1.73     6.9    0.88      2026   12.4   1.8616e-02   12.4     5842
  768.5  4201.6   1.73    40.8    0.88     19955    1.8   1.8339e-01    1.8     5842
  772.2  4221.6   1.73     3.4    0.88       601   40.4   5.5234e-03   40.4     5842
  785.4  4294.0   1.69     5.2    1.16      1024   23.0   9.4071e-03   23.0     5389
  792.4  4331.9   1.69     6.4    1.16      1807   12.8   1.6608e-02   12.8     5389
  794.8  4345.1   1.69     6.1    1.16      1715   14.1   1.5762e-02   14.1     5389
  806.0  4406.7   1.77     6.7    1.17      1163   22.5   1.0688e-02   22.5     5333
  810.7  4432.3   1.77    26.7    1.17      9436    3.4   8.6720e-02    3.4     5333
  821.8  4492.9   1.82     9.7    1.20      2221   10.8   2.0411e-02   10.8     5350
  828.9  4531.9   1.83    50.0    1.20     30214    1.3   2.7767e-01    1.3     5350
  834.9  4564.6   1.83    14.2    1.20      4343    5.8   3.9913e-02    5.8     5350
  839.1  4587.7   1.84    25.4    1.20      9030    3.3   8.2986e-02    3.3     5350
  846.8  4629.4   1.74     9.1    0.99      1481   17.0   1.3613e-02   17.0     4870
  860.5  4704.3   1.75     7.7    0.79      1671   14.8   1.5361e-02   14.8     4761
  884.6  4836.2   1.77     6.1    0.66      1099   21.5   1.0097e-02   21.5     4864
  911.1  4981.5   1.80    31.8    0.85     10880    2.7   9.9993e-02    2.7     4351
  916.7  5012.0   1.80     3.5    0.85       668   32.5   6.1399e-03   32.5     4607
  925.2  5058.5   2.12     3.5    1.48       414   55.2   3.8024e-03   55.2     5081
  931.3  5091.6   2.13     9.2    1.48      2152   11.7   1.9779e-02   11.7     5081
  935.0  5112.1   2.13    10.2    1.48      4248    6.5   3.9043e-02    6.5     4839
  938.7  5132.4   2.13     9.8    1.48      2223   11.4   2.0430e-02   11.4     5081
  964.6  5274.0   1.91    10.6    1.02      2408    9.0   2.2129e-02    9.0     3987
  968.9  5297.3   1.91    20.4    1.02      6553    4.0   6.0221e-02    4.0     4208
  976.1  5336.5   1.92     3.5    1.02       502   41.7   4.6139e-03   41.7     4208
 1001.1  5473.2   1.86     4.4    0.77       776   28.3   7.1322e-03   28.3     3941
 1036.0  5664.4   1.90    37.4    1.09     14640    2.3   1.3454e-01    2.3     3983
 1063.7  5815.6   1.92     8.0    1.03      1692   13.8   1.5552e-02   13.8     3930
 1115.2  6097.3   1.96     3.9    1.22       500   44.2   4.5918e-03   44.2     3933
 1120.3  6125.1   1.97    25.3    1.22      7195    3.7   6.6123e-02    3.7     4140
 1133.8  6199.1   2.12    10.7    1.43      2361   10.9   2.1698e-02   10.9     3930
 1147.2  6272.4   1.98     3.5    0.78       594   34.0   5.4635e-03   34.0     3769
 1150.7  6291.8   1.98    10.4    0.78      2153    9.9   1.9786e-02    9.9     3769
 1155.1  6315.4   1.99     3.8    0.78       686   31.2   6.3030e-03   31.2     3769
 1183.5  6471.0   2.01     5.3    0.87       915   24.2   8.4106e-03   24.2     3893
 1200.2  6562.4   2.05    11.0    1.00      2206    9.5   2.0270e-02    9.5     3815
 1207.7  6603.2   2.05     3.4    1.00       338   58.0   3.1064e-03   58.0     3815
 1238.2  6769.8   2.05    17.4    0.92      4109    6.0   3.7764e-02    6.0     3731
 1253.8  6855.2   2.07     3.8    0.68       451   43.1   4.1479e-03   43.1     3021
 1274.5  6968.7   2.12    28.2    0.96      9175    2.8   8.4317e-02    2.8     2750
 1281.1  7004.6   2.13     5.7    0.96       660   27.9   6.0680e-03   27.9     2750
 1324.3  7241.0   2.18    13.4    0.61      2488    6.6   2.2867e-02    6.6     2218
 1332.8  7287.3   2.19     3.4    0.61       347   41.0   3.1883e-03   41.0     2118
 1377.5  7531.9   2.21    29.4    1.41      8277    2.6   7.6071e-02    2.6     1634
 1386.6  7581.6   2.22     3.7    1.41       783   18.6   7.1955e-03   18.6     1559
 1397.2  7639.6   2.19     4.6    1.10       661   19.9   6.0774e-03   19.9     1450
 1401.6  7663.5   2.19     6.3    1.10       591   23.0   5.4328e-03   23.0     1450
 1408.0  7698.6   2.20     8.7    1.10      1569    9.3   1.4418e-02    9.3     1450
 1434.0  7841.1   2.25    10.4    1.07      1454   11.1   1.3364e-02   11.1     1444
 1460.7  7986.9   2.24    90.0    3.13     72679    0.9   6.6793e-01    0.9     1191
 1468.9  8031.8   2.25     5.0    3.13       578   26.8   5.3115e-03   26.8     1191
 1495.3  8176.3   2.27     4.4    0.81       582   17.6   5.3465e-03   17.6      971
 1501.9  8212.2   2.27     3.3    0.81       249   38.0   2.2905e-03   38.0      971
 1509.1  8251.5   2.28     8.7    0.81       898   12.6   8.2558e-03   12.6     1016
 1582.6  8653.6   2.34     3.5    1.04       315   34.8   2.8966e-03   34.8      878
 1588.1  8683.6   2.35     9.3    1.04      1022   11.5   9.3909e-03   11.5      878
 1592.3  8706.3   2.35     8.8    1.04      1196   10.2   1.0991e-02   10.2      878
 1620.9  8862.9   2.37     6.2    0.89       613   14.3   5.6331e-03   14.3      704
 1630.4  8914.6   2.38     4.9    0.89       524   17.0   4.8168e-03   17.0      704
 1638.2  8957.2   2.39     3.5    0.89       170   46.3   1.5625e-03   46.3      704
 1661.3  9083.9   2.41     5.1    1.47       451   23.9   4.1487e-03   23.9      666
 1729.5  9456.5   2.52    11.1    0.73      1265    8.9   1.1630e-02    8.9      571
 1757.5  9609.8   2.48     5.8    1.01       507   17.7   4.6576e-03   17.7      533
 1764.4  9647.5   2.49    28.9    1.01      7231    2.5   6.6455e-02    2.5      555
 1770.8  9682.4   2.49     3.7    1.01       380   22.9   3.4903e-03   22.9      533
 1847.2 10100.7   2.56     8.3    1.27       975   11.1   8.9594e-03   11.1      506
 1919.3 10494.7   2.62     9.0    0.71       799   13.0   7.3444e-03   13.0      539
 2103.0 11499.4   2.77     9.6    1.19      1398    7.1   1.2845e-02    7.1      496
 2118.0 11581.5   2.78     6.0    1.19       531   15.8   4.8763e-03   15.8      496
 2203.6 12049.5   2.88    16.0    0.84      2114    6.0   1.9427e-02    6.0      461
 2447.0 13380.5   3.05     8.4    1.19       680   13.4   6.2464e-03   13.4      323
 2597.9 14205.9   3.09     3.9    1.84       220   20.7   2.0211e-03   20.7       90
 2613.7 14291.9   3.10    40.1    1.84     12267    1.9   1.1273e-01    1.9       90

   indicates the Iterative Peak Width fitting reached a limiting value.
