
                       be used for evaluation purposes
                                                            11-Mar-2019 16:14
                       _________________________________

                       P E A K     F I T     R E P O R T
                       _________________________________

 Spectrum file Analysed: BG03032019_32cm_Ir09_IDM2.Chn    
 Sample Title :          Ir09

 Spectrum saved on  3-Mar-2019 at 17:33    Collected on  3-Mar-2019 at  1:15
 Sample  Taken  on  3-Mar-2019 at  1:15    Decayed      0 Days,     0 mins.

            Detector file number used:     4
            Energy     Calibration Performed on  8-Mar-2019 at 11:45
            Peak Shape Calibration Performed on  8-Mar-2019 at 11:47

 

   Datetime:   3-Mar-2019   1:15
   Live:      57775.0 
   Mass:      977
   Shelf:     32
   Detector:      4

   Reported Activity values were rounded     
   FitzPeaks Version: 3.71 23rd January 2014           
                                                                                                     
              


 Peak   Centre   FW@HM         Goodness   Peak      %      Gammas       %      2 Sigma
Energy  Channel  (KeV)  Signif  of Fit    Area   Uncert.  per sec.   Uncert. Background

   63.4   345.5   1.15   239.6   27.95   1086319    0.4   1.8803e+01    0.4   145703
   65.0   354.4   1.15   394.4   27.95   1996067    0.3   3.4549e+01    0.3   145703
   66.9   364.9   1.15    75.6   27.95    165992    2.5   2.8731e+00    2.5   158949
   73.6   401.1   1.26   225.5    3.87    748981    0.3   1.2964e+01    0.3    85428
   75.7   412.9   1.26   125.0    3.87    298499    0.7   5.1666e+00    0.7    92546
   78.0   425.4   1.26    18.8    3.87     16725   10.2   2.8948e-01   10.2    92546
   82.6   450.3   1.12   107.8    1.47    139238    0.8   2.4100e+00    0.8    57899
   85.0   463.6   1.12    11.9    1.47     11158    8.4   1.9312e-01    8.4    57899
   87.5   477.3   1.12     6.2    1.47      3094   29.1   5.3548e-02   29.1    57899
   92.9   507.0   1.15     3.4    1.19      2574   33.0   4.4553e-02   33.0    64867
   96.7   527.4   1.15    85.4    1.19    104294    1.0   1.8052e+00    1.0    59462
  129.5   707.2   1.18    92.9    0.93    106077    1.1   1.8360e+00    1.1    68276
  135.9   741.8   1.15     3.8    1.46      3821   19.2   6.6129e-02   19.2    67379
  141.0   770.1   1.16     4.7    1.46      2297   32.8   3.9751e-02   32.8    67379
  172.3   941.0   1.21    95.5    0.84    108814    1.0   1.8834e+00    1.0    61268
  179.1   978.0   1.21    38.7    1.06     30194    3.0   5.2261e-01    3.0    57149
  186.7  1019.8   1.39    19.0    1.04     22324    4.0   3.8640e-01    4.0    60572
  187.7  1025.0   1.39     6.8    1.04     13199    6.8   2.2845e-01    6.8    60572
  201.3  1099.8   1.24     3.8    1.43      1713   36.1   2.9648e-02   36.1    42542
  205.9  1124.6   1.24    20.2    1.43     12988    5.1   2.2480e-01    5.1    46087
  209.1  1142.1   1.24     6.6    1.43      5011   12.8   8.6738e-02   12.8    42542
  219.7  1200.4   1.30    30.1    0.91     22530    2.9   3.8996e-01    2.9    37342
  221.8  1211.8   1.30     7.8    0.91      3662   16.0   6.3385e-02   16.0    37342
  223.8  1222.6   1.30     7.0    0.91      4627   12.5   8.0088e-02   12.5    37342
  228.2  1246.5   1.31     5.3    0.91      2942   20.0   5.0919e-02   20.0    37342
  238.6  1303.9   1.27    21.4    1.34     12712    4.9   2.2003e-01    4.9    32521
  241.8  1321.0   1.27     4.1    1.34      2956   20.6   5.1163e-02   20.6    30020
  268.6  1467.6   1.52    47.2    4.27     56039    1.8   9.6995e-01    1.8    28505
  277.5  1516.6   1.25    10.3    0.97      4125    9.7   7.1404e-02    9.7    22667
  283.2  1547.7   1.25     3.6    0.97       744   55.6   1.2881e-02   55.6    22667
  293.6  1604.3   1.38    13.6    1.54     11648    4.4   2.0160e-01    4.4    21337
  295.9  1617.0   1.38    87.7    1.54     92116    0.9   1.5944e+00    0.9    21337
  300.6  1642.9   1.38     6.3    1.54      2756   17.4   4.7695e-02   17.4    21337
  308.5  1685.6   1.33    88.8    0.68     83075    0.9   1.4379e+00    0.9    17961
  316.5  1729.6   1.33   153.7    1.43    224787    0.5   3.8907e+00    0.5    16793
  328.5  1795.0   1.35    70.8    1.27     54223    1.3   9.3852e-01    1.3    16329
  334.2  1826.4   1.32     3.4    1.36       925   41.4   1.6013e-02   41.4    14851
  338.3  1848.6   1.32     9.6    1.36      3453   11.5   5.9774e-02   11.5    14851
  351.3  1919.7   1.48    70.5    2.51     70814    1.2   1.2257e+00    1.2    16183
  359.9  1967.0   1.40    96.7    3.00    104116    0.8   1.8021e+00    0.8    14558
  371.2  2028.9   1.39    11.8    1.02      4867    7.0   8.4240e-02    7.0    11722
  374.5  2046.8   1.39     7.8    1.02      1715   20.1   2.9681e-02   20.1    11722
  397.3  2171.5   1.37     6.1    1.03      1440   21.9   2.4922e-02   21.9     9354
  407.2  2225.5   1.41     6.1    0.77      6037    7.1   1.0450e-01    7.1    10327
  409.4  2237.6   1.42   112.3    0.77    120785    0.6   2.0906e+00    0.6     9638
  416.4  2276.1   1.38     4.9    0.97      1195   26.0   2.0682e-02   26.0     8931
  444.9  2432.0   1.41     3.6    0.90       626   45.2   1.0828e-02   45.2     7329
  456.4  2494.7   1.45    70.2    1.59     45518    1.0   7.8785e-01    1.0     7044
  462.8  2529.8   1.46     5.4    1.59       944   26.6   1.6343e-02   26.6     6574
  468.0  2558.0   1.46    96.1    1.59     86954    0.7   1.5050e+00    0.7     6574
  479.7  2622.4   1.42     3.6    0.89       482   42.2   8.3494e-03   42.2     5664
  484.5  2648.3   1.43    20.7    0.89      5523    4.4   9.5594e-02    4.4     5664
  489.0  2672.8   1.43     4.1    0.89       742   27.0   1.2839e-02   27.0     5664
  494.5  2703.0   1.44     3.9    0.89       837   24.2   1.4494e-02   24.2     5664
  510.8  2792.2   2.73    15.3    2.02     19774    2.5   3.4226e-01    2.5     9127
  518.4  2833.8   1.27    19.1    2.02      5028    5.1   8.7027e-02    5.1     4563
  538.8  2945.3   1.52   135.7    1.43    164575    0.5   2.8485e+00    0.5     4526
  541.6  2960.6   1.52    10.8    1.43      4247    7.7   7.3509e-02    7.7     4526
  557.9  3049.6   1.46    19.7    1.01      4647    5.3   8.0434e-02    5.3     4053
  569.3  3111.9   1.58    20.6    1.01      5871    4.7   1.0162e-01    4.7     4290
  576.4  3150.8   1.60     7.7    1.07      1211   16.0   2.0952e-02   16.0     4025
  583.1  3187.8   1.61    26.9    1.07      8273    2.9   1.4319e-01    2.9     4025
  588.4  3216.6   1.61    23.3    1.07      8401    3.0   1.4540e-01    3.0     4025
  604.6  3305.0   1.67    30.9    2.44     17255    2.4   2.9866e-01    2.4     3710
  609.2  3330.3   1.67    34.5    2.44     13461    2.5   2.3299e-01    2.5     3942
  612.4  3347.8   1.68    24.1    2.44      7534    3.7   1.3040e-01    3.7     3942
  624.0  3411.2   1.63    37.4    1.73     15439    2.1   2.6722e-01    2.1     3517
  645.1  3526.6   1.58    12.5    1.20      2532    8.2   4.3832e-02    8.2     2830
  727.0  3974.7   1.64     7.4    1.60      1811   11.1   3.1341e-02   11.1     2697
  743.7  4066.0   1.65     3.6    0.75       391   44.3   6.7718e-03   44.3     2583
  768.3  4200.3   1.67     8.5    0.94      1528   12.4   2.6448e-02   12.4     2685
  785.3  4293.4   1.69     3.9    0.74       483   34.2   8.3613e-03   34.2     2477
  794.9  4345.9   1.69     7.4    0.92       983   17.4   1.7010e-02   17.4     2194
  806.2  4407.5   1.69     3.7    0.78       304   50.5   5.2576e-03   50.5     2283
  810.7  4432.3   1.69    16.6    0.78      3195    5.7   5.5292e-02    5.7     2283
  829.1  4533.0   1.72     4.2    1.51       507   31.0   8.7775e-03   31.0     2370
  834.9  4564.5   1.73     9.8    1.51      2073    8.8   3.5876e-02    8.8     2370
  846.7  4629.0   1.74     8.7    0.98      1266   13.7   2.1918e-02   13.7     2331
  860.5  4704.5   1.75     5.1    1.58       904   19.9   1.5641e-02   19.9     2114
  911.1  4981.4   1.84    23.4    0.99      5777    3.9   9.9993e-02    3.9     2036
  934.5  5109.1   1.81     3.6    1.46       951   17.8   1.6464e-02   17.8     2084
  938.6  5131.8   1.81     6.2    1.46       821   20.7   1.4217e-02   20.7     2084
  964.6  5274.0   1.94     7.9    0.75      1190   13.3   2.0601e-02   13.3     2125
  968.9  5297.4   1.95    16.5    0.75      3472    5.4   6.0094e-02    5.4     2019
 1000.9  5472.2   1.86     4.1    0.72       412   36.5   7.1332e-03   36.5     1887
 1063.6  5815.3   1.92     7.9    1.31      1011   16.3   1.7504e-02   16.3     1827
 1115.4  6098.7   1.92     3.3    1.15       333   45.9   5.7561e-03   45.9     1809
 1120.2  6124.9   1.92    20.0    1.15      3953    5.0   6.8428e-02    5.0     1809
 1150.8  6292.1   1.99     5.3    0.79       644   23.3   1.1146e-02   23.3     1853
 1155.1  6315.8   1.99     3.7    0.79       505   29.2   8.7426e-03   29.2     1853
 1173.1  6413.9   2.00     3.3    1.03       298   41.3   5.1573e-03   41.3     1867
 1183.4  6470.3   2.01     3.6    1.03       352   35.7   6.0890e-03   35.7     1867
 1238.1  6769.5   2.18    12.3    0.81      2336    8.0   4.0429e-02    8.0     1962
 1274.5  6968.4   2.07    21.8    1.29      4640    3.9   8.0311e-02    3.9     1406
 1280.8  7002.8   2.08     3.9    1.29       329   41.3   5.6958e-03   41.3     1339
 1332.7  7286.8   2.14     3.3    0.86       221   51.7   3.8298e-03   51.7      989
 1377.6  7532.2   2.40    12.7    0.86      2020    6.3   3.4962e-02    6.3      825
 1385.3  7574.3   2.40     3.6    0.86       247   40.2   4.2783e-03   40.2      825
 1401.4  7662.3   2.19     4.3    0.79       316   29.8   5.4664e-03   29.8      751
 1407.9  7698.3   2.20     7.3    0.79       677   14.9   1.1720e-02   14.9      751
 1433.9  7840.1   2.22     3.4    1.03       314   32.7   5.4366e-03   32.7      730
 1460.7  7986.9   2.24    64.1    2.14     39001    1.1   6.7505e-01    1.1      562
 1469.0  8032.1   2.24     4.5    2.14       177   56.5   3.0575e-03   56.5      562
 1496.0  8179.6   2.27     3.7    0.83       171   48.7   2.9535e-03   48.7      482
 1509.2  8252.3   2.28     6.6    1.03       524   18.4   9.0710e-03   18.4      518
 1588.2  8684.3   2.35     5.6    0.99       504   18.2   8.7268e-03   18.2      500
 1592.4  8707.0   2.35     4.3    0.99       576   16.4   9.9689e-03   16.4      478
 1620.8  8862.4   2.37     5.0    0.98       312   20.9   5.3963e-03   20.9      324
 1630.6  8916.1   2.38     4.8    0.98       323   19.8   5.5830e-03   19.8      324
 1638.0  8956.3   2.39     3.7    0.98       124   44.3   2.1485e-03   44.3      324
 1661.3  9083.5   2.41     3.8    0.99       211   35.5   3.6561e-03   35.5      324
 1729.4  9456.3   2.46     8.3    0.93       720   11.4   1.2466e-02   11.4      281
 1764.3  9647.3   2.42    21.5    1.07      3626    3.6   6.2761e-02    3.6      289
 1770.9  9683.2   2.42     3.5    1.07       174   38.1   3.0184e-03   38.1      301
 1847.1 10100.1   2.56     5.5    0.68       474   15.9   8.1986e-03   15.9      282
 1919.0 10492.9   2.62     3.5    0.93       144   47.5   2.4849e-03   47.5      282
 2103.0 11499.3   2.77     5.4    1.20       721   10.1   1.2477e-02   10.1      262
 2118.2 11582.4   2.78     7.3    1.20       278   21.3   4.8103e-03   21.3      262
 2203.6 12049.4   2.70    10.3    1.02      1089    8.1   1.8841e-02    8.1      234
 2446.9 13380.1   3.05     4.8    0.87       343   18.5   5.9294e-03   18.5      177
 2598.2 14207.3   3.05     3.5    1.29       117   28.7   2.0311e-03   28.7       50
 2613.6 14291.7   3.07    28.5    1.29      6441    2.4   1.1148e-01    2.4       50

   indicates the Iterative Peak Width fitting reached a limiting value.
