
                       be used for evaluation purposes
                                                            13-Mar-2019 18:55
                       _________________________________

                       P E A K     F I T     R E P O R T
                       _________________________________

 Spectrum file Analysed: BH03032019_40cm_Ir04_IDM3.Chn    
 Sample Title :          Ir04

 Spectrum saved on  3-Mar-2019 at  1:04    Collected on  1-Mar-2019 at 17:02
 Sample  Taken  on  1-Mar-2019 at 17:02    Decayed      0 Days,     0 mins.

            Detector file number used:     5
            Energy     Calibration Performed on  8-Mar-2019 at 12:01
            Peak Shape Calibration Performed on  8-Mar-2019 at 12:02

 

   Datetime:   1-Mar-2019  17:02
   Live:      112898. 
   Mass:      477
   Shelf:     40
   Detector:      5

   Reported Activity values were rounded     
   FitzPeaks Version: 3.71 23rd January 2014           
                                                                                                     
              


 Peak   Centre   FW@HM         Goodness   Peak      %      Gammas       %      2 Sigma
Energy  Channel  (KeV)  Signif  of Fit    Area   Uncert.  per sec.   Uncert. Background

   53.9   294.6   1.73    22.1    6.76     52832   30.7   4.6796e-01   30.7  1558505
   61.3   334.9   1.46    16.5   30.01    520403    8.3   4.6095e+00    8.3  1429485
   63.0   344.0   1.47   379.4   30.01   6993151    0.6   6.1942e+01    0.6  1429485
   64.6   353.0   1.47   827.7   30.01  10984075    0.4   9.7292e+01    0.4  1429485
   71.1   388.4   1.56    14.5    8.06    355776    4.7   3.1513e+00    4.7   502022
   73.2   399.8   1.56   579.5    8.06   4465875    0.4   3.9557e+01    0.4   535490
   75.3   411.4   1.56   193.5    8.06   1427274    1.2   1.2642e+01    1.2   502022
   82.1   448.8   1.45   283.0    1.30    798334    0.4   7.0713e+00    0.4   243158
   84.6   462.1   1.45    27.6    1.30     71364    3.1   6.3211e-01    3.1   243158
   87.1   476.2   1.45    14.6    1.30     18609   11.8   1.6483e-01   11.8   243158
   96.2   526.0   1.47   229.6    1.05    584373    0.5   5.1761e+00    0.5   235447
   99.2   542.4   1.48     8.1    1.05     11584   20.5   1.0260e-01   20.5   252265
  103.4   565.1   1.48    13.1    1.05     23189   10.6   2.0540e-01   10.6   235447
  105.8   578.0   1.48    20.5    1.05     28919    8.4   2.5615e-01    8.4   235447
  116.8   638.5   1.48     3.7    0.87      5964   39.4   5.2827e-02   39.4   282392
  121.6   664.8   1.48     7.1    0.87     10061   23.5   8.9119e-02   23.5   282392
  129.1   705.9   1.50   233.5    1.08    599992    0.4   5.3145e+00    0.4   270215
  137.2   749.7   1.79     4.0    3.33     12666   18.1   1.1219e-01   18.1   311652
  140.6   768.6   1.79    13.7    3.33     18692   12.2   1.6557e-01   12.2   294338
  172.1   940.7   1.53   235.0    1.10    604910    0.4   5.3580e+00    0.4   248627
  178.9   977.9   1.54    99.7    1.10    167055    1.1   1.4797e+00    1.1   248627
  186.7  1020.7   1.64   236.8   15.24    721026    0.8   6.3865e+00    0.8   246589
  197.0  1077.1   1.83    31.0    3.16     65024    2.9   5.7595e-01    2.9   231544
  198.6  1085.5   1.84     3.7    3.16     11316   15.7   1.0023e-01   15.7   231544
  205.9  1125.7   1.84    20.4    3.16     31858    5.8   2.8219e-01    5.8   231544
  208.7  1141.0   1.84    14.7    3.16     38759    5.1   3.4331e-01    5.1   231544
  219.7  1201.1   1.53    86.2    0.88    124202    1.2   1.1001e+00    1.2   163116
  221.8  1212.8   1.53     9.3    0.88     16692    8.1   1.4785e-01    8.1   152921
  223.8  1223.6   1.53    45.9    0.88     58687    2.4   5.1983e-01    2.4   152921
  228.2  1247.6   1.54    20.1    0.88     21684    6.5   1.9207e-01    6.5   152921
  235.5  1287.3   1.57     3.9    1.73      4101   30.6   3.6327e-02   30.6   139436
  238.7  1304.9   1.57    25.2    1.73     24005    5.4   2.1262e-01    5.4   139436
  242.1  1323.9   1.57     4.8    1.73      6783   18.2   6.0085e-02   18.2   139436
  245.2  1340.4   1.58    40.8    1.73     46663    2.8   4.1332e-01    2.8   130721
  268.6  1468.7   1.84   124.4    4.43    313007    0.7   2.7725e+00    0.7   113494
  277.5  1517.5   1.65    29.2    2.04     29374    3.5   2.6018e-01    3.5    97837
  283.2  1548.5   1.66     5.5    2.04      4877   18.7   4.3196e-02   18.7    97837
  288.4  1576.6   1.66    13.3    2.04      9361   10.3   8.2919e-02   10.3    97837
  294.2  1608.5   1.73    17.0    3.78     59566    2.6   5.2761e-01    2.6    87016
  295.9  1617.9   1.73    95.7    3.78    209826    0.8   1.8585e+00    0.8    87016
  300.7  1644.1   1.74     7.1    3.78      7114   15.4   6.3012e-02   15.4    87016
  308.5  1686.8   1.60   118.6    1.00    175086    0.7   1.5508e+00    0.7    74407
  316.6  1730.8   1.61   211.9    1.00    479803    0.3   4.2499e+00    0.3    74407
  328.5  1796.2   1.63   103.5    0.67    124236    0.9   1.1004e+00    0.9    69738
  334.3  1827.7   1.63     5.0    0.67      3852   20.6   3.4120e-02   20.6    69738
  338.4  1850.1   1.63     9.8    0.67      6745   12.2   5.9745e-02   12.2    69738
  351.2  1920.4   1.67   187.4    1.85    346606    0.5   3.0701e+00    0.5    71976
  359.9  1967.9   1.63   235.0    0.97    562931    0.3   4.9862e+00    0.3    63107
  361.1  1974.4   1.63    11.6    0.97     92862    1.6   8.2253e-01    1.6    63107
  371.2  2029.8   1.65   122.7    1.12    157209    0.7   1.3925e+00    0.7    49826
  374.6  2048.0   1.65     8.0    1.12      3526   21.5   3.1232e-02   21.5    49826
  380.0  2077.8   1.65    22.0    1.12     14345    5.6   1.2706e-01    5.6    49826
  397.3  2172.6   1.65    54.1    1.36     42852    2.2   3.7957e-01    2.2    44207
  407.2  2226.4   1.67    61.3    1.22    179169    0.7   1.5870e+00    0.7    40533
  409.4  2238.7   1.67   255.7    1.22    660163    0.3   5.8474e+00    0.3    40533
  416.3  2276.4   1.55     7.2    0.77      2790   19.8   2.4709e-02   19.8    31136
  420.7  2300.3   1.55    14.7    0.77      7430    7.6   6.5811e-02    7.6    31136
  431.6  2360.0   1.60    29.6    0.77     14595    4.2   1.2928e-01    4.2    28200
  445.2  2434.1   1.69     7.9    0.97      4749   12.6   4.2063e-02   12.6    23812
  447.8  2448.8   1.69    28.6    0.97     15437    4.1   1.3674e-01    4.1    25300
  456.5  2496.1   1.69   169.7    2.60    246511    0.5   2.1835e+00    0.5    23752
  462.9  2531.4   1.70     5.4    0.91      2159   25.2   1.9124e-02   25.2    21182
  468.1  2559.5   1.70   141.4    0.91    183099    0.5   1.6218e+00    0.5    21182
  477.9  2613.1   1.79    19.8    1.83     10023    4.8   8.8783e-02    4.8    19878
  480.1  2625.1   1.79     7.7    1.83      3004   15.3   2.6605e-02   15.3    19878
  484.7  2650.2   1.80    26.2    1.83     14851    3.3   1.3155e-01    3.3    19878
  490.6  2682.6   1.80     6.2    1.83      3782   12.0   3.3497e-02   12.0    18774
  494.7  2704.9   1.80    12.2    1.83      3946   11.7   3.4956e-02   11.7    19878
  502.6  2748.3   1.71    16.5    0.89      6354    7.2   5.6283e-02    7.2    16568
  502.6  2748.3   1.71    16.5    0.89      6354    7.2   5.6283e-02    7.2    16568
  511.0  2794.2   2.72    27.1    1.48     44803    1.9   3.9684e-01    1.9    24802
  518.5  2835.4   1.74   134.4    0.81    171336    0.5   1.5176e+00    0.5    14772
  538.9  2947.0   1.74   315.6    1.38    894419    0.2   7.9224e+00    0.2    13239
  541.7  2962.0   1.74     6.2    1.38     23408    2.6   2.0734e-01    2.6    13239
  545.2  2981.0   1.74     5.6    1.38      1056   47.5   9.3564e-03   47.5    13239
  558.0  3051.3   1.75   120.9    0.88    142824    0.6   1.2651e+00    0.6    10352
  562.6  3076.4   1.76     3.6    0.88       958   41.5   8.4851e-03   41.5    10352
  569.3  3113.2   1.78   118.9    1.24    138702    0.6   1.2286e+00    0.6    10066
  576.5  3152.7   1.78    20.1    1.24      7003    4.5   6.2033e-02    4.5     9506
  583.3  3189.8   1.78    35.3    1.24     17830    2.1   1.5793e-01    2.1    10066
  588.4  3217.7   1.79    38.9    1.24     21849    2.0   1.9353e-01    2.0     9506
  605.1  3309.1   1.86   143.8    3.13    204493    0.5   1.8113e+00    0.5     8838
  609.3  3331.7   1.86    46.3    3.13     24601    2.3   2.1791e-01    2.3     9329
  612.5  3349.3   1.87    36.6    3.13     15795    3.4   1.3991e-01    3.4     8838
  615.4  3365.1   1.87     6.1    3.13      2097   23.3   1.8575e-02   23.3     8838
  624.1  3412.7   1.79    96.9    2.21     81517    0.9   7.2204e-01    0.9     8676
  628.5  3436.8   1.79     4.9    2.21      3073   13.7   2.7218e-02   13.7     8676
  631.1  3450.9   1.80    31.6    2.21     14013    3.4   1.2412e-01    3.4     8676
  645.2  3528.2   1.86    17.1    1.08      5559    6.0   4.9242e-02    6.0     6935
  656.0  3587.4   1.75    15.5    1.26      4261    7.4   3.7744e-02    7.4     6781
  665.8  3641.0   1.81     3.8    1.23       702   41.3   6.2192e-03   41.3     6596
  690.1  3773.7   1.83     4.6    1.42       870   34.5   7.7021e-03   34.5     6448
  721.4  3944.8   2.03     8.9    0.88      2100   13.9   1.8603e-02   13.9     6336
  726.5  3973.0   2.04    35.0    0.88     17165    2.2   1.5204e-01    2.2     6336
  740.5  4049.1   1.86     3.4    1.17       588   42.8   5.2050e-03   42.8     5591
  744.1  4068.9   1.86     3.8    1.17       590   44.7   5.2286e-03   44.7     5591
  762.9  4171.7   1.88     3.8    0.82       633   38.8   5.6032e-03   38.8     5533
  768.7  4203.4   1.88    29.3    0.82      9865    3.2   8.7383e-02    3.2     5841
  785.6  4296.2   1.89     4.1    0.94       848   25.0   7.5129e-03   25.0     5052
  795.0  4347.4   1.89     8.1    0.94      1614   13.5   1.4299e-02   13.5     5332
  806.0  4407.8   1.97     4.4    0.91       930   25.7   8.2349e-03   25.7     4940
  810.9  4434.1   1.97    17.5    0.91      4982    5.4   4.4125e-02    5.4     5201
  821.9  4494.7   2.04     7.0    0.99      1160   18.0   1.0274e-02   18.0     4969
  829.1  4533.8   2.05    32.8    0.99     13729    2.2   1.2161e-01    2.2     4969
  835.1  4566.6   2.05    10.4    0.99      2396    8.9   2.1219e-02    8.9     4969
  839.3  4589.9   2.05    14.9    0.99      4351    5.1   3.8539e-02    5.1     4969
  846.9  4631.3   2.06     3.3    0.99       366   52.9   3.2432e-03   52.9     4969
  860.6  4706.2   1.93     6.0    1.14      1655   15.4   1.4657e-02   15.4     4579
  884.6  4837.4   1.95     4.9    1.19       576   42.4   5.1028e-03   42.4     4406
  904.3  4945.2   1.95     3.7    0.87       475   40.6   4.2085e-03   40.6     4191
  911.2  4983.0   1.95    31.8    0.87     10318    2.6   9.1389e-02    2.6     4412
  917.4  5016.9   1.96     3.6    0.87       361   53.2   3.1984e-03   53.2     4191
  931.4  5093.5   1.98     4.2    1.62       952   24.8   8.4334e-03   24.8     4236
  934.6  5110.7   1.98     4.7    1.62      1924   12.7   1.7038e-02   12.7     4236
  938.7  5133.2   1.98     8.5    1.62      1899   12.9   1.6821e-02   12.9     4236
  964.7  5275.4   2.04    10.1    1.17      2174   11.8   1.9258e-02   11.8     4006
  969.0  5298.8   2.05    22.3    1.17      6400    4.4   5.6689e-02    4.4     4006
 1001.0  5474.0   2.02     3.7    0.70       683   31.9   6.0455e-03   31.9     3970
 1036.0  5665.5   2.17    23.3    1.07      6811    4.4   6.0329e-02    4.4     4137
 1120.2  6125.9   2.14    24.6    1.07      6922    4.5   6.1308e-02    4.5     3970
 1133.7  6199.7   2.10     7.4    0.77      1098   20.0   9.7282e-03   20.0     3706
 1150.7  6292.7   2.11     7.9    1.01      1595   14.2   1.4126e-02   14.2     3857
 1155.1  6316.6   2.11     4.0    1.01       771   28.6   6.8267e-03   28.6     3857
 1173.3  6416.5   2.12     3.4    1.06       439   40.6   3.8851e-03   40.6     3690
 1183.4  6471.4   2.13     5.3    1.06       960   19.7   8.5031e-03   19.7     3690
 1200.2  6563.6   2.14     5.2    1.00       858   26.8   7.5995e-03   26.8     3748
 1238.0  6770.4   2.11    13.6    0.73      2752    8.5   2.4373e-02    8.5     3715
 1274.4  6969.3   2.26    35.5    0.93     13628    2.0   1.2071e-01    2.0     2576
 1280.9  7004.9   2.26     5.6    0.93       736   25.0   6.5225e-03   25.0     2576
 1324.1  7241.2   2.22     7.6    1.05      1108   13.6   9.8104e-03   13.6     1968
 1332.5  7286.9   2.22     3.7    1.05       459   31.6   4.0664e-03   31.6     1968
 1377.4  7532.6   2.29    17.8    0.96      3371    4.4   2.9861e-02    4.4     1431
 1385.7  7577.9   2.29     3.8    0.96       480   22.2   4.2481e-03   22.2     1369
 1396.7  7638.0   2.30     3.8    0.96       321   31.6   2.8414e-03   31.6     1369
 1401.4  7663.8   2.30     7.3    0.96       639   16.4   5.6609e-03   16.4     1369
 1407.9  7699.1   2.31     8.9    0.96      1313    9.2   1.1634e-02    9.2     1369
 1433.8  7841.0   2.28     3.6    0.77       413   32.8   3.6580e-03   32.8     1251
 1460.6  7987.7   2.32    92.1    1.40     71140    0.8   6.3012e-01    0.8     1113
 1468.9  8033.1   2.33     5.1    1.40       433   30.5   3.8380e-03   30.5     1064
 1495.6  8179.2   2.32     3.6    1.08       362   26.4   3.2060e-03   26.4      839
 1501.4  8210.7   2.32     3.5    1.08       174   53.3   1.5384e-03   53.3      877
 1509.1  8252.7   2.33     7.6    1.08       768   14.0   6.8021e-03   14.0      877
 1538.4  8412.8   2.35     3.5    1.48       221   50.5   1.9597e-03   50.5      771
 1587.9  8684.0   2.19    11.3    1.25       918   13.3   8.1291e-03   13.3      813
 1592.3  8707.8   2.19     9.0    1.25      1060   11.4   9.3907e-03   11.4      813
 1620.7  8863.0   2.40     5.1    1.00       568   15.1   5.0329e-03   15.1      647
 1630.5  8916.6   2.40     7.6    1.00       511   16.5   4.5256e-03   16.5      620
 1638.1  8958.3   2.41     3.4    1.00       134   56.7   1.1842e-03   56.7      620
 1661.1  9084.0   2.42     6.4    0.94       421   23.6   3.7315e-03   23.6      591
 1729.3  9457.3   2.48    11.0    0.72      1245    9.0   1.1024e-02    9.0      525
 1757.3  9610.4   2.56     3.7    1.00       195   44.8   1.7285e-03   44.8      478
 1764.3  9648.5   2.56    26.5    1.00      6740    2.6   5.9699e-02    2.6      478
 1847.2 10101.7   2.53     8.3    0.83       855   11.4   7.5773e-03   11.4      429
 1919.0 10494.4   2.58     4.3    1.00       184   47.2   1.6327e-03   47.2      477
 2103.0 11501.0   2.69     8.4    1.11      1315    8.7   1.1649e-02    8.7      525
 2118.1 11583.2   2.70     6.6    1.00       514   17.7   4.5490e-03   17.7      412
 2203.6 12051.0   2.79    15.0    0.89      2008    6.0   1.7788e-02    6.0      428
 2293.1 12540.2   2.81     3.6    0.90       199   42.3   1.7640e-03   42.3      426
 2447.1 13382.6   2.90     6.1    0.76       608   13.4   5.3864e-03   13.4      287
 2613.7 14294.0   3.02    36.4    1.11     11440    1.8   1.0133e-01    1.8       76

   indicates the Iterative Peak Width fitting reached a limiting value.
