
                       be used for evaluation purposes
                                                            21-Mar-2019 11:33
                       _________________________________

                       P E A K     F I T     R E P O R T
                       _________________________________

 Spectrum file Analysed: BJ02262019_Ir08_15cm_room131.Chn 
 Sample Title :          Ir08

 Spectrum saved on 26-Feb-2019 at 17:37    Collected on 26-Feb-2019 at 17:06
 Sample  Taken  on 26-Feb-2019 at 17:06    Decayed      0 Days,     0 mins.

            Detector file number used:     7
            Energy     Calibration Performed on  8-Mar-2019 at 12:07
            Peak Shape Calibration Performed on  8-Mar-2019 at 12:08

 

   Datetime:  26-Feb-2019  17:06
   Live:      1585.00 
   Mass:      877
   Shelf:     15
   Detector:      7

   Reported Activity values were rounded     
   FitzPeaks Version: 3.71 23rd January 2014           
                                                                                                     
              


 Peak   Centre   FW@HM         Goodness   Peak      %      Gammas       %      2 Sigma
Energy  Channel  (KeV)  Signif  of Fit    Area   Uncert.  per sec.   Uncert. Background

   45.3   240.9   0.91     3.5    0.71      1931   58.5   1.2186e+00   58.5    88603
   53.1   282.3   0.92     5.6    5.96      8956   24.2   5.6506e+00   24.2   171777
   63.2   336.4   1.01   281.9   67.02   1060177    1.8   6.6888e+02    1.8   186002
   64.8   345.0   1.01   398.7   67.02   1922722    1.0   1.2131e+03    1.0   186002
   66.7   354.7   1.01    54.7   67.02    112421   16.3   7.0928e+01   16.3   186002
   73.4   390.4   1.14   181.9    9.40    680659    0.4   4.2944e+02    0.4    64743
   74.8   398.3   1.14    10.1    9.40     87124    2.0   5.4968e+01    2.0    64743
   75.6   402.2   1.14    89.9    9.40    229678    0.8   1.4491e+02    0.8    64743
   77.8   414.0   1.14     7.4    9.40      5855   23.9   3.6940e+00   23.9    70628
   82.4   438.5   1.01    91.0    5.42    112201    1.7   7.0789e+01    1.7    48219
   84.7   451.1   1.01    29.1    5.42     27888    6.8   1.7595e+01    6.8    43835
   87.4   465.1   1.01    13.4    5.42      6638   27.1   4.1879e+00   27.1    43835
   96.5   513.8   1.03    71.0    3.22     75229    1.4   4.7463e+01    1.4    34936
  129.5   689.2   1.09    73.6    2.65     73105    2.7   4.6123e+01    2.7    41356
  135.8   723.1   1.02     3.4    1.44      1738   33.2   1.0967e+00   33.2    34479
  138.1   735.4   1.02     4.0    1.44      1975   28.8   1.2460e+00   28.8    34479
  172.3   917.3   1.13    74.3    2.44     71637    1.4   4.5197e+01    1.4    33124
  179.0   953.3   1.15    29.7    1.14     20498    3.4   1.2932e+01    3.4    31774
  186.8   994.5   1.12    14.5    0.65     12305    4.6   7.7632e+00    4.6    29616
  187.8  1000.0   1.12     6.9    0.65      8163    6.8   5.1499e+00    6.8    32309
  205.9  1096.2   1.10     4.3    0.76      1726   24.7   1.0892e+00   24.7    23927
  208.9  1112.4   1.11     5.3    0.76      2188   20.1   1.3807e+00   20.1    23927
  219.8  1170.2   1.18    28.0    0.87     15517    3.4   9.7896e+00    3.4    22380
  221.8  1180.9   1.18     4.9    0.87      2638   18.0   1.6644e+00   18.0    22380
  223.9  1192.0   1.19     6.7    0.87      3145   14.9   1.9844e+00   14.9    22380
  268.7  1430.8   1.41    36.9    5.69     40410    2.3   2.5495e+01    2.3    17922
  293.7  1564.1   1.30    80.2    1.64     69531    1.1   4.3868e+01    1.1    14486
  296.1  1576.7   1.30    21.2    1.64     11745    3.6   7.4100e+00    3.6    14486
  300.9  1602.4   1.31    20.9    1.64      9394    4.4   5.9267e+00    4.4    14486
  308.6  1643.5   1.25    25.4    0.67     11129    3.7   7.0217e+00    3.7    13674
  316.7  1686.5   1.31    47.5    1.47     30250    1.7   1.9085e+01    1.7    13457
  328.6  1750.1   1.30   174.8    2.68    323435    0.4   2.0406e+02    0.4    12497
  329.6  1755.2   1.30     5.9    2.68      8847    9.2   5.5815e+00    9.2    13538
  351.4  1871.2   1.33    64.7    1.53     45174    1.3   2.8501e+01    1.3    13203
  360.1  1917.9   1.39    83.2    4.34     78244    1.1   4.9365e+01    1.1    14455
  365.0  1943.6   1.29     3.6    0.85      1153   27.1   7.2722e-01   27.1    11960
  371.5  1978.4   1.30     8.7    0.85      3189    9.9   2.0121e+00    9.9    11960
  397.6  2117.6   1.33     3.6    1.11       594   52.4   3.7466e-01   52.4    10094
  407.4  2169.7   1.42     6.8    1.30      3663   11.4   2.3113e+00   11.4    10667
  409.7  2181.7   1.43    94.4    1.30     92980    0.8   5.8662e+01    0.8    10667
  425.0  2263.5   1.36     3.3    1.55       610   52.5   3.8470e-01   52.5     9202
  445.3  2371.4   1.38     3.5    1.31       650   49.7   4.1041e-01   49.7     8410
  456.7  2432.2   1.45    57.9    0.80     35289    1.4   2.2264e+01    1.4     9200
  468.3  2494.0   1.46    30.1    1.02     12669    2.7   7.9934e+00    2.7     8565
  474.2  2525.3   1.47     3.3    1.02       533   53.5   3.3644e-01   53.5     8565
  483.5  2574.9   1.43     3.3    2.46       944   34.9   5.9566e-01   34.9     8502
  511.2  2722.5   2.98     3.3    0.87      2605   17.1   1.6436e+00   17.1    14490
  518.7  2762.6   1.52    12.8    0.87      3899    7.2   2.4597e+00    7.2     8050
  530.6  2825.9   1.48     3.6    1.00       519   55.0   3.2734e-01   55.0     7214
  539.1  2871.4   1.56   118.9    2.09    134092    0.6   8.4600e+01    0.6     7954
  541.8  2885.6   1.57     6.0    2.09      3966   11.0   2.5022e+00   11.0     7954
  558.2  2973.0   1.54    11.6    0.98      3285    9.4   2.0723e+00    9.4     7175
  569.5  3033.1   1.83    11.9    1.21      3935    6.7   2.4824e+00    6.7     8810
  576.7  3071.6   1.84     3.5    1.21      1098   21.5   6.9298e-01   21.5     8320
  583.6  3108.0   1.84     3.5    1.21       658   35.8   4.1492e-01   35.8     8810
  589.1  3137.3   1.85     8.9    1.21      4032    7.0   2.5439e+00    7.0     8810
  594.5  3166.5   1.86     4.5    1.21      1255   20.5   7.9189e-01   20.5     8320
  605.2  3223.3   1.83    13.1    1.06      6121    5.2   3.8618e+00    5.2     8745
  612.8  3263.6   1.84     5.3    1.06      1212   23.4   7.6475e-01   23.4     8259
  622.2  3314.0   1.67     7.0    0.75      5281    6.4   3.3321e+00    6.4     7363
  624.3  3325.2   1.67    24.3    0.75     12626    2.9   7.9657e+00    2.9     7363
  645.4  3437.6   1.68    37.6    0.87     17131    2.3   1.0808e+01    2.3     7442
  700.6  3731.2   1.68     3.5    1.02       456   60.0   2.8756e-01   60.0     6593
  890.3  4741.8   1.91     4.1    1.48       753   36.1   4.7493e-01   36.1     5381
  939.0  5001.3   2.05    20.6    1.15      6399    5.0   4.0374e+00    5.0     5303
 1000.6  5329.3   2.04     3.7    0.79       593   39.1   3.7428e-01   39.1     4434
 1151.1  6131.1   2.21    21.2    0.87      5525    4.8   3.4856e+00    4.8     3241
 1175.6  6261.5   2.29     4.7    1.06       611   29.0   3.8548e-01   29.0     2886
 1183.8  6305.4   2.30    12.3    1.06      2749    7.4   1.7342e+00    7.4     2886
 1219.7  6496.4   2.29     3.9    1.14       473   40.8   2.9852e-01   40.8     2687
 1294.4  6894.3   2.38     3.7    0.94       370   45.2   2.3358e-01   45.2     2077
 1342.6  7151.2   2.44     3.5    0.82       342   45.0   2.1561e-01   45.0     1712
 1469.3  7825.9   2.67    11.0    1.07      1356   10.5   8.5574e-01   10.5      990
 1512.2  8054.2   2.64     3.7    0.86       278   36.2   1.7560e-01   36.2      664
 1565.6  8339.1   2.70     4.2    1.04       156   54.4   9.8253e-02   54.4      463
 1622.6  8642.3   2.77     5.9    1.17       445   16.8   2.8099e-01   16.8      254
 1798.1  9577.0   2.97     3.8    1.01        75   39.2   4.7049e-02   39.2       37
 1806.2  9620.1   2.98     3.9    1.01       198   17.1   1.2472e-01   17.1       37

   indicates the Iterative Peak Width fitting reached a limiting value.
