
                       be used for evaluation purposes
                                                            21-Mar-2019 11:52
                       _________________________________

                       P E A K     F I T     R E P O R T
                       _________________________________

 Spectrum file Analysed: BK02262019_Ir09_10cm_room131.Chn 
 Sample Title :          Ir09

 Spectrum saved on 26-Feb-2019 at 18:15    Collected on 26-Feb-2019 at 17:39
 Sample  Taken  on 26-Feb-2019 at 17:39    Decayed      0 Days,     0 mins.

            Detector file number used:     7
            Energy     Calibration Performed on  8-Mar-2019 at 12:07
            Peak Shape Calibration Performed on  8-Mar-2019 at 12:08

 

   Datetime:  26-Feb-2019  17:39
   Live:      1772.00 
   Mass:      977
   Shelf:     10
   Detector:      7

   Reported Activity values were rounded     
   FitzPeaks Version: 3.71 23rd January 2014           
                                                                                                     
              


 Peak   Centre   FW@HM         Goodness   Peak      %      Gammas       %      2 Sigma
Energy  Channel  (KeV)  Signif  of Fit    Area   Uncert.  per sec.   Uncert. Background

   55.0   292.6   0.93     5.3    2.41      7484   25.8   4.2237e+00   25.8   160552
   63.2   336.4   1.03   231.2   58.92    802107    1.7   4.5266e+02    1.7   151874
   64.8   345.0   1.03   332.8   58.92   1470515    1.0   8.2986e+02    1.0   138067
   66.6   354.6   1.04    49.8   58.92    102597   13.3   5.7899e+01   13.3   151874
   73.4   390.4   1.14   153.4    5.37    489386    1.5   2.7618e+02    1.5    83893
   74.7   397.6   1.14     9.6    5.37     41950   16.3   2.3674e+01   16.3    83893
   75.5   402.0   1.14    78.7    5.37    178134    3.8   1.0053e+02    3.8    91520
   82.4   438.5   1.02    73.7    4.50     80321    2.0   4.5328e+01    2.0    45792
   84.7   451.1   1.02    19.8    4.50     18111    8.7   1.0221e+01    8.7    41629
   87.4   465.2   1.02     8.1    4.50      4252   33.7   2.3995e+00   33.7    41629
   96.5   513.9   1.05    56.1    3.18     54993    1.9   3.1035e+01    1.9    34272
  129.5   689.3   1.16    56.2    3.67     57491    2.0   3.2444e+01    2.0    38475
  138.3   736.5   1.02     3.4    1.46      1806   33.7   1.0190e+00   33.7    38175
  147.2   784.0   1.03     3.4    2.21      1309   49.9   7.3849e-01   49.9    35515
  172.3   917.3   1.15    59.2    2.67     52897    1.9   2.9852e+01    1.9    35891
  179.0   953.4   1.18    23.4    1.16     15636    4.7   8.8239e+00    4.7    34784
  187.4   998.1   1.08     8.6    8.92      6512   14.3   3.6749e+00   14.3    29155
  205.8  1095.9   1.10     3.7    1.04      1807   24.4   1.0199e+00   24.4    24562
  209.0  1113.1   1.11     3.8    1.04      1469   29.4   8.2909e-01   29.4    24562
  219.8  1170.3   1.17    21.9    0.98     11285    4.7   6.3684e+00    4.7    23032
  221.7  1180.8   1.17     3.7    0.98      1947   24.5   1.0990e+00   24.5    23032
  223.7  1191.2   1.18     4.9    0.98      1986   24.7   1.1208e+00   24.7    23032
  268.7  1430.9   1.41    27.3    4.85     29661    2.8   1.6739e+01    2.8    20990
  293.7  1564.1   1.32    95.1    1.77    105862    0.7   5.9742e+01    0.7    17762
  296.1  1576.7   1.32    23.6    1.77     15534    3.1   8.7662e+00    3.1    17762
  300.9  1602.5   1.33    28.0    1.77     14151    3.6   7.9861e+00    3.6    17762
  308.6  1643.5   1.31    27.2    1.36     14661    3.5   8.2739e+00    3.5    17117
  316.7  1686.5   1.34    52.4    1.33     40605    1.6   2.2915e+01    1.6    17016
  328.7  1750.3   1.36   208.2   16.53    505720    0.4   2.8540e+02    0.4    19191
  351.4  1871.3   1.37    45.6    1.80     33408    1.8   1.8853e+01    1.8    16341
  360.1  1917.9   1.42    59.7    2.14     57087    1.2   3.2216e+01    1.2    17195
  365.1  1944.4   1.43     5.9    2.14      1478   29.6   8.3431e-01   29.6    17195
  371.4  1977.7   1.30     5.6    1.23      1131   34.4   6.3810e-01   34.4    15156
  409.7  2181.7   1.45    74.9    2.06     67558    1.1   3.8125e+01    1.1    15488
  424.2  2259.4   1.36     3.3    1.40       976   38.2   5.5102e-01   38.2    13199
  456.7  2432.3   1.50    45.8    1.29     26292    2.2   1.4838e+01    2.2    14362
  468.3  2494.0   1.50    32.8    1.14     16536    2.6   9.3317e+00    2.6    12888
  474.3  2525.8   1.50     3.6    1.14       831   43.4   4.6871e-01   43.4    12888
  483.1  2573.0   1.43     4.0    1.20      1166   31.4   6.5781e-01   31.4    12634
  484.8  2582.0   1.43     3.4    1.20      1203   30.5   6.7885e-01   30.5    12634
  511.0  2721.4   2.92     3.7    1.07      2251   24.2   1.2702e+00   24.2    22885
  518.8  2762.9   1.47     4.2    1.07      1080   28.2   6.0964e-01   28.2    11866
  530.2  2823.9   1.48     3.4    1.41       603   59.2   3.4033e-01   59.2    11594
  539.1  2871.4   1.61    94.4    1.30     99134    0.8   5.5945e+01    0.8    12340
  541.9  2886.2   1.62     4.8    1.30      3157   14.8   1.7816e+00   14.8    13162
  558.4  2973.8   1.52     3.4    1.03       905   39.6   5.1065e-01   39.6    12073
  569.5  3032.9   1.53     3.6    1.03      1374   21.5   7.7525e-01   21.5    11794
  576.7  3071.4   1.54     3.6    1.03       886   34.9   4.9994e-01   34.9    11794
  589.1  3137.6   1.80    10.4    0.92      4977    7.7   2.8084e+00    7.7    13484
  594.5  3166.5   1.81     6.6    0.92      1777   20.6   1.0030e+00   20.6    13484
  604.8  3221.2   1.57     7.8    1.47      3482    9.4   1.9653e+00    9.4    11716
  612.7  3263.3   1.58     6.6    1.47      1556   20.8   8.7838e-01   20.8    11716
  622.3  3314.2   1.63    17.6    1.41      8783    4.8   4.9566e+00    4.8    12001
  624.4  3325.3   1.63    16.7    1.41      8842    4.6   4.9897e+00    4.6    12001
  645.4  3437.6   1.73    41.2    0.87     25566    1.9   1.4428e+01    1.9    12385
  890.0  4740.4   1.91     4.3    1.14      1009   33.7   5.6955e-01   33.7     9335
  939.1  5001.7   2.00    25.9    1.30     10038    4.1   5.6648e+00    4.1     8973
 1000.4  5328.4   2.04     3.3    0.85       649   47.4   3.6631e-01   47.4     7854
 1049.1  5587.9   2.09     3.5    0.97       502   58.2   2.8323e-01   58.2     7183
 1151.1  6131.2   2.31    24.2    1.15      8338    4.3   4.7053e+00    4.3     6036
 1175.7  6261.9   2.22     3.7    0.92       703   33.1   3.9662e-01   33.1     5363
 1183.9  6305.5   2.23    15.5    0.92      3823    6.7   2.1573e+00    6.7     5363
 1219.1  6493.1   2.29     4.1    0.91       823   30.1   4.6470e-01   30.1     4793
 1294.0  6892.3   2.38     4.1    0.94       528   42.9   2.9820e-01   42.9     3806
 1342.4  7149.7   2.44     3.4    0.76       407   50.4   2.2963e-01   50.4     3127
 1469.3  7826.0   2.46    12.1    0.93      1939    8.9   1.0941e+00    8.9     1671
 1512.3  8055.2   2.64     3.5    1.13       447   30.9   2.5218e-01   30.9     1249
 1565.8  8339.9   2.70     3.8    1.04       232   48.7   1.3093e-01   48.7      844
 1622.7  8643.2   2.77     7.2    0.84       710   13.6   4.0055e-01   13.6      473
 1798.0  9576.8   2.97     5.2    1.13       177   21.8   9.9639e-02   21.8       60
 1806.1  9620.0   2.98     5.5    1.13       310   14.9   1.7476e-01   14.9       60

   indicates the Iterative Peak Width fitting reached a limiting value.
