
                       be used for evaluation purposes
                                                             7-Mar-2019 15:49
                       _________________________________

                       P E A K     F I T     R E P O R T
                       _________________________________

 Spectrum file Analysed: BK02282019_32cm_Ir01_HPGE1.Chn   
 Sample Title :          Ir01

 Spectrum saved on 28-Feb-2019 at 14:11    Collected on 28-Feb-2019 at 13:06
 Sample  Taken  on 28-Feb-2019 at 13:06    Decayed      0 Days,     0 mins.

            Detector file number used:     1
            Energy     Calibration Performed on  6-Mar-2019 at 16:50
            Peak Shape Calibration Performed on  6-Mar-2019 at 16:52

 

   Datetime:  28-Feb-2019  13:06
   Live:      3187.00 
   Mass:      177
   Shelf:     30
   Detector:      1

   Reported Activity values were rounded     
   FitzPeaks Version: 3.71 23rd January 2014           
                                                                                                     
              


 Peak   Centre   FW@HM         Goodness   Peak      %      Gammas       %      2 Sigma
Energy  Channel  (KeV)  Signif  of Fit    Area   Uncert.  per sec.   Uncert. Background

   36.2   197.1   1.04     3.7    1.57      1426   58.0   4.4745e-01   58.0    49269
   61.2   334.2   1.10    56.6   32.01    271589    1.3   8.5218e+01    1.3   186422
   63.0   343.9   1.11   387.2   32.01   2368869    0.4   7.4329e+02    0.4   203370
   64.7   353.0   1.11   547.1   32.01   3455055    0.2   1.0841e+03    0.2   203370
   69.3   378.4   1.21    18.4    5.21     34249    5.2   1.0746e+01    5.2    74405
   71.1   388.3   1.21    75.7    5.21    163063    1.1   5.1165e+01    1.1    68682
   73.2   399.9   1.21   307.2    5.21   1297353    0.3   4.0708e+02    0.3    68682
   75.4   411.7   1.21   152.1    5.21    381915    0.6   1.1984e+02    0.6    68682
   82.2   448.9   1.08   144.5    1.71    206039    0.5   6.4650e+01    0.5    28868
   84.7   462.5   1.08    19.3    1.71     12624    5.4   3.9610e+00    5.4    28868
   87.2   476.3   1.09     6.5    1.71      2731   24.5   8.5676e-01   24.5    28868
   94.1   513.7   1.10    53.0    1.38     46618    1.7   1.4627e+01    1.7    26751
   96.3   526.2   1.10   111.4    1.38    138891    0.7   4.3580e+01    0.7    26751
  113.5   620.3   1.12    33.1    1.06     21830    3.1   6.8497e+00    3.1    29169
  129.3   706.3   1.13   117.3    1.35    136818    0.7   4.2930e+01    0.7    30622
  138.0   754.0   1.13     6.7    2.17      3595   17.5   1.1281e+00   17.5    30191
  140.9   769.9   1.13    49.8    2.17     32829    2.1   1.0301e+01    2.1    30191
  146.9   802.6   1.13     3.9    1.15      1947   22.8   6.1103e-01   22.8    27127
  149.6   817.6   1.13     3.4    1.15      1209   35.8   3.7944e-01   35.8    27127
  155.1   847.7   1.14     3.3    1.15      1273   35.1   3.9932e-01   35.1    29593
  172.2   941.1   1.16   121.8    0.95    137570    0.7   4.3166e+01    0.7    29900
  176.4   963.9   1.16    13.7    0.95      5999    9.6   1.8822e+00    9.6    29900
  179.0   978.2   1.16    54.2    0.95     37902    1.8   1.1893e+01    1.8    29900
  186.8  1020.6   1.19    94.2    0.94    108533    0.8   3.4055e+01    0.8    27281
  187.8  1026.4   1.19     8.9    0.94     14931    4.4   4.6849e+00    4.4    27281
  190.9  1043.1   1.20     3.3    0.94      1279   46.3   4.0147e-01   46.3    27281
  197.2  1077.9   1.41    14.2    3.42     10124    7.2   3.1766e+00    7.2    29691
  203.8  1113.9   1.18     7.4    2.91      2121   22.6   6.6536e-01   22.6    22604
  206.1  1126.2   1.18     7.1    2.91      2469   19.5   7.7478e-01   19.5    22604
  208.8  1141.0   1.18     8.9    2.91      5471    9.3   1.7166e+00    9.3    22604
  216.8  1184.7   1.23     8.4    2.03      2927   16.2   9.1845e-01   16.2    20482
  219.8  1201.2   1.23    49.9    2.03     31421    1.8   9.8592e+00    1.8    18907
  222.1  1213.7   1.23     8.8    2.03      4214   11.5   1.3222e+00   11.5    20482
  223.7  1222.6   1.23    24.5    2.03     15941    3.7   5.0020e+00    3.7    20482
  233.7  1277.6   1.21     5.5    1.13      1676   24.1   5.2577e-01   24.1    17617
  235.7  1288.2   1.21     4.5    1.13       758   53.5   2.3784e-01   53.5    16262
  243.5  1331.2   1.22    42.3    0.74     30953    1.7   9.7122e+00    1.7    14578
  245.3  1340.8   1.22    46.5    0.74     32729    1.6   1.0269e+01    1.6    14578
  258.6  1413.6   1.23     3.3    1.40       963   36.5   3.0221e-01   36.5    12648
  268.7  1468.9   1.48    56.7    8.15     73221    1.4   2.2975e+01    1.4    11809
  276.1  1509.4   1.24     9.6    0.79      2580   12.2   8.0944e-01   12.2    10841
  284.6  1555.4   1.25     3.4    1.34       647   44.0   2.0312e-01   44.0    10526
  288.4  1576.6   1.25     5.2    1.34      1414   22.5   4.4361e-01   22.5    10526
  294.6  1610.2   1.35     6.3    4.03      9460    5.1   2.9682e+00    5.1    10227
  296.1  1618.4   1.35    25.1    4.03     15318    3.1   4.8064e+00    3.1     9496
  300.5  1642.7   1.36    34.1    4.03     15219    3.1   4.7752e+00    3.1    10227
  308.6  1686.9   1.29    32.9    0.78     14234    2.7   4.4662e+00    2.7     9048
  316.7  1731.1   1.30    50.1    0.76     38501    1.4   1.2081e+01    1.4     9434
  317.6  1736.1   1.31     6.3    0.76     11518    4.0   3.6139e+00    4.0     8760
  328.6  1796.4   1.27    34.3    0.97     14465    2.8   4.5389e+00    2.8     9058
  343.4  1877.1   1.30     3.6    0.87       751   39.6   2.3576e-01   39.6     9146
  351.3  1920.4   1.33    90.7    0.77     77236    0.8   2.4235e+01    0.8     9237
  360.0  1968.1   1.32   116.8    0.78    131955    0.6   4.1404e+01    0.6     9517
  361.2  1974.6   1.32     9.9    0.78     13484    3.7   4.2310e+00    3.7     8837
  371.3  2030.0   1.31    48.4    1.38     22618    1.9   7.0971e+00    1.9     7500
  380.1  2078.2   1.33     9.4    1.10      2233   12.4   7.0077e-01   12.4     6197
  397.5  2172.8   1.37    21.9    1.17      6325    5.0   1.9847e+00    5.0     5597
  404.0  2208.6   1.38    15.1    1.27      4342    7.1   1.3624e+00    7.1     5054
  407.3  2226.6   1.38    36.0    1.27     26596    1.5   8.3450e+00    1.5     4693
  409.5  2238.9   1.38   129.8    1.27    155178    0.5   4.8691e+01    0.5     5054
  420.8  2300.4   1.36     5.8    1.30      1148   17.9   3.6011e-01   17.9     3948
  424.4  2320.4   1.37     3.5    1.30       553   36.0   1.7339e-01   36.0     3948
  431.6  2359.7   1.56    10.7    1.13      2764    8.3   8.6730e-01    8.3     3887
  445.2  2433.6   1.43     6.3    0.69      1099   16.4   3.4493e-01   16.4     3124
  447.9  2448.9   1.43    10.6    0.69      2230    8.6   6.9980e-01    8.6     2916
  456.6  2496.1   1.39    80.7    2.42     57054    1.0   1.7902e+01    1.0     3375
  468.2  2559.5   1.41    38.4    0.63     14544    1.9   4.5636e+00    1.9     2497
  474.1  2592.1   1.41     4.1    1.37       348   40.2   1.0914e-01   40.2     2228
  478.0  2613.1   1.41     8.7    1.37      1523    9.2   4.7796e-01    9.2     2228
  480.0  2624.2   1.41     4.5    1.37       815   15.6   2.5584e-01   15.6     2228
  484.9  2650.9   1.42     8.5    1.37      1296   10.8   4.0663e-01   10.8     2228
  491.0  2684.4   1.42     3.5    1.37       489   25.3   1.5353e-01   25.3     2228
  494.5  2703.3   1.42     5.6    1.37      1167   11.6   3.6619e-01   11.6     2228
  502.6  2748.0   1.43     6.7    0.97       954   16.1   2.9939e-01   16.1     1841
  511.1  2794.1   2.91     8.4    1.21      6047    4.9   1.8973e+00    4.9     3512
  518.6  2835.3   1.47    48.7    1.21     25815    1.2   8.1002e+00    1.2     1881
  530.6  2901.0   1.46     4.3    1.07       479   28.9   1.5041e-01   28.9     1613
  539.0  2946.9   1.47   159.6    1.65    211843    0.4   6.6471e+01    0.4     1472
  541.8  2962.0   1.47    16.8    1.65      5502    4.3   1.7262e+00    4.3     1472
  545.0  2979.9   1.48    38.6    1.65     13059    2.1   4.0976e+00    2.1     1472
  558.1  3051.1   1.50    48.2    0.93     21625    1.3   6.7853e+00    1.3      975
  569.2  3112.1   1.58    58.7    0.85     34825    1.0   1.0927e+01    1.0      958
  576.6  3152.6   1.65    12.4    0.80      1877    5.9   5.8904e-01    5.9      954
  583.6  3190.8   1.66    10.1    0.80      1470    7.5   4.6111e-01    7.5      898
  588.3  3216.7   1.66    14.4    0.80      3114    4.0   9.7718e-01    4.0      954
  594.7  3251.4   1.67     3.6    0.80       278   30.0   8.7073e-02   30.0      954
  605.2  3309.1   1.59    50.4    2.40     28162    1.3   8.8365e+00    1.3     1103
  607.7  3322.5   1.59    36.8    2.40     15442    1.8   4.8455e+00    1.8     1034
  612.5  3349.0   1.60     9.8    2.40      1222   11.4   3.8339e-01   11.4     1103
  615.8  3366.7   1.60     3.7    2.40       248   51.5   7.7666e-02   51.5     1103
  624.2  3412.5   1.56    45.7    2.06     19578    1.5   6.1431e+00    1.5      945
  627.2  3429.3   1.56    19.2    2.06      4297    4.2   1.3484e+00    4.2      945
  631.2  3451.0   1.57    13.1    2.06      1763    9.3   5.5311e-01    9.3     1008
  644.7  3525.1   1.55     9.7    1.79      1615    6.9   5.0669e-01    6.9      532
  651.6  3562.6   1.56     5.3    1.79       222   31.5   6.9637e-02   31.5      499
  656.1  3587.1   1.56     8.3    1.79       750   10.7   2.3528e-01   10.7      532
  690.1  3773.2   1.59     3.5    0.95       133   43.6   4.1688e-02   43.6      396
  698.6  3819.4   1.60     5.1    0.95       394   16.4   1.2358e-01   16.4      396
  709.1  3876.9   1.61     3.8    0.92       120   55.7   3.7758e-02   55.7      374
  721.5  3944.6   1.61    44.0    1.06     16259    1.5   5.1016e+00    1.5      378
  726.4  3971.9   1.62    15.3    1.06      2376    4.7   7.4539e-01    4.7      378
  733.8  4012.3   1.63     5.3    1.02       551   14.3   1.7291e-01   14.3      368
  735.9  4023.4   1.63     6.2    1.02       587   14.0   1.8405e-01   14.0      368
  762.7  4170.0   1.73     3.6    1.28       163   36.9   5.1154e-02   36.9      313
  768.7  4203.2   1.73    10.6    1.28      1224    7.0   3.8400e-01    7.0      313
  789.0  4314.0   1.65     3.5    1.55       130   46.4   4.0879e-02   46.4      305
  792.7  4334.4   1.65    15.6    1.55      1997    5.1   6.2646e-01    5.1      324
  798.3  4364.9   1.66     5.5    1.55       292   22.1   9.1579e-02   22.1      305
  810.9  4433.4   1.69     3.8    1.44       298   23.7   9.3529e-02   23.7      323
  822.0  4494.1   2.04     3.4    1.24       165   34.6   5.1918e-02   34.6      277
  828.9  4532.4   2.05    13.2    1.24      2552    4.6   8.0086e-01    4.6      277
  835.7  4569.4   2.05     3.5    1.24       158   35.9   4.9604e-02   35.9      277
  839.3  4588.9   2.05     7.6    1.24       579   11.9   1.8165e-01   11.9      277
  885.2  4839.9   1.75     3.8    1.36       223   26.9   6.9932e-02   26.9      255
  911.4  4983.2   1.78     3.7    1.15       254   18.4   7.9844e-02   18.4      214
  917.0  5014.0   1.78     4.0    1.15        84   48.1   2.6332e-02   48.1      214
  924.7  5056.2   1.79     6.9    1.15       381   13.6   1.1944e-01   13.6      214
  931.0  5090.5   1.79     3.6    1.15       173   24.7   5.4391e-02   24.7      202
  935.1  5112.7   1.80     3.7    1.15       196   24.6   6.1611e-02   24.6      214
  938.7  5132.7   1.80     3.5    1.15       236   20.4   7.3934e-02   20.4      214
  968.9  5297.5   1.82     5.0    1.50       104   57.0   3.2579e-02   57.0      193
  986.9  5396.1   1.84     3.3    0.95       105   46.7   3.2818e-02   46.7      172
 1026.7  5613.9   1.97     5.7    1.08       365   14.8   1.1438e-01   14.8      194
 1035.9  5664.0   1.98    11.2    1.08      1030    6.5   3.2311e-01    6.5      194
 1044.2  5709.3   1.98     3.4    1.08        88   45.3   2.7661e-02   45.3      184
 1080.6  5908.4   1.92     3.8    1.12        73   55.5   2.2818e-02   55.5      151
 1089.6  5957.5   1.93     3.4    1.12        68   59.9   2.1254e-02   59.9      151
 1106.5  6050.0   1.94     3.4    1.38       217   26.9   6.8236e-02   26.9      209
 1120.1  6124.5   1.95     4.2    0.82       169   31.9   5.3081e-02   31.9      186
 1133.9  6199.9   1.96     3.6    1.16       158   31.3   4.9610e-02   31.3      156
 1150.7  6292.0   1.98     4.3    0.96       182   30.2   5.7218e-02   30.2      195
 1183.5  6471.4   2.00     3.5    0.91       129   38.4   4.0384e-02   38.4      156
 1200.4  6563.8   2.02     4.7    1.21       144   37.0   4.5087e-02   37.0      164
 1230.5  6728.1   2.04     3.4    1.14       103   39.9   3.2373e-02   39.9      150
 1238.5  6772.0   2.05     3.4    1.14       110   39.4   3.4606e-02   39.4      150
 1254.0  6856.5   2.06     6.6    1.05       315   17.2   9.8689e-02   17.2      129
 1312.1  7174.4   2.11     3.3    1.43        82   40.2   2.5579e-02   40.2       86
 1323.6  7237.4   2.12     4.3    1.43       382   12.0   1.1991e-01   12.0       86
 1377.3  7531.1   2.17     8.1    1.13       615    8.4   1.9283e-01    8.4       70
 1387.1  7584.3   2.18     3.7    1.13       101   32.6   3.1682e-02   32.6       70
 1422.2  7776.6   2.21     3.5    1.00        52   52.3   1.6215e-02   52.3       40
 1457.6  7970.1   2.23     6.5    1.14       245   17.6   7.6724e-02   17.6       45
 1460.6  7986.4   2.23    15.4    1.14      1740    4.6   5.4585e-01    4.6       43
 1476.4  8073.0   2.25     3.7    1.25       280   14.3   8.7891e-02   14.3       42
 1495.5  8177.1   2.27     3.8    0.97        80   33.8   2.5020e-02   33.8       42
 1501.3  8208.9   2.27     3.6    0.97        85   32.8   2.6524e-02   32.8       42
 1557.6  8517.0   2.32     3.6    0.81        42   56.0   1.3138e-02   56.0       32
 1571.1  8590.6   2.33     3.5    0.75        56   45.1   1.7541e-02   45.1       30
 1587.9  8682.5   2.34     3.4    0.96        48   46.9   1.4920e-02   46.9       23
 1592.0  8705.3   2.35     3.4    0.96        50   46.1   1.5823e-02   46.1       23
 1652.7  9037.2   2.40     3.4    0.86        43   51.5   1.3496e-02   51.5       16
 1729.3  9456.0   2.46     3.4    0.79        53   41.7   1.6729e-02   41.7       19
 1764.4  9647.7   2.49     4.2    0.93       189   18.5   5.9355e-02   18.5       34
 1919.1 10493.9   2.62     3.6    0.57        76   32.3   2.3820e-02   32.3       20
 2203.6 12049.3   2.86     3.5    0.74        42   48.5   1.3038e-02   48.5       15
 2214.4 12108.4   2.87     3.4    0.74        35   54.9   1.1034e-02   54.9       15
 2613.4 14290.6   3.21     6.2    0.45       314   12.0   9.8608e-02   12.0        5

   indicates the Iterative Peak Width fitting reached a limiting value.
