
                       be used for evaluation purposes
                                                            11-Mar-2019 16:27
                       _________________________________

                       P E A K     F I T     R E P O R T
                       _________________________________

 Spectrum file Analysed: BK03052019_32cm_Ni10_IDM2.Chn    
 Sample Title :          Ni10

 Spectrum saved on  6-Mar-2019 at  9:46    Collected on  5-Mar-2019 at 19:02
 Sample  Taken  on  5-Mar-2019 at 19:02    Decayed      0 Days,     0 mins.

            Detector file number used:     4
            Energy     Calibration Performed on  8-Mar-2019 at 11:45
            Peak Shape Calibration Performed on  8-Mar-2019 at 11:47

 

   Datetime:   5-Mar-2019  19:02
   Live:      52739.0 
   Mass:      1028
   Shelf:     32
   Detector:      4

   Reported Activity values were rounded     
   FitzPeaks Version: 3.71 23rd January 2014           
                                                                                                     
              


 Peak   Centre   FW@HM         Goodness   Peak      %      Gammas       %      2 Sigma
Energy  Channel  (KeV)  Signif  of Fit    Area   Uncert.  per sec.   Uncert. Background

   61.6   335.7   1.17     6.6    2.32      6257   14.6   1.1864e-01   14.6    36166
   63.2   344.6   1.17    24.3    2.32     24297    4.3   4.6070e-01    4.3    36166
   64.9   353.9   1.17    33.5    2.32     26423    3.8   5.0102e-01    3.8    36166
   69.0   376.3   1.32     7.1    1.88      4131   20.9   7.8321e-02   20.9    41479
   71.5   389.6   1.32     6.5    1.88      6147   13.9   1.1656e-01   13.9    41479
   73.4   400.2   1.32    21.3    1.88     21275    4.4   4.0340e-01    4.4    41479
   75.2   410.3   1.32     9.6    1.88     13179    6.9   2.4989e-01    6.9    41479
   77.5   422.4   1.33     4.0    1.88      3666   23.6   6.9504e-02   23.6    41479
   82.5   450.0   1.11     6.7    1.41      3360   18.1   6.3706e-02   18.1    40498
   84.9   463.0   1.11     4.3    1.41      3138   19.4   5.9508e-02   19.4    40498
   87.4   476.9   1.11     4.6    1.41      1699   39.2   3.2215e-02   39.2    40498
   92.8   506.3   1.12     3.6    0.85      1953   30.6   3.7026e-02   30.6    40501
   96.7   527.7   1.12     6.0    0.85      3264   18.4   6.1882e-02   18.4    40501
  122.2   666.9   1.14     3.6    0.86      1798   38.5   3.4084e-02   38.5    46439
  129.4   706.7   1.15    10.0    0.98      5819   12.1   1.1034e-01   12.1    45492
  172.3   940.8   1.18    12.9    0.62      6638    9.1   1.2587e-01    9.1    36083
  179.0   977.8   1.19     3.6    1.19      1714   35.7   3.2503e-02   35.7    34549
  186.7  1019.6   1.43    20.1    1.79     16856    4.9   3.1961e-01    4.9    40819
  196.9  1075.5   1.20     3.4    1.11      1155   49.8   2.1893e-02   49.8    32677
  209.4  1143.7   1.21     5.2    0.84      1708   30.8   3.2379e-02   30.8    27788
  219.6  1199.7   1.22     4.8    0.92      1830   23.0   3.4695e-02   23.0    24965
  223.9  1223.1   1.23     4.0    0.92      1270   32.6   2.4072e-02   32.6    24965
  228.2  1246.9   1.23     3.8    0.92      2025   20.5   3.8403e-02   20.5    24965
  238.7  1303.9   1.27    22.9    0.93     11620    4.2   2.2032e-01    4.2    21618
  241.9  1321.6   1.27     6.5    0.93      2801   16.8   5.3119e-02   16.8    23420
  245.1  1339.3   1.27    12.1    0.93      5152    9.1   9.7682e-02    9.1    23420
  268.6  1467.8   1.26     6.2    2.80      3485   14.2   6.6081e-02   14.2    19037
  277.5  1516.3   1.27     9.0    1.46      3442   12.8   6.5266e-02   12.8    17721
  295.3  1613.9   1.54    15.2    1.13     10532    4.4   1.9970e-01    4.4    18899
  300.2  1640.3   1.55     3.4    1.13       971   41.5   1.8418e-02   41.5    17718
  308.4  1685.5   1.28    10.3    0.73      3324   11.2   6.3031e-02   11.2    14465
  316.5  1729.4   1.32    22.3    1.11      8857    5.5   1.6793e-01    5.5    14047
  328.1  1793.0   1.31     3.8    0.97       866   42.0   1.6417e-02   42.0    14115
  338.3  1848.6   1.27    10.0    1.15      2780   13.0   5.2708e-02   13.0    12432
  351.6  1921.8   1.58    25.4    1.04     16829    2.9   3.1911e-01    2.9    13016
  359.9  1966.8   1.37    18.9    0.91      8548    4.3   1.6208e-01    4.3    10841
  361.1  1973.7   1.37     5.6    0.91      2490   13.7   4.7219e-02   13.7    10841
  371.2  2028.5   1.41    13.3    1.10      4532    7.7   8.5927e-02    7.7    10767
  397.2  2171.2   1.37     3.5    0.72      1179   24.5   2.2363e-02   24.5     8701
  407.1  2225.1   1.42    13.2    0.79      5104    6.5   9.6778e-02    6.5     8426
  409.4  2237.5   1.42    28.3    0.79     10811    3.5   2.0499e-01    3.5     9028
  456.4  2494.4   1.46    14.9    1.10      4270    5.9   8.0970e-02    5.9     7046
  462.8  2529.8   1.46     4.1    1.10      1121   20.1   2.1265e-02   20.1     7046
  468.0  2557.9   1.47    14.6    1.10      4054    6.4   7.6865e-02    6.4     6577
  510.9  2792.6   2.71    32.4    3.13     81920    1.1   1.5533e+00    1.1    11164
  518.4  2833.6   1.25    19.0    3.13      4653    5.8   8.8233e-02    5.8     5582
  538.8  2945.1   1.51    37.5    1.40     15797    2.4   2.9953e-01    2.4     5670
  557.8  3049.4   1.55    16.6    0.92      4719    5.8   8.9480e-02    5.8     5357
  569.3  3111.8   1.58    17.6    0.99      4939    5.7   9.3643e-02    5.7     5641
  583.1  3187.5   1.56    21.5    0.98      6854    4.0   1.2995e-01    4.0     5250
  588.3  3216.1   1.56     3.4    0.98       554   43.2   1.0509e-02   43.2     5600
  605.0  3307.6   1.57    20.4    1.05      6169    4.6   1.1696e-01    4.6     5450
  609.2  3330.3   1.57    31.2    1.05     11760    2.8   2.2298e-01    2.8     5450
  623.9  3410.6   1.55     6.2    0.86      1343   14.9   2.5472e-02   14.9     4709
  631.0  3449.6   1.56     3.4    0.86       382   51.5   7.2368e-03   51.5     4709
  727.0  3974.3   1.64     7.4    1.15      1742   12.1   3.3038e-02   12.1     3192
  768.3  4200.5   1.67     8.1    1.13      1320   15.2   2.5035e-02   15.2     3168
  785.6  4295.0   1.69     3.8    0.59       506   35.6   9.5866e-03   35.6     2774
  794.8  4345.4   1.69     5.3    0.91       788   23.8   1.4941e-02   23.8     2812
  810.7  4432.3   1.74    71.2    0.99     46808    1.0   8.8755e-01    1.0     2822
  829.1  4532.6   1.83     3.7    1.05       444   37.3   8.4155e-03   37.3     2819
  834.9  4564.6   1.83    10.1    1.05      1808   10.7   3.4278e-02   10.7     2819
  839.6  4590.3   1.84     3.5    1.05       295   54.4   5.6027e-03   54.4     2819
  846.7  4629.2   1.76    71.4    1.39     46112    1.1   8.7435e-01    1.1     2416
  860.5  4704.7   1.75     4.9    1.17       839   22.0   1.5913e-02   22.0     2376
  911.2  4981.6   1.82    21.3    0.99      5388    4.2   1.0217e-01    4.2     2332
  934.2  5107.4   1.81     5.7    0.87       906   19.0   1.7175e-02   19.0     2238
  964.7  5274.3   1.83     7.3    1.08      1110   13.4   2.1054e-02   13.4     2312
  968.9  5297.5   1.84    16.4    1.08      3127    5.6   5.9295e-02    5.6     2440
  977.3  5343.3   1.84     6.0    1.08       512   28.2   9.7138e-03   28.2     2312
 1001.0  5472.7   1.86     3.4    0.87       328   52.4   6.2182e-03   52.4     2385
 1037.8  5674.1   1.98    22.1    1.42      5459    4.5   1.0351e-01    4.5     2410
 1063.7  5815.8   1.92     5.8    0.87       713   23.3   1.3527e-02   23.3     2106
 1115.5  6098.9   2.03     3.6    0.87       404   37.4   7.6597e-03   37.4     1950
 1120.3  6125.2   2.04    17.9    0.87      3850    4.9   7.2992e-02    4.9     1950
 1155.2  6316.3   1.99     4.6    0.74       370   41.7   7.0201e-03   41.7     1852
 1175.2  6425.3   2.01     5.2    1.48       831   21.0   1.5748e-02   21.0     1943
 1238.3  6770.4   2.05    52.7    1.22     23431    1.5   4.4429e-01    1.5     1833
 1274.5  6968.6   2.21    20.0    0.92      4640    3.9   8.7979e-02    3.9     1358
 1280.7  7002.4   2.21     3.8    0.92       351   39.4   6.6533e-03   39.4     1358
 1360.2  7437.3   2.17    10.8    1.09      1306   10.2   2.4765e-02   10.2      907
 1377.7  7532.7   2.17     9.4    0.61      1300    9.5   2.4641e-02    9.5      848
 1401.1  7660.9   2.19     3.6    0.87       276   34.9   5.2269e-03   34.9      827
 1408.0  7698.8   2.20     5.5    0.87       586   17.3   1.1118e-02   17.3      789
 1434.0  7840.6   2.22     3.3    0.88       201   52.5   3.8147e-03   52.5      810
 1460.7  7987.0   2.25    63.5    1.57     35397    1.1   6.7118e-01    1.1      779
 1495.5  8177.4   2.27     3.8    1.02       202   46.5   3.8291e-03   46.5      605
 1509.2  8251.8   2.28     4.7    0.91       414   24.6   7.8564e-03   24.6      654
 1576.1  8618.1   2.34     3.9    1.14       220   33.6   4.1747e-03   33.6      542
 1588.1  8683.3   2.35     5.5    1.14       460   18.2   8.7230e-03   18.2      567
 1592.5  8707.4   2.35     4.0    1.14       491   17.4   9.3051e-03   17.4      567
 1620.6  8861.5   2.37     4.9    1.34       290   26.8   5.4957e-03   26.8      464
 1630.5  8915.7   2.38     5.0    1.34       251   30.2   4.7626e-03   30.2      464
 1661.3  9083.7   2.41     5.2    1.25       251   26.6   4.7667e-03   26.6      399
 1674.5  9156.1   2.42     3.3    1.25       110   56.5   2.0937e-03   56.5      417
 1729.5  9456.6   2.46     8.3    0.92       646   14.0   1.2251e-02   14.0      394
 1764.3  9647.2   2.56    19.1    1.05      3527    3.8   6.6870e-02    3.8      403
 1771.2  9684.7   2.57    20.6    1.05      3745    3.7   7.1018e-02    3.7      403
 1810.5  9899.7   2.53     4.2    1.32       157   49.6   2.9852e-03   49.6      359
 1847.3 10100.9   2.56     5.4    0.99       416   19.8   7.8901e-03   19.8      354
 2015.0 11017.9   2.70     6.9    0.70       602   13.5   1.1424e-02   13.5      299
 2034.4 11124.0   2.73    14.9    1.25      1711    6.3   3.2442e-02    6.3      271
 2087.0 11411.7   2.75     3.5    1.00       313   25.2   5.9355e-03   25.2      322
 2102.9 11498.8   2.77     5.0    1.31       647   12.3   1.2269e-02   12.3      332
 2118.0 11581.4   2.78     3.8    1.31       202   30.4   3.8228e-03   30.4      332
 2203.4 12048.5   2.84    10.2    0.98       995    8.7   1.8861e-02    8.7      305
 2212.7 12099.0   2.85     3.5    0.98       131   49.1   2.4848e-03   49.1      316
 2230.7 12197.6   2.87     4.4    0.59       213   34.3   4.0378e-03   34.3      315
 2446.9 13379.8   3.05     4.8    1.09       315   23.7   5.9716e-03   23.7      255
 2597.7 14204.5   3.11    19.1    1.18      2852    3.5   5.4084e-02    3.5       94
 2613.7 14292.0   3.13    26.2    1.18      5962    2.5   1.1304e-01    2.5       97
 2741.3 14990.2   3.29     3.5    1.04       206   21.4   3.9140e-03   21.4       73
 2760.1 15092.9   3.31     3.4    1.01        78   43.4   1.4789e-03   43.4       52

   indicates the Iterative Peak Width fitting reached a limiting value.
