
                       be used for evaluation purposes
                                                            10-Mar-2019 22:46
                       _________________________________

                       P E A K     F I T     R E P O R T
                       _________________________________

 Spectrum file Analysed: BK030619_53cm_Ir05_IDM1.Chn      
 Sample Title :          Ir05

 Spectrum saved on  7-Mar-2019 at 10:52    Collected on  6-Mar-2019 at  9:50
 Sample  Taken  on  6-Mar-2019 at  9:50    Decayed      0 Days,     0 mins.

            Detector file number used:     3
            Energy     Calibration Performed on  8-Mar-2019 at 11:49
            Peak Shape Calibration Performed on  8-Mar-2019 at 11:50

 

   Datetime:   6-Mar-2019   9:50
   Live:      89506.0 
   Mass:      577
   Shelf:     53
   Detector:      3

   Reported Activity values were rounded     
   FitzPeaks Version: 3.71 23rd January 2014           
                                                                                                     
              


 Peak   Centre   FW@HM         Goodness   Peak      %      Gammas       %      2 Sigma
Energy  Channel  (KeV)  Signif  of Fit    Area   Uncert.  per sec.   Uncert. Background

   61.3   335.8   1.12    30.8    9.40     77682    3.2   8.6790e-01    3.2   101048
   63.0   345.0   1.12   176.4    9.40    495884    0.7   5.5402e+00    0.7   110234
   64.7   354.2   1.13   242.4    9.40    696804    0.5   7.7850e+00    0.5   110234
   66.6   364.8   1.13    46.3    9.40     66171    4.0   7.3929e-01    4.0   110234
   68.7   376.3   1.13    14.0    9.40     11617   23.5   1.2980e-01   23.5   101048
   71.1   389.5   1.20    34.1    4.53     45530    4.3   5.0868e-01    4.3   108060
   73.2   400.8   1.20   127.0    4.53    264248    1.0   2.9523e+00    1.0    99747
   74.3   406.8   1.21    53.4    4.53     34287    6.0   3.8307e-01    6.0    99747
   75.4   412.6   1.21     7.6    4.53     99553    2.1   1.1122e+00    2.1   108060
   82.2   450.2   1.04    51.8    1.27     43288    2.5   4.8363e-01    2.5    80853
   84.6   463.3   1.05     8.9    1.27      7214   14.2   8.0594e-02   14.2    80853
   87.1   476.6   1.05     4.5    1.27      3271   31.0   3.6541e-02   31.0    80853
   92.5   506.3   1.10     6.6    1.20      4398   23.6   4.9138e-02   23.6    89226
   96.4   527.5   1.10    37.2    1.20     32696    3.2   3.6529e-01    3.2    89226
   99.2   543.2   1.11    10.5    1.20      9026   11.4   1.0084e-01   11.4    89226
  103.5   566.5   1.11    18.0    1.20     16215    6.4   1.8116e-01    6.4    89226
  105.9   579.6   1.11    25.0    1.20     22594    5.0   2.5243e-01    5.0    89226
  116.9   639.7   1.14     4.1    2.00      5133   17.9   5.7352e-02   17.9    94326
  121.7   666.3   1.14     6.4    2.00      5283   17.6   5.9020e-02   17.6    94326
  129.3   707.5   1.14    45.0    0.81     41623    2.5   4.6503e-01    2.5    82559
  136.9   749.3   1.16     3.4    2.09      1957   52.3   2.1861e-02   52.3    88051
  172.2   942.0   1.19    43.2    1.19     36735    2.8   4.1042e-01    2.8    71722
  178.9   978.9   1.20    13.4    0.53      9564    8.7   1.0685e-01    8.7    67665
  186.7  1021.4   1.23   114.7    2.22    155834    0.9   1.7410e+00    0.9    68159
  197.0  1078.1   1.44    15.1    3.68     13240    8.0   1.4793e-01    8.0    66032
  205.8  1126.0   1.25    16.7    1.45     11202    6.8   1.2515e-01    6.8    50713
  208.0  1138.1   1.26     5.9    1.45      3868   19.2   4.3212e-02   19.2    50713
  209.5  1146.6   1.26    11.4    1.45      7608   10.5   8.5000e-02   10.5    54939
  219.7  1202.1   1.23    13.1    1.45      7240    9.0   8.0885e-02    9.0    43305
  223.8  1224.6   1.24    16.6    1.45     10728    5.8   1.1986e-01    5.8    46914
  228.2  1248.3   1.24    26.3    1.45     17452    3.8   1.9498e-01    3.8    46914
  235.7  1289.7   1.23     3.6    1.61      1381   45.5   1.5424e-02   45.5    40077
  238.6  1305.7   1.23    36.8    1.61     24022    2.8   2.6839e-01    2.8    40077
  241.8  1323.0   1.24     6.7    1.61      5210   12.9   5.8203e-02   12.9    36994
  268.7  1469.9   1.51    21.1    2.91     18552    4.6   2.0727e-01    4.6    35460
  277.6  1518.9   1.24    39.5    0.82     22456    2.7   2.5088e-01    2.7    25785
  283.2  1549.6   1.27     3.4    1.26      1403   34.8   1.5679e-02   34.8    25941
  285.4  1561.3   1.27     4.8    1.26      1266   38.4   1.4147e-02   38.4    25941
  288.4  1578.0   1.27     5.3    1.26      2483   19.4   2.7745e-02   19.4    23946
  294.8  1613.0   1.31     9.2    1.12     19120    3.3   2.1362e-01    3.3    25508
  296.0  1619.3   1.31    68.5    1.12     73680    1.0   8.2319e-01    1.0    23686
  300.2  1642.6   1.31     5.1    1.12      1733   30.8   1.9361e-02   30.8    23686
  308.5  1687.8   1.29    83.0    1.30     67804    1.1   7.5753e-01    1.1    21444
  316.5  1731.8   1.29   147.1    1.70    186044    0.5   2.0786e+00    0.5    20222
  328.3  1796.0   1.37     7.7    0.96      3520   10.9   3.9322e-02   10.9    19427
  334.3  1828.7   1.38     7.6    0.96      3047   11.8   3.4044e-02   11.8    19427
  338.4  1851.3   1.38    13.1    0.96      5536    7.3   6.1848e-02    7.3    19427
  351.6  1923.4   1.58    41.9    1.02     40371    1.6   4.5105e-01    1.6    18533
  360.0  1969.3   1.32    39.4    1.09     34816    1.8   3.8898e-01    1.8    15065
  361.2  1975.8   1.32     4.9    1.09     21382    2.6   2.3889e-01    2.6    15065
  371.3  2031.2   1.32    59.1    0.96     36371    1.3   4.0636e-01    1.3    13648
  374.6  2049.3   1.32     4.5    0.96      1235   28.9   1.3797e-02   28.9    13648
  380.1  2079.4   1.32    10.0    0.96      3236   11.1   3.6155e-02   11.1    13648
  397.4  2174.1   1.37    24.7    0.87      9817    4.5   1.0968e-01    4.5    13060
  407.2  2227.7   1.38    57.2    1.55     41491    1.4   4.6356e-01    1.4    12187
  409.5  2240.0   1.38    62.6    1.55     42180    1.4   4.7125e-01    1.4    12187
  416.3  2277.6   1.37     5.4    0.88      1313   23.0   1.4675e-02   23.0    10436
  420.7  2301.6   1.37     7.2    0.88      2072   14.9   2.3152e-02   14.9    10436
  431.6  2361.0   1.36    12.8    0.78      3615    9.1   4.0388e-02    9.1    10135
  447.8  2449.7   1.41    12.4    1.06      3570    9.2   3.9885e-02    9.2     9038
  456.4  2497.0   1.40    35.6    0.79     15285    2.2   1.7077e-01    2.2     8371
  462.9  2532.5   1.41     6.0    0.79      1804   14.3   2.0158e-02   14.3     8969
  468.0  2560.3   1.41    87.9    0.79     72234    0.8   8.0703e-01    0.8     8371
  477.8  2614.0   1.44     8.4    1.84      2047   11.8   2.2868e-02   11.8     7547
  484.6  2650.9   1.44    17.4    1.84      5101    5.1   5.6990e-02    5.1     7547
  490.5  2683.2   1.45     4.9    1.84       779   33.5   8.7066e-03   33.5     7547
  502.5  2748.9   1.44     3.9    1.03      1194   23.3   1.3336e-02   23.3     6839
  510.8  2794.4   2.89    14.4    3.24     15049    4.3   1.6814e-01    4.3    12956
  518.4  2835.9   1.45    60.5    3.24     39757    1.2   4.4419e-01    1.2     6478
  538.8  2947.5   1.46    71.7    0.69     55672    0.9   6.2200e-01    0.9     6237
  541.6  2962.8   1.46     4.2    0.69      1456   20.7   1.6263e-02   20.7     6237
  557.9  3051.7   1.48    54.8    0.85     33555    1.2   3.7489e-01    1.2     5805
  562.5  3077.2   1.49     3.6    0.85       498   51.1   5.5633e-03   51.1     5805
  569.2  3113.8   1.49    59.0    0.86     31570    1.4   3.5271e-01    1.4     5738
  576.4  3152.9   1.53     3.4    0.85       520   39.4   5.8075e-03   39.4     5597
  583.1  3189.6   1.54    32.5    0.85     12826    2.2   1.4329e-01    2.2     5247
  588.4  3218.9   1.54    20.8    0.85      6067    4.1   6.7786e-02    4.1     5597
  600.6  3285.4   1.61     3.5    3.07       500   51.6   5.5815e-03   51.6     4834
  605.0  3309.4   1.61    64.5    3.07     52583    1.3   5.8748e-01    1.3     4834
  609.2  3332.4   1.61    46.6    3.07     22270    2.0   2.4881e-01    2.0     4834
  612.4  3349.8   1.62    23.8    3.07      6501    4.8   7.2635e-02    4.8     4834
  615.5  3367.0   1.62     3.5    3.07       951   27.6   1.0622e-02   27.6     4834
  624.0  3413.3   1.44    21.1    1.00      4992    4.8   5.5777e-02    4.8     4155
  628.4  3437.6   1.44     3.4    1.00       917   23.1   1.0240e-02   23.1     4451
  630.9  3451.3   1.44    14.5    1.00      3051    7.5   3.4085e-02    7.5     4155
  655.9  3587.7   1.55     7.7    1.25      1253   18.3   1.3994e-02   18.3     4063
  665.2  3638.9   1.56     4.8    1.04       706   30.9   7.8902e-03   30.9     4227
  726.6  3974.6   1.93    14.5    1.57      5998    5.1   6.7015e-02    5.1     4348
  755.2  4131.0   1.63     3.4    0.76       367   52.6   4.0960e-03   52.6     3413
  768.4  4203.0   1.58    18.9    1.09      3769    6.0   4.2109e-02    6.0     3493
  772.2  4224.2   1.59     3.7    1.09       379   48.3   4.2319e-03   48.3     3493
  785.6  4297.5   1.65     7.1    1.11       982   16.9   1.0970e-02   16.9     3374
  794.7  4347.3   1.66     7.7    1.11      1470   12.0   1.6423e-02   12.0     3374
  806.0  4408.7   1.69     4.0    0.85       520   33.6   5.8081e-03   33.6     3175
  810.6  4434.2   1.70    14.6    0.85      2978    6.7   3.3272e-02    6.7     3175
  821.6  4494.4   1.79     3.4    1.18       350   41.5   3.9141e-03   41.5     3055
  828.9  4534.2   1.80    15.7    1.18      3360    5.3   3.7540e-02    5.3     3235
  834.8  4566.4   1.80    15.5    1.18      3834    4.8   4.2835e-02    4.8     3055
  839.2  4590.2   1.80     6.4    1.18      1377   11.6   1.5380e-02   11.6     3235
  846.4  4629.9   1.81     3.8    1.18       612   25.2   6.8323e-03   25.2     3235
  860.4  4706.6   1.71     8.9    1.22      1666   11.8   1.8610e-02   11.8     2910
  904.1  4945.6   1.78     3.5    0.88       283   58.5   3.1616e-03   58.5     2744
  911.1  4983.6   1.78    29.3    0.88      9036    2.6   1.0096e-01    2.6     2744
  934.0  5109.1   1.77     7.8    0.87      1418   13.3   1.5838e-02   13.3     2821
  964.7  5276.8   1.78    10.1    1.02      1806   11.0   2.0179e-02   11.0     2630
  968.9  5299.9   1.78    21.7    1.02      5291    4.3   5.9116e-02    4.3     2630
 1001.1  5476.0   1.82     4.7    0.82       530   33.1   5.9261e-03   33.1     2571
 1036.0  5667.0   1.85     8.9    1.08      1499   13.0   1.6748e-02   13.0     2641
 1120.3  6128.0   1.92    25.8    1.04      6485    3.9   7.2453e-02    3.9     2454
 1133.7  6201.3   1.92     3.5    0.69       354   48.6   3.9538e-03   48.6     2525
 1155.2  6318.8   1.94     3.9    1.04       673   27.2   7.5210e-03   27.2     2648
 1238.1  6772.5   2.00    14.6    0.91      2784    7.5   3.1107e-02    7.5     2569
 1274.6  6971.7   2.09    13.1    0.91      2394    7.1   2.6750e-02    7.1     1917
 1281.0  7006.8   2.09     6.0    0.91       647   23.9   7.2258e-03   23.9     1917
 1324.6  7245.2   2.07     3.4    0.80       242   58.2   2.7084e-03   58.2     1519
 1377.7  7535.7   2.20    11.4    1.16      1783    7.7   1.9923e-02    7.7     1080
 1385.7  7579.7   2.20     3.8    1.16       447   24.9   4.9947e-03   24.9     1080
 1401.6  7666.8   2.13     4.9    0.99       491   23.5   5.4860e-03   23.5     1068
 1408.0  7701.5   2.13     7.9    0.99       930   13.2   1.0386e-02   13.2     1068
 1433.9  7843.1   2.15     3.5    1.12       198   59.8   2.2128e-03   59.8      971
 1460.8  7990.5   2.17    83.5    1.76     59558    0.9   6.6541e-01    0.9     1096
 1495.7  8181.0   2.20     3.4    1.08       286   29.5   3.1974e-03   29.5      699
 1501.5  8212.8   2.21     3.6    1.08       141   56.5   1.5729e-03   56.5      699
 1509.2  8255.1   2.21     7.8    1.08       754   12.6   8.4209e-03   12.6      699
 1583.0  8658.8   2.17     5.3    1.27       298   30.9   3.3332e-03   30.9      597
 1588.2  8687.0   2.17    10.2    1.27       817   13.0   9.1330e-03   13.0      625
 1592.5  8710.6   2.18     8.9    1.27       961   11.3   1.0742e-02   11.3      597
 1620.6  8864.5   2.30     6.7    1.04       532   14.6   5.9425e-03   14.6      488
 1630.7  8919.5   2.31     5.9    1.04       528   14.2   5.8999e-03   14.2      488
 1638.2  8960.4   2.31     3.6    1.04       158   41.9   1.7664e-03   41.9      488
 1661.4  9087.4   2.33     5.5    0.87       384   22.5   4.2874e-03   22.5      457
 1693.4  9262.4   2.35     3.3    1.14       133   58.9   1.4880e-03   58.9      407
 1729.6  9460.8   2.24    10.9    0.93      1016    9.3   1.1354e-02    9.3      400
 1764.5  9651.6   2.39    26.1    1.54      6060    3.0   6.7701e-02    3.0      444
 1838.6 10056.9   2.47     4.3    0.94       147   45.4   1.6444e-03   45.4      384
 1847.5 10105.3   2.47     9.5    0.94       803   10.7   8.9738e-03   10.7      384
 2103.5 11505.5   2.67     6.9    1.44      1163    9.5   1.2991e-02    9.5      426
 2118.7 11588.6   2.68     6.9    1.16       480   17.2   5.3653e-03   17.2      312
 2204.0 12055.3   2.61    14.5    1.05      1724    6.4   1.9265e-02    6.4      377
 2447.5 13387.1   2.93     7.0    0.77       627   12.2   7.0039e-03   12.2      244
 2614.3 14299.7   2.91    36.6    1.09     10485    1.8   1.1714e-01    1.8      118

   indicates the Iterative Peak Width fitting reached a limiting value.
