
                       be used for evaluation purposes
                                                            28-Mar-2019 14:52
                       _________________________________

                       P E A K     F I T     R E P O R T
                       _________________________________

 Spectrum file Analysed: BL030819_53cm_Ir09_IDM1.Chn      
 Sample Title :          Ir09

 Spectrum saved on 11-Mar-2019 at  9:02    Collected on  8-Mar-2019 at 17:17
 Sample  Taken  on  8-Mar-2019 at 17:17    Decayed      0 Days,     0 mins.

            Detector file number used:     3
            Energy     Calibration Performed on  8-Mar-2019 at 11:49
            Peak Shape Calibration Performed on  8-Mar-2019 at 11:50

 

   Datetime:   8-Mar-2019  17:17
   Live:      224853. 
   Mass:      977
   Shelf:     53
   Detector:      3

   Reported Activity values were rounded     
   FitzPeaks Version: 3.71 23rd January 2014           
                                                                                                     
              


 Peak   Centre   FW@HM         Goodness   Peak      %      Gammas       %      2 Sigma
Energy  Channel  (KeV)  Signif  of Fit    Area   Uncert.  per sec.   Uncert. Background

   63.1   345.3   1.11   139.7    7.26    360638    0.8   1.6039e+00    0.8   177599
   64.7   354.3   1.11   225.2    7.26    654019    0.5   2.9087e+00    0.5   177599
   66.6   364.8   1.12    72.5    7.26    118979    2.3   5.2914e-01    2.3   193744
   68.7   376.0   1.12    21.6    7.26     20249   13.1   9.0056e-02   13.1   193744
   63.1   345.3   1.12   139.7    6.78    362557    0.9   1.6124e+00    0.9   174715
   64.7   354.3   1.12   225.2    6.78    660930    0.5   2.9394e+00    0.5   174715
   66.6   364.8   1.12    72.5    6.78    122807    2.4   5.4617e-01    2.4   190598
   68.7   376.0   1.12    21.6    6.78     23509   12.5   1.0455e-01   12.5   190598
   63.1   345.3   1.11   139.7    6.55    359195    0.9   1.5975e+00    0.9   178956
   64.7   354.3   1.11   225.2    6.55    649940    0.5   2.8905e+00    0.5   178956
   66.6   364.8   1.11    72.5    6.55    117550    2.3   5.2279e-01    2.3   178956
   68.7   376.0   1.11    21.6    6.55     19822   13.5   8.8154e-02   13.5   195224
   73.3   401.1   1.33    95.5   19.47    250266    3.2   1.1130e+00    3.2   244364
   75.1   411.3   1.33    38.9   19.47    141642    5.9   6.2993e-01    5.9   226909
   77.4   423.8   1.33    11.9   19.47     14305   55.3   6.3620e-02   55.3   226909
   82.2   450.2   1.09    37.5    2.29     38941    3.5   1.7318e-01    3.5   179888
   84.6   463.1   1.09     7.9    2.29     10151   12.6   4.5144e-02   12.6   196242
   87.1   476.8   1.10     8.3    2.29      7381   16.5   3.2828e-02   16.5   179888
   89.7   491.2   1.10     3.8    2.29      2476   48.0   1.1012e-02   48.0   179888
   92.5   506.5   1.10     6.7    2.29     10722   11.7   4.7686e-02   11.7   179888
   96.4   527.5   1.10    24.6    2.29     30869    4.1   1.3728e-01    4.1   179888
   99.3   543.6   1.11    20.5    2.29     23939    5.5   1.0647e-01    5.5   179888
  103.5   566.5   1.13    30.0    1.69     41294    6.9   1.8365e-01    6.9   187867
  105.9   579.6   1.13    44.2    1.69     55816    5.1   2.4824e-01    5.1   187867
  116.9   639.6   1.14     9.4    3.86     14450   12.7   6.4263e-02   12.7   176906
  120.4   659.1   1.14     5.4    3.86      4856   29.3   2.1594e-02   29.3   192988
  121.8   666.4   1.14     6.5    3.86      9328   15.4   4.1486e-02   15.4   176906
  129.3   707.6   1.18    29.1    0.80     36427    4.3   1.6201e-01    4.3   184571
  136.0   744.4   1.15     3.8    1.27      3562   38.5   1.5841e-02   38.5   165745
  172.1   941.9   1.20    31.8    0.77     33853    4.3   1.5056e-01    4.3   141478
  178.9   978.9   1.19     9.0    0.95      8868   13.7   3.9441e-02   13.7   132258
  186.4  1020.1   1.43    17.4    3.04     31266    9.3   1.3905e-01    9.3   146977
  201.2  1101.0   1.25     4.3    1.55      2703   36.1   1.2020e-02   36.1   101308
  205.8  1126.0   1.25    24.3    1.55     20879    4.8   9.2854e-02    4.8   101308
  209.6  1146.6   1.26    16.0    1.55     17604    5.8   7.8289e-02    5.8   109750
  219.7  1201.9   1.26    10.3    1.63      6967   13.3   3.0984e-02   13.3    85654
  223.7  1224.0   1.27     4.5    1.63      3222   26.9   1.4329e-02   26.9    85654
  228.2  1248.3   1.27    43.6    1.63     44505    2.2   1.9793e-01    2.2    92791
  238.7  1305.8   1.21    63.8    3.90     57626    2.2   2.5628e-01    2.2    72512
  241.8  1323.0   1.21    12.2    3.90     12540    9.7   5.5768e-02    9.7    72512
  268.7  1469.8   1.51    14.4    1.48     17224    5.5   7.6600e-02    5.5    69169
  270.4  1479.1   1.51     5.9    1.48      4332   20.2   1.9265e-02   20.2    69169
  277.6  1518.9   1.28    62.8    1.01     57383    1.7   2.5520e-01    1.7    55635
  285.5  1562.1   1.27     4.0    1.27      2120   34.0   9.4293e-03   34.0    52559
  295.9  1618.8   1.43    97.7    4.17    153236    1.0   6.8149e-01    1.0    49691
  300.2  1642.3   1.44     7.6    4.17      5478   14.9   2.4364e-02   14.9    53241
  308.5  1687.8   1.29   104.9    0.61    122059    0.8   5.4284e-01    0.8    41986
  316.5  1731.8   1.31   183.0    2.30    337636    0.4   1.5016e+00    0.4    38772
  328.1  1795.0   1.32     6.2    0.79      3929   13.0   1.7474e-02   13.0    37586
  334.3  1828.8   1.32    13.3    0.79      7101    7.1   3.1579e-02    7.1    34901
  338.4  1851.1   1.33    20.6    0.79     12356    4.3   5.4952e-02    4.3    37586
  351.8  1924.5   1.51    62.8    3.45     71068    1.6   3.1606e-01    1.6    34454
  360.0  1969.5   1.45    44.2    2.49     33793    2.4   1.5029e-01    2.4    33042
  371.3  2031.5   1.28    11.9    1.01      4866   10.0   2.1641e-02   10.0    26298
  374.6  2049.5   1.28     4.2    1.01      1902   24.8   8.4576e-03   24.8    26298
  397.4  2173.9   1.36     5.6    0.90      1904   26.5   8.4679e-03   26.5    25173
  407.3  2227.9   1.37     8.9    0.89      5798    9.9   2.5785e-02    9.9    24344
  409.5  2240.1   1.38    56.4    0.89     38813    1.9   1.7262e-01    1.9    24344
  416.5  2278.4   1.37     3.4    1.19      1590   31.4   7.0722e-03   31.4    21427
  438.7  2399.7   1.39     3.3    0.86       990   45.6   4.4044e-03   45.6    20103
  456.5  2497.0   1.41    31.0    1.44     13785    3.4   6.1307e-02    3.4    18113
  462.9  2532.5   1.42    12.5    1.44      4484    9.2   1.9941e-02    9.2    19406
  468.0  2560.3   1.42   118.7    1.44    130511    0.6   5.8043e-01    0.6    18113
  478.1  2615.4   1.42     4.6    1.00       697   51.2   3.0996e-03   51.2    17535
  480.4  2627.7   1.42     3.5    1.00       598   57.5   2.6615e-03   57.5    16366
  484.5  2650.5   1.43    19.3    1.00      8299    4.6   3.6907e-02    4.6    17535
  489.1  2675.7   1.43     3.6    1.00       979   38.0   4.3553e-03   38.0    16366
  510.8  2794.1   2.50    25.8    3.54     32573    2.7   1.4486e-01    2.7    25530
  518.5  2836.1   1.06    15.3    3.54      4421    7.9   1.9663e-02    7.9    11701
  538.8  2947.5   1.45    69.5    1.18     49698    1.3   2.2102e-01    1.3    14977
  557.8  3051.6   1.53    15.5    1.07      5337    6.5   2.3737e-02    6.5    13199
  562.2  3075.6   1.54     4.0    1.07       944   33.7   4.1976e-03   33.7    13199
  569.2  3113.9   1.54    13.0    1.07      5080    6.7   2.2591e-02    6.7    14079
  583.1  3189.7   1.49    56.0    0.98     31822    1.6   1.4152e-01    1.6    12489
  588.5  3219.2   1.50    25.3    0.98     10227    4.0   4.5485e-02    4.0    12489
  604.5  3306.8   1.57    35.5    3.50     22772    2.8   1.0128e-01    2.8    12298
  609.2  3332.4   1.57    72.6    3.50     54760    1.2   2.4354e-01    1.2    11530
  612.4  3349.8   1.58    29.6    3.50     11165    4.4   4.9657e-02    4.4    12298
  624.0  3413.3   1.37    16.6    0.62      4424    7.3   1.9677e-02    7.3     9949
  665.2  3639.0   1.56     5.5    1.30      1887   19.2   8.3927e-03   19.2    10302
  702.9  3845.1   1.59     3.4    1.05       576   57.9   2.5611e-03   57.9     9672
  727.1  3977.4   1.77    20.1    1.45      8003    5.1   3.5593e-02    5.1     9423
  742.6  4062.2   1.62     3.5    0.85       516   59.7   2.2954e-03   59.7     8711
  755.2  4131.3   1.63     4.6    0.74       650   47.5   2.8929e-03   47.5     8548
  768.2  4202.3   1.60    18.4    1.09      5305    6.0   2.3593e-02    6.0     8519
  772.2  4224.0   1.61     6.2    1.09      1142   25.8   5.0783e-03   25.8     8519
  785.7  4297.7   1.65     8.3    1.25      2165   14.8   9.6275e-03   14.8     8017
  794.8  4347.6   1.63    13.3    1.29      3752    8.9   1.6687e-02    8.9     8157
  806.1  4409.6   1.62     6.3    0.73      1410   19.4   6.2689e-03   19.4     7464
  810.7  4434.4   1.63    10.1    0.73      2621   10.7   1.1656e-02   10.7     7464
  829.9  4539.8   1.77     3.4    0.97       574   44.8   2.5506e-03   44.8     8207
  834.8  4566.6   1.78    22.4    0.97      9320    3.2   4.1447e-02    3.2     7751
  839.6  4592.9   1.78     3.4    0.97      1119   22.1   4.9748e-03   22.1     8207
  846.6  4630.9   1.79     5.7    0.97      1663   15.7   7.3937e-03   15.7     8207
  860.4  4706.7   1.78    13.5    1.07      4377    7.3   1.9468e-02    7.3     7174
  904.2  4945.9   1.76     3.6    0.93       754   33.8   3.3549e-03   33.8     7240
  911.1  4983.8   1.77    46.7    0.93     22591    1.7   1.0047e-01    1.7     6838
  934.0  5109.3   1.76    13.6    1.27      3481    8.9   1.5482e-02    8.9     6493
  964.6  5276.5   1.84    15.0    0.87      4779    6.4   2.1253e-02    6.4     6945
  968.9  5299.8   1.84    31.7    0.87     13538    2.7   6.0210e-02    2.7     6580
 1001.1  5476.0   1.82     6.4    1.10      1335   21.3   5.9376e-03   21.3     6354
 1078.8  5900.7   1.88     3.4    0.97       573   47.8   2.5485e-03   47.8     6030
 1120.3  6127.8   1.95    36.9    0.93     15653    2.4   6.9615e-02    2.4     6648
 1155.2  6318.7   1.94     6.5    0.96      1826   16.0   8.1203e-03   16.0     6442
 1238.2  6772.6   2.09    22.1    1.13      7290    5.1   3.2421e-02    5.1     7211
 1274.6  6971.9   1.99    20.8    0.96      5683    4.7   2.5274e-02    4.7     4886
 1281.1  7007.2   1.99     6.9    0.96      1337   17.7   5.9453e-03   17.7     4886
 1332.5  7288.7   2.08     6.4    1.23       586   38.1   2.6051e-03   38.1     3544
 1377.7  7536.0   2.03    20.0    0.84      4091    4.8   1.8195e-02    4.8     2724
 1385.5  7578.2   2.04     4.8    0.84       762   22.9   3.3880e-03   22.9     2724
 1401.5  7666.1   2.23     8.5    0.78      1443   12.6   6.4160e-03   12.6     2779
 1408.1  7702.0   2.24    11.8    0.78      2626    7.8   1.1679e-02    7.8     2779
 1460.8  7990.6   2.17   131.5    4.47    147610    0.7   6.5647e-01    0.7     2803
 1496.0  8182.6   2.12     4.4    1.01       716   18.3   3.1855e-03   18.3     1662
 1501.4  8212.4   2.13     3.4    1.01       275   45.4   1.2240e-03   45.4     1662
 1509.3  8255.5   2.13    13.6    1.01      2048    7.3   9.1068e-03    7.3     1662
 1538.6  8415.9   2.23     3.8    1.05       474   29.4   2.1099e-03   29.4     1518
 1543.8  8444.4   2.24     3.5    1.05       297   46.0   1.3216e-03   46.0     1449
 1582.7  8657.1   2.51     3.4    1.65       736   20.8   3.2713e-03   20.8     1561
 1588.2  8687.3   2.51    13.6    1.65      2343    7.2   1.0421e-02    7.2     1561
 1592.5  8710.9   2.52    11.7    1.65      2815    6.1   1.2520e-02    6.1     1561
 1599.3  8747.8   2.52     3.7    1.65       317   45.6   1.4078e-03   45.6     1561
 1620.7  8865.1   2.30     8.9    1.25      1207   10.3   5.3694e-03   10.3     1241
 1630.6  8919.2   2.31     8.3    1.25      1215   10.1   5.4053e-03   10.1     1241
 1638.4  8961.6   2.31     3.4    1.25       328   33.2   1.4567e-03   33.2     1298
 1661.3  9087.0   2.33     8.5    0.91      1047   13.3   4.6545e-03   13.3     1095
 1729.6  9460.7   2.35    17.1    0.87      2870    5.5   1.2764e-02    5.5     1000
 1764.5  9651.7   2.42    41.8    1.29     15407    1.7   6.8520e-02    1.7     1055
 1838.7 10057.1   2.35     4.3    1.12       326   32.0   1.4503e-03   32.0      872
 1847.5 10105.4   2.36    15.3    1.12      2039    6.5   9.0666e-03    6.5      912
 2103.3 11504.8   3.20    10.9    1.07      3377    5.3   1.5021e-02    5.3     1154
 2118.6 11588.1   2.48    10.3    0.92      1042   11.8   4.6355e-03   11.8      804
 2204.0 12055.2   2.77    21.9    1.01      4651    4.2   2.0687e-02    4.2      960
 2293.2 12543.1   2.82     3.3    1.03       270   47.2   1.2009e-03   47.2     1026
 2447.5 13387.4   2.83    12.3    0.64      1413    8.6   6.2834e-03    8.6      673
 2598.0 14210.6   3.05     3.4    0.95       126   55.9   5.6116e-04   55.9      278
 2614.4 14299.9   2.88    57.6    1.34     26160    1.2   1.1634e-01    1.2      282

   indicates the Iterative Peak Width fitting reached a limiting value.
