
                       be used for evaluation purposes
                                                            21-Mar-2019 12:00
                       _________________________________

                       P E A K     F I T     R E P O R T
                       _________________________________

 Spectrum file Analysed: BM02272019_Cu01_5cm_room131.Chn  
 Sample Title :          Cu01

 Spectrum saved on 27-Feb-2019 at  9:13    Collected on 27-Feb-2019 at  8:28
 Sample  Taken  on 27-Feb-2019 at  8:28    Decayed      0 Days,     0 mins.

            Detector file number used:     7
            Energy     Calibration Performed on  8-Mar-2019 at 12:07
            Peak Shape Calibration Performed on  8-Mar-2019 at 12:08

 

   Datetime:  27-Feb-2019   8:28
   Live:      2206.00 
   Mass:      129
   Shelf:     5
   Detector:      7

   Reported Activity values were rounded     
   FitzPeaks Version: 3.71 23rd January 2014           
                                                                                                     
              


 Peak   Centre   FW@HM         Goodness   Peak      %      Gammas       %      2 Sigma
Energy  Channel  (KeV)  Signif  of Fit    Area   Uncert.  per sec.   Uncert. Background

   30.8   163.6   0.94    15.7    0.85     10115   17.5   4.5853e+00   17.5    51526
   35.9   191.1   0.90     7.4    2.96      5053   42.8   2.2908e+00   42.8    92821
   40.8   216.8   1.01   234.2   84.54    710026    1.0   3.2186e+02    1.0    76936
   63.2   336.2   1.08    30.6    1.89     33012    3.1   1.4965e+01    3.1    58735
   64.8   345.0   1.08    44.5    1.89     53734    2.0   2.4358e+01    2.0    53396
   72.9   387.9   1.14    32.6    6.06     45226    7.8   2.0501e+01    7.8    70082
   74.9   398.7   1.14    51.1    6.06     68313    4.8   3.0967e+01    4.8    64242
   82.3   438.1   1.15     4.7    1.88      2578   55.2   1.1684e+00   55.2    56888
   84.7   451.0   1.15    23.8    1.88     27598    5.6   1.2510e+01    5.6    56888
   87.3   464.6   1.15     8.8    1.88      7778   18.4   3.5257e+00   18.4    52147
   94.3   502.0   0.97     3.4    1.10      2050   30.9   9.2918e-01   30.9    44194
   96.5   513.8   0.97     3.4    1.10      1349   45.8   6.1139e-01   45.8    44194
  129.5   689.7   1.01     3.5    1.14      1964   35.0   8.9042e-01   35.0    47758
  243.6  1297.1   1.29    47.6    1.99     47955    2.0   2.1738e+01    2.0    59584
  247.2  1316.3   1.30    35.9    1.99     33335    2.9   1.5111e+01    2.9    64549
  260.7  1388.2   1.29    26.7    1.87     23235    3.9   1.0533e+01    3.9    63715
  305.1  1624.7   1.22     5.6    0.85      3376   23.2   1.5305e+00   23.2    68441
  349.8  1863.1   1.27     8.0    1.53      5531   13.3   2.5073e+00   13.3    47217
  360.1  1918.0   1.28     3.4    1.30      1071   58.8   4.8566e-01   58.8    40321
  394.3  2099.8   1.43    38.0    0.82     26625    2.5   1.2069e+01    2.5    30392
  409.8  2182.4   1.34     4.3    1.17      1240   38.8   5.6230e-01   38.8    22773
  507.8  2704.6   1.38    13.4   57.11    131310    5.9   5.9524e+01    5.9    89465
  511.2  2722.7   2.84   194.1   57.11   3521752    0.5   1.5964e+03    0.5   185813
  539.1  2871.3   1.49     6.8    1.08      1966   19.4   8.9109e-01   19.4    13749
  548.7  2922.3   1.67   113.0    2.78    148750    1.2   6.7430e+01    1.2    17164
  569.1  3030.8   1.53     3.7    0.96       690   46.6   3.1288e-01   46.6    10505
  596.9  3179.2   1.73   140.2    4.68    222171    0.6   1.0071e+02    0.6    11442
  637.8  3396.7   1.70    21.7    0.76      8597    4.5   3.8973e+00    4.5     9092
  721.7  3843.6   1.71     3.4    0.83       690   41.0   3.1269e-01   41.0     7808
  875.8  4664.5   1.89     3.4    0.76       751   36.0   3.4056e-01   36.0     6866
 1020.2  5433.6   2.06     3.5    1.19       812   37.8   3.6805e-01   37.8     6661
 1115.9  5943.4   2.34    24.4    0.75      9573    3.6   4.3397e+00    3.6     5944
 1173.2  6248.6   2.24     9.7    0.83      2054   13.0   9.3088e-01   13.0     5179
 1346.2  7170.1   2.56    36.0    1.13     15612    2.4   7.0770e+00    2.4     4748

   indicates the Iterative Peak Width fitting reached a limiting value.
