
                       be used for evaluation purposes
                                                            20-Mar-2019 12:33
                       _________________________________

                       P E A K     F I T     R E P O R T
                       _________________________________

 Spectrum file Analysed: BM030519_25cm_Ir02_IDM4.Chn      
 Sample Title :          Ir02

 Spectrum saved on  6-Mar-2019 at  9:44    Collected on  5-Mar-2019 at 19:02
 Sample  Taken  on  5-Mar-2019 at 19:02    Decayed      0 Days,     0 mins.

            Detector file number used:     6
            Energy     Calibration Performed on  8-Mar-2019 at 12:03
            Peak Shape Calibration Performed on  8-Mar-2019 at 12:04

 

   Datetime:   5-Mar-2019  19:02
   Live:      47231.0 
   Mass:      277
   Shelf:     25
   Detector:      6

   Reported Activity values were rounded     
   FitzPeaks Version: 3.71 23rd January 2014           
                                                                                                     
              


 Peak   Centre   FW@HM         Goodness   Peak      %      Gammas       %      2 Sigma
Energy  Channel  (KeV)  Signif  of Fit    Area   Uncert.  per sec.   Uncert. Background

   36.4   198.0   1.01     9.2    1.49     18335   15.8   3.8820e-01   15.8   632827
   59.2   322.6   1.10    13.6  291.82    461960    6.7   9.7809e+00    6.7  1295037
   60.4   328.9   1.10    45.5  291.82    354025    8.7   7.4956e+00    8.7  1412767
   61.5   335.4   1.10   397.0  291.82   5173397    0.6   1.0953e+02    0.6  1295037
   63.2   344.6   1.11  1163.4  291.82  21606802    0.5   4.5747e+02    0.5  1295037
   64.9   354.0   1.11  1436.4  291.82  24157052    0.2   5.1147e+02    0.2  1412767
   67.0   365.1   1.11    16.0  291.82    258059   12.3   5.4638e+00   12.3  1412767
   69.6   379.3   1.19   125.4   45.60    656939    1.2   1.3909e+01    1.2   588762
   71.4   389.1   1.19   422.0   45.60   3080854    0.3   6.5229e+01    0.3   588762
   73.5   400.8   1.19   834.4   45.60   9638948    0.1   2.0408e+02    0.1   588762
   75.7   412.6   1.19   403.9   45.60   2694440    0.4   5.7048e+01    0.4   588762
   82.5   449.9   1.05   399.3    4.90   1537764    0.3   3.2558e+01    0.3   234019
   85.0   463.6   1.06    45.8    4.90     82222    5.1   1.7408e+00    5.1   257421
   87.5   477.2   1.06    16.9    4.90     22247   17.8   4.7102e-01   17.8   257421
   95.3   520.3   1.07    10.9    1.10     55451   11.1   1.1740e+00   11.1   264040
   96.6   527.2   1.07   313.2    1.10   1079974    0.6   2.2866e+01    0.6   264040
  103.8   566.6   1.07     3.5    0.87      5175   53.1   1.0956e-01   53.1   250241
  106.1   579.1   1.07     5.5    0.87      5590   49.2   1.1836e-01   49.2   250241
  122.1   666.6   1.06    16.4    1.54     22026    9.9   4.6634e-01    9.9   305751
  129.5   707.2   1.10   324.8    6.27   1098966    0.6   2.3268e+01    0.6   316694
  136.7   746.2   1.31     7.7    3.09     26376    8.5   5.5844e-01    8.5   324612
  138.3   755.1   1.32    20.5    3.09     59290    4.0   1.2553e+00    4.0   349582
  140.9   769.6   1.32    22.2    3.09     33148    7.3   7.0182e-01    7.3   324612
  147.2   803.9   1.15    17.2    1.99     24989    7.7   5.2909e-01    7.7   308022
  150.0   818.9   1.15     8.9    1.99     13556   13.6   2.8701e-01   13.6   308022
  161.3   881.2   0.93     4.1    1.49      3307   47.1   7.0025e-02   47.1   267858
  164.1   896.2   0.94    10.6    1.49     10421   14.9   2.2065e-01   14.9   267858
  172.3   941.2   1.14   333.4    0.99   1102187    0.3   2.3336e+01    0.3   314796
  179.1   978.1   1.14   148.5    1.26    304561    0.8   6.4483e+00    0.8   308971
  186.8  1020.5   1.17   416.9    2.15   1933171    0.2   4.0930e+01    0.2   257300
  187.9  1026.4   1.17    12.7    2.15    102739    2.3   2.1753e+00    2.3   280691
  190.7  1041.7   1.18     6.4    2.15      6490   31.7   1.3741e-01   31.7   280691
  197.1  1076.5   1.21    68.3    3.68    165789    1.3   3.5102e+00    1.3   273507
  198.2  1082.6   1.22    12.1    3.68     62568    3.4   1.3247e+00    3.4   273507
  201.5  1100.6   1.22     7.0    3.68      8441   23.9   1.7871e-01   23.9   273507
  206.0  1125.4   1.39    43.9   19.67     70224   10.2   1.4868e+00   10.2   285696
  208.5  1138.9   1.39    16.1   19.67     63141   11.8   1.3369e+00   11.8   285696
  216.8  1184.3   1.19    41.8    1.49     59715    2.5   1.2643e+00    2.5   183931
  219.7  1200.4   1.19   137.1    1.49    284350    0.6   6.0204e+00    0.6   183931
  221.9  1212.2   1.19    17.9    1.49     32946    4.2   6.9756e-01    4.2   183931
  223.9  1223.3   1.19    92.0    1.49    152941    1.0   3.2381e+00    1.0   183931
  228.3  1247.5   1.20     4.9    1.49      5270   27.4   1.1158e-01   27.4   199258
  233.7  1277.1   1.20    28.2    1.09     35504    4.7   7.5170e-01    4.7   152385
  235.6  1287.4   1.20    11.6    1.09     17150    9.4   3.6311e-01    9.4   152385
  237.2  1296.0   1.20     6.2    1.09      6556   24.3   1.3881e-01   24.3   152385
  238.8  1304.6   1.20     9.0    1.09     11183   14.5   2.3677e-01   14.5   152385
  242.2  1323.4   1.20     4.6    1.09      3803   43.3   8.0518e-02   43.3   165084
  245.2  1339.9   1.21   237.5    1.09    654219    0.3   1.3851e+01    0.3   152385
  248.4  1357.3   1.21     4.5    1.09      5822   27.5   1.2327e-01   27.5   152385
  249.8  1365.0   1.21     4.1    1.09      4359   38.1   9.2291e-02   38.1   152385
  268.1  1465.0   1.21    10.0    0.75    193719    0.9   4.1015e+00    0.9   108813
  268.9  1469.4   1.21   138.9    0.75    378932    0.5   8.0230e+00    0.5   117880
  276.1  1508.4   1.20    44.4    0.70     51827    2.2   1.0973e+00    2.2   111376
  277.7  1517.4   1.20     5.2    0.70      6587   15.9   1.3946e-01   15.9   102809
  283.1  1547.2   1.24    14.6    1.02     14686    8.7   3.1093e-01    8.7    99667
  288.4  1576.1   1.24    26.8    1.02     28010    4.7   5.9304e-01    4.7    99667
  294.8  1611.0   1.26    14.0    1.63    170387    1.0   3.6075e+00    1.0    92792
  296.1  1617.9   1.26   140.1    1.63    409713    0.4   8.6747e+00    0.4    92792
  308.6  1686.2   1.27   201.7    1.42    406183    0.4   8.5999e+00    0.4    93800
  316.6  1730.2   1.27   348.6    3.05   1096592    0.2   2.3218e+01    0.2    89933
  328.5  1795.3   1.27     9.4    1.19      7467   12.7   1.5810e-01   12.7    88917
  338.7  1851.2   1.28     3.8    1.00      2884   29.9   6.1070e-02   29.9    91120
  343.4  1876.6   1.28     4.8    1.00      4409   19.2   9.3339e-02   19.2    91120
  351.3  1919.8   1.31   254.9    1.40    612039    0.6   1.2958e+01    0.6    91843
  360.0  1967.6   1.31   286.6    1.31   1040705    0.2   2.2034e+01    0.2    86352
  361.2  1974.0   1.31    24.3    1.31    268347    0.7   5.6816e+00    0.7    92995
  371.3  2029.4   1.32   211.4    1.60    456249    0.4   9.6599e+00    0.4    67249
  374.6  2047.2   1.32    11.5    1.60      7538   11.2   1.5960e-01   11.2    67249
  380.1  2077.5   1.33    45.9    1.60     41255    2.2   8.7348e-01    2.2    67249
  397.4  2172.3   1.32   107.8    1.46    122807    1.0   2.6001e+00    1.0    55329
  407.3  2225.9   1.37   196.3    6.52    525433    0.4   1.1125e+01    0.4    54019
  409.5  2238.2   1.37   355.0    6.52   1225546    0.3   2.5948e+01    0.3    54019
  416.4  2276.2   1.42    12.3    1.34      7935    9.1   1.6801e-01    9.1    45169
  420.7  2299.6   1.43    32.3    1.34     24709    3.2   5.2315e-01    3.2    48396
  423.2  2312.9   1.43     7.1    1.34      5495   12.9   1.1633e-01   12.9    45169
  424.7  2321.6   1.43     8.9    1.34      7838    9.7   1.6594e-01    9.7    48396
  431.7  2359.4   1.40    54.1    1.47     44953    2.0   9.5177e-01    2.0    38463
  445.1  2433.1   1.37    15.0    0.88      7726    8.4   1.6358e-01    8.4    30152
  447.8  2447.8   1.37    56.9    0.88     42975    1.7   9.0989e-01    1.7    30152
  456.5  2495.2   1.39   216.1    4.92    456369    0.4   9.6625e+00    0.4    31532
  468.1  2558.5   1.40   204.5    2.34    429175    0.3   9.0867e+00    0.3    22423
  472.6  2583.5   1.41     3.5    2.34      2510   21.0   5.3140e-02   21.0    24025
  474.2  2592.0   1.41     8.1    2.34      3862   13.6   8.1776e-02   13.6    22423
  477.9  2612.0   1.41    41.7    2.34     27286    2.2   5.7771e-01    2.2    22423
  480.0  2623.6   1.41    10.6    2.34      6727    8.1   1.4242e-01    8.1    22423
  483.0  2640.0   1.42     7.3    2.34      3341   15.9   7.0738e-02   15.9    22423
  484.7  2649.6   1.42    43.2    2.34     34093    2.0   7.2184e-01    2.0    24025
  489.1  2673.6   1.37     7.0    1.20      3267   15.7   6.9166e-02   15.7    16866
  490.8  2682.7   1.37    20.2    1.20      9867    5.4   2.0890e-01    5.4    18163
  494.6  2703.8   1.37    17.8    1.20      7524    6.8   1.5931e-01    6.8    18163
  502.6  2747.1   1.42    33.1    0.93     18584    2.8   3.9346e-01    2.8    16381
  510.9  2792.6   2.85    13.7    4.84     24612    4.3   5.2110e-01    4.3    30821
  518.5  2834.2   1.43   212.9    4.84    501792    0.4   1.0624e+01    0.4    15981
  538.9  2945.8   1.46   387.2    5.54   1683557    0.2   3.5645e+01    0.2    11703
  541.7  2961.0   1.46    44.2    5.54     44171    1.5   9.3521e-01    1.5    10923
  547.6  2993.6   1.47     5.0    5.54      1527   33.4   3.2340e-02   33.4    11703
  557.9  3050.0   1.48   189.7    2.38    425322    0.3   9.0051e+00    0.3     9377
  562.5  3074.9   1.48     4.4    2.38       926   44.4   1.9601e-02   44.4     9377
  569.3  3112.0   1.49   181.2    4.31    397796    0.4   8.4223e+00    0.4     8760
  576.5  3151.3   1.43    28.2    1.46     13159    3.1   2.7860e-01    3.1     8230
  583.4  3189.2   1.59    26.6    2.36     14192    3.1   3.0049e-01    3.1     9255
  588.4  3216.5   1.60    50.6    2.36     47419    1.1   1.0040e+00    1.1     8676
  593.8  3246.1   1.60     6.9    2.36      2606   12.9   5.5183e-02   12.9     9255
  605.1  3308.0   1.60   193.2   19.36    593837    0.5   1.2573e+01    0.5     7815
  609.3  3330.7   1.52    22.3    1.10     10484    5.6   2.2198e-01    5.6     7029
  612.4  3347.9   1.52    51.6    1.10     39463    1.7   8.3553e-01    1.7     7029
  615.3  3363.6   1.52    18.0    1.10      7390    7.9   1.5647e-01    7.9     7029
  618.3  3380.1   1.52     4.5    1.06       892   56.6   1.8883e-02   56.6     7567
  624.1  3411.6   1.55   105.4    2.81    154200    0.6   3.2648e+00    0.6     6144
  628.5  3435.9   1.55    20.3    2.81     11472    5.3   2.4290e-01    5.3     6554
  631.0  3449.6   1.55    50.0    2.81     42002    1.7   8.8928e-01    1.7     6144
  656.0  3586.1   1.55    38.4    0.94     14566    2.3   3.0839e-01    2.3     4578
  658.9  3602.1   1.56     7.3    0.94      1506   16.3   3.1891e-02   16.3     4578
  668.0  3651.6   1.56     7.0    1.63      1121   42.5   2.3727e-02   42.5     5500
  676.7  3699.7   1.77     3.4    1.27       680   30.0   1.4387e-02   30.0     4436
  679.9  3716.8   1.78     5.2    1.27       927   22.2   1.9625e-02   22.2     4697
  687.5  3758.3   1.78     3.3    1.27      1142   18.3   2.4173e-02   18.3     4436
  690.0  3772.3   1.79    12.4    1.27      3180    7.4   6.7329e-02    7.4     4436
  705.1  3854.5   1.59     8.4    0.74      1335   14.8   2.8256e-02   14.8     3591
  709.1  3876.4   1.60     6.9    0.74       849   22.9   1.7976e-02   22.9     3591
  726.3  3970.6   1.66    65.3    1.05     43629    1.0   9.2374e-01    1.0     3634
  731.4  3998.4   1.67     3.6    1.05       367   58.7   7.7671e-03   58.7     3634
  740.2  4046.7   1.53    11.4    1.19      1891   10.3   4.0031e-02   10.3     3230
  744.0  4067.4   1.54     7.2    1.19      1203   16.2   2.5473e-02   16.2     3230
  755.8  4131.9   1.66     6.7    1.11      1344   13.6   2.8459e-02   13.6     3153
  762.7  4169.6   1.67     5.5    1.11      1176   14.8   2.4896e-02   14.8     3351
  768.6  4202.0   1.67    50.6    1.11     24916    1.3   5.2754e-01    1.3     3153
  784.6  4289.4   1.66     8.6    1.10      1791    9.5   3.7918e-02    9.5     3158
  791.9  4329.2   1.67     7.1    1.10      1164   14.5   2.4649e-02   14.5     2972
  794.9  4345.6   1.67     3.8    1.10       700   23.2   1.4831e-02   23.2     3158
  806.0  4406.7   1.70     3.9    0.90       527   34.5   1.1162e-02   34.5     2975
  810.8  4432.5   1.71    24.7    0.90      6655    3.6   1.4090e-01    3.6     2975
  821.8  4492.9   1.76    14.4    1.38      2665    7.4   5.6423e-02    7.4     2881
  828.9  4532.0   1.76    62.7    1.38     40022    1.0   8.4737e-01    1.0     2881
  834.9  4564.4   1.77     4.1    1.38       947   17.8   2.0043e-02   17.8     2721
  839.2  4587.8   1.77    32.9    1.38     11235    2.3   2.3787e-01    2.3     2881
  846.7  4629.2   1.72     8.7    1.21      1527   12.6   3.2325e-02   12.6     2447
  860.5  4704.4   1.73     6.4    1.10       698   25.8   1.4780e-02   25.8     2390
  884.5  4835.6   1.75     9.1    1.14      1501   11.5   3.1784e-02   11.5     2325
  889.7  4864.4   1.75     3.9    1.14       551   29.2   1.1659e-02   29.2     2325
  911.2  4981.7   1.78    20.7    1.37      4498    4.4   9.5238e-02    4.4     2158
  916.8  5012.3   1.78     7.4    1.37       940   17.9   1.9911e-02   17.9     2158
  925.6  5060.3   1.79     6.0    1.88       638   22.6   1.3503e-02   22.6     2220
  935.3  5113.5   1.79     9.5    1.88      2254    7.7   4.7713e-02    7.7     2097
  948.3  5184.4   1.80     3.7    1.03       441   34.3   9.3265e-03   34.3     1978
  952.3  5206.3   1.81     6.0    1.03       703   22.6   1.4888e-02   22.6     2095
  964.9  5275.2   1.86     5.9    1.00      1028   14.4   2.1755e-02   14.4     1880
  969.0  5297.7   1.86    14.3    1.00      2692    5.8   5.6991e-02    5.8     1880
  976.4  5338.2   1.87    11.0    1.00      1843    8.0   3.9015e-02    8.0     1880
 1001.0  5472.6   1.85     3.3    1.20       301   50.9   6.3627e-03   50.9     1843
 1036.1  5664.6   1.92    45.8    0.74     19655    1.5   4.1615e-01    1.5     1864
 1063.1  5812.4   1.90     3.4    1.09       370   40.3   7.8251e-03   40.3     1732
 1076.5  5885.5   1.92     4.0    0.83       381   38.3   8.0731e-03   38.3     1663
 1087.5  5945.8   1.93     3.7    1.37       336   45.1   7.1181e-03   45.1     1649
 1120.4  6125.8   1.89    16.6    1.26      3011    6.1   6.3745e-02    6.1     1660
 1123.7  6144.0   1.89     6.9    1.26       791   20.1   1.6756e-02   20.1     1660
 1133.9  6199.6   2.02    16.3    0.88      3193    5.6   6.7604e-02    5.6     1675
 1147.4  6273.5   1.98     6.9    1.07       845   15.3   1.7884e-02   15.3     1593
 1150.6  6291.2   1.98     3.3    1.07       289   43.3   6.1256e-03   43.3     1677
 1155.4  6317.0   1.98     3.7    1.07       364   32.9   7.7099e-03   32.9     1677
 1163.1  6359.4   1.99     7.4    1.07       679   18.9   1.4387e-02   18.9     1593
 1200.3  6562.8   2.11    16.4    0.92      3225    5.6   6.8278e-02    5.6     1662
 1238.2  6770.1   2.05    12.4    0.88      2038    8.1   4.3159e-02    8.1     1579
 1274.6  6968.9   2.19    16.2    0.75      3206    4.7   6.7879e-02    4.7     1206
 1281.0  7003.8   2.19     3.9    0.75       279   41.4   5.9003e-03   41.4     1151
 1324.4  7241.2   2.19    17.2    0.87      3305    4.6   6.9977e-02    4.6      897
 1355.5  7411.5   2.16     3.5    1.02       340   31.2   7.2030e-03   31.2      733
 1377.7  7532.6   2.13    15.7    1.16      2074    5.7   4.3917e-02    5.7      649
 1387.0  7583.5   2.13     8.3    1.16       920    9.6   1.9480e-02    9.6      649
 1397.1  7638.8   2.14     9.5    1.16       828   10.0   1.7527e-02   10.0      649
 1401.5  7663.2   2.15     4.1    1.16       244   29.4   5.1756e-03   29.4      649
 1408.0  7698.4   2.15     5.4    1.16       471   16.6   9.9781e-03   16.6      649
 1434.1  7841.4   2.23     9.5    0.94      1080   10.3   2.2867e-02   10.3      552
 1460.8  7987.2   2.26    56.0    2.05     31228    1.2   6.6117e-01    1.2      547
 1495.1  8174.8   2.28     6.6    0.80       466   18.0   9.8670e-03   18.0      398
 1509.3  8252.4   2.29     6.3    1.11       449   19.5   9.5027e-03   19.5      426
 1588.3  8684.6   2.36     5.6    0.80       368   22.6   7.7940e-03   22.6      408
 1592.2  8706.0   2.36     5.2    0.80       417   20.3   8.8250e-03   20.3      408
 1620.9  8862.7   2.39     3.7    0.94       172   34.2   3.6479e-03   34.2      281
 1630.7  8916.3   2.40     4.3    0.94       237   23.4   5.0108e-03   23.4      281
 1638.0  8956.2   2.40     3.3    0.94        88   57.3   1.8640e-03   57.3      281
 1661.4  9084.0   2.42     4.1    0.79       254   26.1   5.3751e-03   26.1      257
 1729.6  9457.0   2.48     7.2    0.90       554   13.3   1.1734e-02   13.3      256
 1757.4  9609.0   2.59     3.4    1.13       154   37.3   3.2594e-03   37.3      223
 1764.5  9648.0   2.60    19.3    1.13      3099    3.8   6.5611e-02    3.8      223
 1771.0  9683.3   2.60     4.0    1.13       242   24.4   5.1267e-03   24.4      215
 1847.3 10101.0   2.58     6.7    0.64       387   16.5   8.1924e-03   16.5      203
 1919.4 10494.9   2.65     4.6    0.93       202   31.2   4.2717e-03   31.2      208
 2103.1 11499.5   2.81     4.8    1.24       599   10.7   1.2681e-02   10.7      208
 2118.3 11582.7   2.82     5.4    1.24       211   24.7   4.4717e-03   24.7      208
 2203.8 12050.5   2.89     9.1    1.19       943    9.1   1.9964e-02    9.1      197
 2447.2 13381.4   3.11     3.9    0.96       270   21.6   5.7075e-03   21.6      146
 2598.3 14207.5   3.29     4.3    1.41       176   20.6   3.7177e-03   20.6       39
 2614.1 14294.1   3.30    25.1    1.41      5134    2.9   1.0871e-01    2.9       41

   indicates the Iterative Peak Width fitting reached a limiting value.
