
                       be used for evaluation purposes
                                                            13-Mar-2019 19:06
                       _________________________________

                       P E A K     F I T     R E P O R T
                       _________________________________

 Spectrum file Analysed: BM03052019_40cm_Ir01_IDM3.Chn    
 Sample Title :          Ir01

 Spectrum saved on  6-Mar-2019 at  9:47    Collected on  5-Mar-2019 at 19:03
 Sample  Taken  on  5-Mar-2019 at 19:03    Decayed      0 Days,     0 mins.

            Detector file number used:     5
            Energy     Calibration Performed on  8-Mar-2019 at 12:01
            Peak Shape Calibration Performed on  8-Mar-2019 at 12:02

 

   Datetime:   5-Mar-2019  19:03
   Live:      51249.0 
   Mass:      177
   Shelf:     40
   Detector:      5

   Reported Activity values were rounded     
   FitzPeaks Version: 3.71 23rd January 2014           
                                                                                                     
              


 Peak   Centre   FW@HM         Goodness   Peak      %      Gammas       %      2 Sigma
Energy  Channel  (KeV)  Signif  of Fit    Area   Uncert.  per sec.   Uncert. Background

   36.1   196.8   1.43     3.6    0.99      4011   58.9   7.8267e-02   58.9   382960
   53.4   291.6   1.73    17.4   14.99     55756   29.1   1.0879e+00   29.1  1184807
   59.2   323.4   1.50     4.0   16.48    123820   23.2   2.4160e+00   23.2   811550
   61.2   334.3   1.50    67.3   16.48   1765462    1.7   3.4449e+01    1.7   811550
   62.9   343.5   1.50   453.3   16.48   6725572    0.5   1.3123e+02    0.5   811550
   64.6   352.9   1.50   592.4   16.48   7079124    0.5   1.3813e+02    0.5   811550
   69.3   378.8   1.57     5.0   15.72    214190    2.6   4.1794e+00    2.6   341536
   71.1   388.2   1.57   154.5   15.72   1095964    0.6   2.1385e+01    0.6   341536
   73.2   399.8   1.57   456.3   15.72   3087634    0.2   6.0248e+01    0.2   341536
   75.3   411.4   1.57   137.1   15.72    891252    0.6   1.7391e+01    0.6   320190
   82.1   448.8   1.46   217.4    1.25    489883    0.5   9.5589e+00    0.5   157142
   84.6   462.1   1.46    26.7    1.25     51864    3.5   1.0120e+00    3.5   157142
   87.2   476.4   1.46    13.5    1.25     13942   13.0   2.7204e-01   13.0   168366
   96.2   525.8   1.54   172.8    6.57    376629    0.7   7.3490e+00    0.7   168300
  103.5   565.7   1.38     6.6    0.96      7090   19.3   1.3834e-01   19.3   158156
  105.8   578.1   1.38    10.2    0.96     10695   12.9   2.0870e-01   12.9   158156
  116.5   636.9   1.49     3.7    1.24      3032   50.7   5.9157e-02   50.7   190614
  121.6   664.8   1.50    10.0    1.24      7683   20.4   1.4992e-01   20.4   190614
  129.1   705.8   1.50   171.8    1.24    369499    0.5   7.2099e+00    0.5   190614
  136.2   744.5   1.49     5.8    1.18      5842   19.3   1.1399e-01   19.3   175926
  137.8   753.3   1.49     9.4    1.18     13350    8.2   2.6050e-01    8.2   175926
  140.5   768.2   1.49     6.2    1.18      7712   14.2   1.5049e-01   14.2   175926
  146.9   803.0   1.50     8.0    1.18      5589   20.0   1.0905e-01   20.0   164198
  149.7   818.1   1.50     4.1    1.18      4678   22.9   9.1271e-02   22.9   175926
  154.9   846.6   1.50     7.9    1.18      9910   11.3   1.9337e-01   11.3   175926
  164.0   896.3   1.51     4.3    1.01      5059   28.4   9.8707e-02   28.4   176513
  172.1   940.7   1.53   171.0    1.20    379707    0.5   7.4091e+00    0.5   169278
  178.9   977.8   1.54    72.3    1.20    104912    1.5   2.0471e+00    1.5   169278
  186.7  1020.5   1.62   245.2   11.64    790467    0.5   1.5424e+01    0.5   170790
  197.2  1077.8   1.83    39.2    4.79     79748    5.6   1.5561e+00    5.6   177126
  206.0  1126.2   1.84    17.9    3.50     30228    5.1   5.8983e-01    5.1   150891
  208.5  1139.6   1.84     9.4    3.50     31396    5.4   6.1262e-01    5.4   150891
  216.7  1184.7   1.56    24.0    1.07     24711    4.9   4.8218e-01    4.9   105260
  219.6  1200.8   1.56    71.0    1.07    101264    1.2   1.9759e+00    1.2   112277
  221.8  1212.5   1.56     9.5    1.07     11591    9.5   2.2616e-01    9.5   105260
  223.8  1223.7   1.56    48.5    1.07     58692    2.0   1.1452e+00    2.0   105260
  228.2  1247.6   1.57    10.7    1.07      9955   11.4   1.9424e-01   11.4   105260
  233.6  1277.3   1.55    14.9    1.61     13417   11.0   2.6179e-01   11.0    91753
  235.6  1288.0   1.55     4.1    1.61      4218   35.2   8.2304e-02   35.2    97869
  238.7  1304.9   1.55    11.8    1.61      9337   15.9   1.8219e-01   15.9    97869
  245.2  1340.5   1.56   140.9    1.61    260439    0.7   5.0818e+00    0.7    91753
  268.6  1468.7   1.85   102.9    3.82    196984    0.9   3.8437e+00    0.9    76925
  276.0  1509.0   1.58    22.1    1.05     21267    3.5   4.1497e-01    3.5    62159
  277.7  1518.2   1.58     6.8    1.05     12693    5.8   2.4768e-01    5.8    62159
  283.1  1548.1   1.59     6.9    1.05      5206   13.5   1.0158e-01   13.5    62159
  288.4  1576.7   1.59    14.8    1.05     10422    6.9   2.0336e-01    6.9    62159
  294.8  1611.8   1.58    12.1    0.81     70613    1.6   1.3778e+00    1.6    56263
  296.0  1618.6   1.58    86.1    0.81    140888    0.8   2.7491e+00    0.8    52746
  308.5  1686.9   1.61   112.4    1.00    139718    0.7   2.7263e+00    0.7    50678
  316.6  1730.9   1.61   202.5    1.00    380388    0.4   7.4223e+00    0.4    50678
  328.5  1796.0   1.61     5.0    0.92      2603   22.1   5.0791e-02   22.1    48435
  334.3  1827.9   1.61     4.2    0.92      1822   31.6   3.5559e-02   31.6    48435
  338.5  1850.8   1.61     6.2    0.92      3570   15.9   6.9653e-02   15.9    48435
  343.4  1877.9   1.62     3.8    0.92      1808   32.2   3.5286e-02   32.2    48435
  351.2  1920.4   1.66   144.4    1.01    215039    0.6   4.1960e+00    0.6    49848
  359.9  1968.0   1.63   169.9    0.88    352895    0.4   6.8859e+00    0.4    44973
  361.1  1974.4   1.63    11.8    0.88    103917    1.2   2.0277e+00    1.2    44973
  371.2  2029.8   1.64   134.0    1.76    177115    0.6   3.4560e+00    0.6    36196
  374.4  2047.5   1.64     5.5    1.76      2734   25.8   5.3341e-02   25.8    38458
  380.0  2077.8   1.65    25.4    1.76     15895    4.7   3.1016e-01    4.7    36196
  397.3  2172.6   1.66    60.2    0.80     47696    1.6   9.3068e-01    1.6    31648
  407.2  2226.4   1.68    90.6    1.29    203009    0.6   3.9612e+00    0.6    28752
  409.4  2238.7   1.68   189.9    1.29    415115    0.3   8.1000e+00    0.3    28752
  416.5  2277.3   1.60     4.6    1.09      2001   25.3   3.9048e-02   25.3    23980
  420.7  2300.2   1.60    17.3    1.09      8164    6.3   1.5930e-01    6.3    23980
  431.6  2360.1   1.67    33.3    1.09     17410    3.4   3.3972e-01    3.4    19294
  445.1  2434.0   1.64     5.7    1.02      2608   18.0   5.0899e-02   18.0    16171
  447.8  2448.7   1.64    32.9    1.02     16399    3.2   3.1998e-01    3.2    16171
  456.5  2496.1   1.70   123.2    0.85    155133    0.5   3.0270e+00    0.5    14274
  458.6  2507.8   1.70     6.2    0.85      1815   22.7   3.5424e-02   22.7    14274
  462.8  2530.7   1.70     4.1    0.85       941   43.3   1.8366e-02   43.3    14274
  468.1  2559.5   1.71   118.7    0.85    147528    0.5   2.8787e+00    0.5    14274
  477.9  2613.2   1.77    25.5    1.29     12836    3.0   2.5046e-01    3.0    12477
  479.9  2624.3   1.77     7.3    1.29      2142   16.0   4.1792e-02   16.0    11784
  484.7  2650.5   1.77    25.0    1.29     12193    3.1   2.3791e-01    3.1    11784
  490.6  2682.7   1.77     9.1    1.29      4064    8.7   7.9305e-02    8.7    11784
  494.6  2704.7   1.78     6.3    1.29      2226   15.0   4.3431e-02   15.0    11784
  502.6  2748.3   1.73    18.9    3.42      7460    5.0   1.4557e-01    5.0     9319
  511.0  2794.1   3.46    15.4    3.42     19323    3.9   3.7705e-01    3.9    18089
  518.5  2835.4   1.74   134.4    3.42    194504    0.4   3.7953e+00    0.4     9319
  538.9  2947.0   1.74   264.3    1.92    563856    0.3   1.1002e+01    0.3     8131
  541.7  2962.3   1.74     7.8    1.92     14693    3.8   2.8670e-01    3.8     7679
  558.0  3051.3   1.76   139.3    1.28    161354    0.5   3.1484e+00    0.5     6007
  563.1  3079.0   1.76     3.5    1.28       455   58.2   8.8778e-03   58.2     6360
  569.3  3113.3   1.77   135.0    1.28    153380    0.5   2.9928e+00    0.5     6007
  576.5  3152.5   1.83    16.8    1.21      4563    5.9   8.9029e-02    5.9     5839
  583.3  3189.8   1.83    26.7    1.21      9202    3.2   1.7955e-01    3.2     5532
  588.4  3217.8   1.84    37.3    1.21     16210    2.1   3.1629e-01    2.1     5532
  605.2  3309.3   1.83   150.5    1.95    221604    0.5   4.3241e+00    0.5     4820
  609.3  3332.0   1.83    30.1    1.95     10589    3.7   2.0662e-01    3.7     4820
  612.5  3349.3   1.84    32.6    1.95     12457    3.1   2.4306e-01    3.1     4820
  615.4  3365.4   1.84     6.3    1.95      2600   13.2   5.0732e-02   13.2     4820
  624.1  3412.8   1.79    76.2    1.11     51362    1.0   1.0022e+00    1.0     4327
  628.6  3437.1   1.79     9.5    1.11      4365    6.6   8.5182e-02    6.6     4327
  631.1  3451.0   1.79    35.1    1.11     16283    2.1   3.1772e-01    2.1     4327
  633.2  3462.7   1.79     7.0    1.11      2418   11.4   4.7182e-02   11.4     4327
  656.0  3587.4   1.76    20.1    0.83      5102    5.1   9.9551e-02    5.1     3473
  680.3  3720.2   1.82     3.4    0.95       272   57.9   5.3062e-03   57.9     3237
  690.1  3773.7   1.83     4.7    0.95       847   19.8   1.6521e-02   19.8     3237
  709.0  3877.0   1.84     3.6    0.84       385   49.4   7.5099e-03   49.4     3028
  726.5  3972.6   1.99    39.4    1.15     17466    1.9   3.4081e-01    1.9     2953
  740.5  4049.2   1.86     6.1    1.03       669   28.5   1.3063e-02   28.5     2836
  762.8  4171.4   1.88     3.4    0.98       426   41.4   8.3037e-03   41.4     2813
  768.7  4203.7   1.89    30.6    0.98      9624    2.6   1.8778e-01    2.6     2813
  785.8  4297.1   1.89     3.8    1.15       459   32.5   8.9564e-03   32.5     2507
  795.0  4347.5   1.89     4.5    1.15       759   21.0   1.4800e-02   21.0     2646
  806.2  4408.7   1.90     3.8    1.05       465   36.5   9.0784e-03   36.5     2441
  810.8  4433.9   1.90     8.9    1.05      1402   12.6   2.7366e-02   12.6     2313
  821.9  4494.7   1.99     7.2    1.10      1150   13.7   2.2433e-02   13.7     2334
  829.1  4533.7   2.00    37.9    1.10     15662    1.6   3.0560e-01    1.6     2334
  835.2  4567.1   2.00     6.7    1.10      1147   13.0   2.2377e-02   13.0     2457
  839.3  4589.5   2.00    19.5    1.10      4544    4.1   8.8658e-02    4.1     2334
  846.8  4630.8   2.01     3.5    1.10       377   38.3   7.3528e-03   38.3     2457
  860.5  4705.6   1.93     5.3    1.16       853   21.1   1.6635e-02   21.1     2185
  884.3  4836.0   1.95     4.2    1.13       427   40.2   8.3416e-03   40.2     2202
  911.2  4983.1   1.94    21.5    1.36      4601    4.5   8.9783e-02    4.5     2014
  916.8  5013.8   1.94     4.0    1.36       443   36.5   8.6479e-03   36.5     2014
  934.6  5110.6   1.98     4.0    1.44       917   20.0   1.7892e-02   20.0     1978
  948.3  5186.0   1.99     3.4    0.94       390   39.6   7.6141e-03   39.6     1918
  952.2  5207.0   1.99     3.3    0.94       358   42.1   6.9921e-03   42.1     1918
  964.8  5275.9   2.02     6.1    0.99       931   17.8   1.8160e-02   17.8     1923
  968.9  5298.7   2.02    15.4    0.99      2874    6.4   5.6070e-02    6.4     1923
 1000.9  5473.3   2.02     3.5    0.98       294   51.4   5.7316e-03   51.4     1772
 1036.0  5665.4   2.05    27.3    0.79      7397    3.1   1.4434e-01    3.1     1837
 1120.2  6125.7   2.13    16.2    1.02      3225    5.9   6.2928e-02    5.9     1807
 1133.7  6199.5   2.10     9.9    0.76      1322   12.0   2.5804e-02   12.0     1702
 1147.4  6274.7   2.11     3.7    1.06       335   39.3   6.5318e-03   39.3     1757
 1155.3  6317.7   2.11     5.2    1.06       300   44.7   5.8452e-03   44.7     1757
 1200.3  6564.0   2.14     6.1    1.06      1119   13.3   2.1839e-02   13.3     1602
 1209.8  6615.7   2.15     3.8    1.06       449   29.0   8.7622e-03   29.0     1682
 1238.1  6770.6   2.16     9.5    0.83      1349   12.5   2.6331e-02   12.5     1754
 1274.5  6969.5   2.18    25.1    1.02      6081    3.3   1.1866e-01    3.3     1168
 1280.7  7003.8   2.18     3.3    1.02       236   53.2   4.6098e-03   53.2     1168
 1324.2  7241.8   2.22     9.3    1.19      1243    9.6   2.4248e-02    9.6      887
 1332.2  7285.4   2.22     3.7    1.19       202   49.2   3.9442e-03   49.2      847
 1377.5  7532.9   2.25     9.2    1.07      1220    7.8   2.3797e-02    7.8      639
 1386.2  7580.9   2.25     3.4    1.07       464   16.6   9.0559e-03   16.6      639
 1397.1  7640.0   2.26     3.9    1.07       334   22.5   6.5173e-03   22.5      639
 1401.4  7663.5   2.26     3.4    1.07       235   30.5   4.5809e-03   30.5      639
 1407.8  7698.7   2.27     5.3    1.07       485   16.4   9.4660e-03   16.4      639
 1434.1  7842.9   2.28     3.9    0.98       248   39.2   4.8353e-03   39.2      612
 1460.6  7987.7   2.33    58.4    1.18     31549    1.1   6.1560e-01    1.1      661
 1495.2  8177.0   2.32     3.6    1.03       250   31.8   4.8782e-03   31.8      390
 1509.0  8252.2   2.33     6.7    1.02       357   24.5   6.9720e-03   24.5      437
 1588.1  8685.0   2.38     5.1    0.98       433   19.3   8.4442e-03   19.3      421
 1592.2  8707.4   2.38     5.3    0.98       475   17.7   9.2721e-03   17.7      404
 1620.2  8860.5   2.40     3.3    1.24       246   24.4   4.7965e-03   24.4      284
 1630.4  8916.2   2.40     5.1    1.24       271   23.3   5.2950e-03   23.3      284
 1661.0  9083.5   2.42     3.8    0.95       173   41.1   3.3742e-03   41.1      280
 1715.8  9383.1   2.45     3.7    1.30       122   50.0   2.3719e-03   50.0      218
 1729.4  9457.9   2.46     7.1    0.97       550   13.4   1.0736e-02   13.4      233
 1764.3  9648.4   2.50    18.7    0.78      2995    4.0   5.8447e-02    4.0      267
 1847.1 10101.2   2.53     6.1    0.98       394   17.5   7.6944e-03   17.5      220
 2059.0 11260.2   2.66     3.4    1.33       122   49.6   2.3788e-03   49.6      202
 2103.1 11501.1   2.69     5.2    1.20       502   13.0   9.8050e-03   13.0      236
 2118.1 11583.2   2.70     4.3    1.20       191   26.6   3.7247e-03   26.6      236
 2203.6 12051.2   2.75     8.9    0.88       925    7.8   1.8050e-02    7.8      182
 2214.1 12108.2   2.76     5.2    0.88       328   17.1   6.3914e-03   17.1      182
 2447.2 13383.0   2.90     5.5    0.98       265   20.8   5.1707e-03   20.8      122
 2613.8 14294.2   3.04    24.4    1.13      5094    2.8   9.9405e-02    2.8       62

   indicates the Iterative Peak Width fitting reached a limiting value.
