
                       be used for evaluation purposes
                                                            20-Mar-2019 12:38
                       _________________________________

                       P E A K     F I T     R E P O R T
                       _________________________________

 Spectrum file Analysed: BN030619_25cm_Ir06_IDM4.Chn      
 Sample Title :          Ir06

 Spectrum saved on  7-Mar-2019 at 10:51    Collected on  6-Mar-2019 at  9:50
 Sample  Taken  on  6-Mar-2019 at  9:50    Decayed      0 Days,     0 mins.

            Detector file number used:     6
            Energy     Calibration Performed on  8-Mar-2019 at 12:03
            Peak Shape Calibration Performed on  8-Mar-2019 at 12:04

 

   Datetime:   6-Mar-2019   9:50
   Live:      88245.0 
   Mass:      677
   Shelf:     25
   Detector:      6

   Reported Activity values were rounded     
   FitzPeaks Version: 3.71 23rd January 2014           
                                                                                                     
              


 Peak   Centre   FW@HM         Goodness   Peak      %      Gammas       %      2 Sigma
Energy  Channel  (KeV)  Signif  of Fit    Area   Uncert.  per sec.   Uncert. Background

   53.9   293.7   1.23    11.2    2.21     16450   49.5   1.8641e-01   49.5   864413
   61.5   335.2   1.12    67.2   71.05    481667    2.4   5.4583e+00    2.4   388930
   63.3   344.8   1.13   471.8   71.05   4099342    0.3   4.6454e+01    0.3   424287
   64.9   354.0   1.13   701.8   71.05   6368221    0.2   7.2165e+01    0.2   424287
   66.9   364.5   1.13   177.3   71.05    680308    1.7   7.7093e+00    1.7   388930
   69.2   377.4   1.13     8.4   71.05     25760   44.6   2.9192e-01   44.6   388930
   71.4   389.2   1.24    88.7   12.37    295718    1.5   3.3511e+00    1.5   210692
   73.5   400.7   1.24   378.9   12.37   2319749    0.3   2.6288e+01    0.3   228250
   75.6   412.5   1.24   214.7   12.37    941991    0.5   1.0675e+01    0.5   228250
   78.0   425.1   1.25    35.8   12.37     64159    5.9   7.2705e-01    5.9   210692
   82.5   449.9   1.08   175.5    1.86    369343    0.5   4.1854e+00    0.5   144950
   84.9   463.2   1.08    25.2    1.86     33077    5.0   3.7483e-01    5.0   144950
   87.5   477.3   1.08    11.1    1.86     10806   14.4   1.2245e-01   14.4   144950
   92.8   506.2   1.10     3.9    0.99      4356   29.6   4.9361e-02   29.6   145499
   96.6   527.1   1.10   137.7    0.99    263749    0.6   2.9888e+00    0.6   145499
  103.7   566.2   0.98     6.6    1.14      6745   16.4   7.6437e-02   16.4   132921
  106.2   579.5   0.98    11.1    1.14      9160   12.4   1.0380e-01   12.4   146213
  117.4   640.8   1.08     3.6    2.09      3392   35.6   3.8440e-02   35.6   164274
  122.1   666.5   1.09     8.2    2.09      6978   17.4   7.9070e-02   17.4   164274
  129.5   707.1   1.15   156.8    0.93    324976    0.6   3.6827e+00    0.6   172387
  136.0   742.7   1.10     8.1    2.26     12507   18.0   1.4173e-01   18.0   162575
  137.8   752.7   1.10     5.3    2.26      8381   27.7   9.4975e-02   27.7   162575
  141.1   770.3   1.10     6.3    2.26      5031   44.9   5.7012e-02   44.9   162575
  172.3   941.1   1.17   144.8    0.68    271179    0.7   3.0730e+00    0.7   175403
  179.1   978.2   1.17    58.8    0.96     76726    2.0   8.6947e-01    2.0   160669
  186.8  1020.4   1.18   260.3    3.70    763950    0.4   8.6572e+00    0.4   147637
  187.6  1024.8   1.18     7.9    3.70     40471    6.6   4.5862e-01    6.6   147637
  197.0  1076.1   1.21    39.9    6.66     58632    2.7   6.6442e-01    2.7   123146
  198.2  1082.8   1.21    10.2    6.66     23503    6.3   2.6634e-01    6.3   123146
  201.4  1100.4   1.21    10.3    6.66      9762   14.9   1.1062e-01   14.9   133408
  205.9  1125.0   1.22    59.6    6.66     72756    2.2   8.2448e-01    2.2   123146
  208.3  1138.0   1.22    10.3    6.66     20154    9.1   2.2838e-01    9.1   123146
  219.8  1200.7   1.21    49.0    1.01     55165    1.9   6.2514e-01    1.9    92089
  221.9  1212.1   1.21     8.6    1.01      7499   12.3   8.4974e-02   12.3    92089
  223.9  1223.3   1.21    51.0    1.01     57547    1.8   6.5213e-01    1.8    92089
  228.3  1247.1   1.22    12.7    1.01      9910    9.7   1.1230e-01    9.7    92089
  235.7  1288.0   1.19     7.9    1.23      5839   14.8   6.6164e-02   14.8    80501
  238.7  1304.3   1.20    24.3    1.23     20695    4.4   2.3452e-01    4.4    80501
  242.0  1322.2   1.20     4.2    1.23      4082   21.8   4.6255e-02   21.8    80501
  248.8  1359.3   1.20     3.6    1.98      2421   38.5   2.7434e-02   38.5    73104
  268.1  1465.0   1.24     6.7    1.72     48105    2.6   5.4513e-01    2.6    61642
  268.9  1469.4   1.24    70.2    1.72     92363    1.4   1.0467e+00    1.4    66778
  277.7  1517.4   1.27    16.7    0.96     13065    4.9   1.4805e-01    4.9    61918
  283.2  1547.7   1.27    13.0    0.96      8729    7.3   9.8914e-02    7.3    61918
  288.4  1576.1   1.28    16.4    0.96     11443    5.7   1.2967e-01    5.7    61918
  294.8  1611.0   1.29    13.0    1.90     66108    2.0   7.4914e-01    2.0    56630
  296.0  1617.8   1.29   193.7    1.90    477426    0.3   5.4102e+00    0.3    56630
  300.3  1641.1   1.30     4.9    1.90      2342   38.0   2.6541e-02   38.0    56630
  308.6  1686.2   1.29   219.3    1.73    461129    0.3   5.2256e+00    0.3    50752
  316.6  1730.2   1.30   367.3    2.81   1251937    0.2   1.4187e+01    0.2    46143
  328.5  1795.4   1.33    22.4    1.16     15326    4.0   1.7368e-01    4.0    43020
  334.2  1826.4   1.34     5.6    1.16      2167   27.5   2.4551e-02   27.5    43020
  338.6  1850.3   1.34     9.6    1.16      6922    8.6   7.8442e-02    8.6    43020
  351.3  1920.1   1.42   110.2    3.06    167018    0.8   1.8927e+00    0.8    43849
  360.0  1967.5   1.34   116.4    0.79    255628    0.5   2.8968e+00    0.5    38811
  361.2  1974.0   1.34     4.0    0.79    110130    1.0   1.2480e+00    1.0    41797
  371.3  2029.4   1.34   124.7    1.37    187426    0.6   2.1239e+00    0.6    33127
  374.6  2047.2   1.35    17.4    1.37      8929    6.6   1.0119e-01    6.6    35675
  380.1  2077.4   1.35    26.2    1.37     17109    3.8   1.9388e-01    3.8    33127
  391.0  2136.9   1.32     3.8    0.88      1062   50.2   1.2038e-02   50.2    32272
  397.4  2172.2   1.35    63.8    1.32     50049    1.5   5.6716e-01    1.5    30839
  407.2  2225.9   1.40   127.7    1.76    214957    0.5   2.4359e+00    0.5    28837
  409.5  2238.2   1.40   164.3    1.76    300336    0.5   3.4034e+00    0.5    28837
  416.5  2276.6   1.47    17.2    1.42      8330    6.3   9.4402e-02    6.3    27050
  420.7  2299.6   1.48    18.2    1.42     10248    4.9   1.1613e-01    4.9    27050
  424.1  2318.1   1.48     3.8    1.42      2540   20.5   2.8779e-02   20.5    25247
  431.6  2359.3   1.39    32.9    1.76     17719    3.5   2.0079e-01    3.5    21920
  445.0  2432.6   1.37     8.3    1.02      2199   20.8   2.4914e-02   20.8    17008
  447.8  2447.8   1.37    35.0    1.02     17614    2.9   1.9961e-01    2.9    18317
  456.5  2495.2   1.42   105.1    2.06    112824    0.9   1.2785e+00    0.9    17863
  463.1  2531.1   1.42     4.3    2.32      1532   30.3   1.7362e-02   30.3    15662
  468.1  2558.5   1.42   224.0    2.32    488256    0.4   5.5330e+00    0.4    16781
  477.9  2612.1   1.33    25.5    2.14     10671    5.1   1.2093e-01    5.1    14593
  483.0  2640.1   1.47     5.4    1.69      2804   15.7   3.1773e-02   15.7    12852
  484.6  2649.1   1.47    47.0    1.69     33887    1.6   3.8401e-01    1.6    12852
  489.0  2673.2   1.47     8.3    1.69      3815   10.9   4.3228e-02   10.9    13770
  490.8  2682.6   1.47     9.2    1.69      4225    9.6   4.7878e-02    9.6    13770
  494.7  2704.1   1.48     5.9    1.69      1880   21.1   2.1309e-02   21.1    12852
  502.6  2747.2   1.46    20.4    0.99      7671    5.6   8.6923e-02    5.6    11315
  510.9  2792.8   2.88    20.4    4.18     37910    2.5   4.2960e-01    2.5    20760
  518.5  2834.1   1.46   138.5    4.18    207014    0.5   2.3459e+00    0.5    10380
  538.9  2945.7   1.49   217.0    2.53    413513    0.4   4.6860e+00    0.4     9693
  541.7  2961.1   1.49    19.7    2.53     10679    4.4   1.2102e-01    4.4     9046
  557.9  3050.0   1.51   137.4    1.74    174579    0.5   1.9783e+00    0.5     8348
  562.4  3074.5   1.51     6.1    1.74      2090   14.3   2.3680e-02   14.3     8348
  569.3  3112.0   1.52   131.1    1.74    162908    0.5   1.8461e+00    0.5     8904
  576.5  3151.2   1.42    11.6    0.83      3008   10.2   3.4084e-02   10.2     7456
  583.2  3188.1   1.56    29.9    1.31     13319    2.8   1.5094e-01    2.8     8167
  588.5  3217.1   1.57    57.6    1.31     40266    1.1   4.5630e-01    1.1     8167
  593.7  3245.3   1.57     5.0    1.31      1430   20.8   1.6203e-02   20.8     7657
  600.7  3283.9   1.52     5.5    1.33      1909   17.1   2.1628e-02   17.1     6879
  604.4  3303.9   1.52     7.7    1.33     69366    1.4   7.8606e-01    1.4     6879
  605.2  3308.3   1.52   136.9    1.33    214839    0.6   2.4346e+00    0.6     6879
  609.3  3330.6   1.53    38.2    1.33     20324    2.0   2.3032e-01    2.0     6879
  612.4  3348.0   1.53    61.9    1.33     43725    1.2   4.9549e-01    1.2     7337
  615.3  3363.8   1.53     9.1    1.33      2888   11.4   3.2731e-02   11.4     6879
  624.1  3411.6   1.58    56.9    1.57     38747    1.3   4.3908e-01    1.3     6433
  628.5  3436.0   1.59    12.3    1.57      4270    8.0   4.8384e-02    8.0     6862
  631.0  3449.7   1.59    34.9    1.57     17240    2.3   1.9537e-01    2.3     6862
  656.0  3586.0   1.52    21.1    1.08      5565    5.2   6.3067e-02    5.2     5542
  665.7  3639.3   1.56     3.4    1.20       856   28.7   9.7059e-03   28.7     4837
  668.0  3651.9   1.56     3.8    1.20       754   31.5   8.5486e-03   31.5     5160
  687.8  3760.0   1.58     5.8    0.75      1363   16.9   1.5451e-02   16.9     4844
  690.0  3772.2   1.58     5.8    0.75      1233   19.2   1.3971e-02   19.2     4844
  704.8  3853.0   1.59     3.4    0.94       469   48.9   5.3124e-03   48.9     4845
  726.4  3971.0   1.78    38.3    1.04     19458    1.9   2.2050e-01    1.9     4975
  740.3  4047.5   1.62     3.5    1.19       728   29.6   8.2518e-03   29.6     4222
  744.1  4068.0   1.63     5.4    1.19       786   28.3   8.9021e-03   28.3     4222
  755.5  4130.4   1.64     3.5    0.91       706   30.9   8.0004e-03   30.9     4323
  762.9  4171.0   1.74     3.6    1.16       574   35.7   6.5088e-03   35.7     4286
  768.5  4201.6   1.75    32.2    1.16     12210    2.4   1.3836e-01    2.4     4048
  772.3  4222.1   1.75     3.5    1.16       507   44.4   5.7417e-03   44.4     4286
  784.7  4290.1   1.66     7.5    1.26      2261    9.6   2.5619e-02    9.6     3802
  791.8  4328.9   1.67     3.6    1.26       462   40.1   5.2375e-03   40.1     3802
  794.9  4345.6   1.67     7.0    1.26      1378   13.9   1.5611e-02   13.9     4040
  806.3  4408.0   1.71     3.5    1.14       654   32.4   7.4162e-03   32.4     3565
  810.8  4432.5   1.72    43.2    1.14     19159    1.8   2.1711e-01    1.8     3788
  821.7  4492.3   1.83     4.8    1.08      1115   17.4   1.2639e-02   17.4     3741
  829.0  4532.0   1.84    35.3    1.08     16856    1.8   1.9101e-01    1.8     3741
  835.1  4565.6   1.84     6.1    1.08      1390   13.2   1.5751e-02   13.2     3741
  839.1  4587.7   1.84    16.3    1.08      5090    4.3   5.7682e-02    4.3     3741
  846.7  4629.0   1.64    13.1    1.10      2559    8.4   2.9003e-02    8.4     3201
  860.5  4704.5   1.73     6.8    0.70      1431   14.2   1.6221e-02   14.2     3323
  884.5  4835.7   1.63    10.7    1.18      1761   11.5   1.9956e-02   11.5     3000
  911.2  4981.6   1.80    26.8    0.95      8164    3.3   9.2520e-02    3.3     3098
  934.6  5109.7   1.79     5.2    2.62      1712   13.9   1.9399e-02   13.9     3178
  964.7  5274.4   1.84    10.1    1.02      1713   10.5   1.9410e-02   10.5     2876
  968.9  5297.4   1.85    20.6    1.02      4975    4.3   5.6379e-02    4.3     2876
  976.5  5338.6   1.85     5.9    1.02       673   25.2   7.6209e-03   25.2     2876
 1001.2  5474.2   1.85     5.0    1.06       523   36.2   5.9290e-03   36.2     2708
 1036.1  5664.9   1.99    24.3    0.86      8081    3.3   9.1575e-02    3.3     3069
 1063.7  5815.5   1.91     3.8    1.34       603   32.4   6.8282e-03   32.4     2808
 1115.4  6098.2   1.93     4.2    1.25       516   37.2   5.8507e-03   37.2     2830
 1120.3  6125.3   1.93    23.1    1.25      5830    4.2   6.6065e-02    4.2     2830
 1133.7  6198.7   1.97     7.5    0.92      1233   15.6   1.3975e-02   15.6     2596
 1155.3  6316.7   1.98     6.0    1.07       587   24.5   6.6504e-03   24.5     2639
 1163.4  6360.7   1.99     3.6    1.07       382   35.5   4.3335e-03   35.5     2639
 1173.7  6417.0   2.00     3.5    1.07       250   56.8   2.8316e-03   56.8     2778
 1200.3  6562.9   2.02     8.4    1.32      1225   16.8   1.3887e-02   16.8     2821
 1238.2  6770.0   2.12    16.8    1.00      3895    5.8   4.4134e-02    5.8     2717
 1274.6  6969.0   2.10    24.5    0.95      5854    3.5   6.6335e-02    3.5     1894
 1281.1  7004.3   2.10     5.5    0.95       604   26.3   6.8502e-03   26.3     1988
 1324.3  7240.8   2.13     9.2    1.18      1380   10.0   1.5642e-02   10.0     1504
 1332.7  7287.0   2.14     3.7    1.18       261   47.3   2.9577e-03   47.3     1433
 1377.6  7532.5   2.35    13.2    1.05      2019    6.5   2.2874e-02    6.5     1162
 1386.1  7578.6   2.36     3.5    1.05       569   17.3   6.4527e-03   17.3     1162
 1397.0  7638.4   2.37     5.7    1.05       414   23.9   4.6884e-03   23.9     1162
 1401.4  7662.5   2.38     3.5    1.05       530   18.8   6.0058e-03   18.8     1162
 1408.0  7698.3   2.38     7.4    1.05      1062   10.5   1.2031e-02   10.5     1162
 1434.0  7841.0   2.23     6.1    0.97       742   17.6   8.4135e-03   17.6     1029
 1460.8  7987.2   2.27    82.2    4.06     58363    1.1   6.6138e-01    1.1     1001
 1495.6  8177.5   2.28     3.6    0.87       313   27.7   3.5521e-03   27.7      737
 1501.8  8211.5   2.29     3.3    0.87       156   53.3   1.7704e-03   53.3      737
 1509.2  8251.9   2.29     6.9    0.87       837   11.9   9.4813e-03   11.9      705
 1588.1  8683.6   2.36     7.4    0.98       710   15.6   8.0490e-03   15.6      723
 1592.5  8707.3   2.36     5.1    0.98       845   14.0   9.5702e-03   14.0      723
 1620.8  8862.1   2.39     5.3    0.78       423   18.9   4.7897e-03   18.9      556
 1630.5  8915.2   2.40     6.4    0.78       472   17.6   5.3544e-03   17.6      533
 1661.3  9083.6   2.42     5.6    1.17       381   24.4   4.3230e-03   24.4      479
 1729.6  9457.1   2.48     8.7    0.77      1038    9.3   1.1768e-02    9.3      413
 1764.4  9647.7   2.55    24.6    1.23      5928    2.8   6.7177e-02    2.8      411
 1771.1  9684.1   2.55     4.9    1.23       371   23.5   4.2027e-03   23.5      394
 1847.3 10100.7   2.58     7.2    0.99       719   12.8   8.1482e-03   12.8      394
 2034.7 11125.7   2.75     4.4    0.85       174   44.0   1.9704e-03   44.0      354
 2103.2 11500.5   2.81     7.3    1.24      1089    8.0   1.2336e-02    8.0      387
 2118.3 11582.9   2.82     5.3    1.24       387   18.5   4.3864e-03   18.5      401
 2203.8 12050.5   2.93    13.9    1.34      1689    6.9   1.9140e-02    6.9      401
 2447.3 13382.1   3.11     7.9    0.81       538   14.6   6.0946e-03   14.6      254
 2598.0 14206.1   3.28     5.1    1.74       340   14.1   3.8550e-03   14.1       73
 2614.1 14294.0   3.29    32.8    1.74      9731    2.1   1.1027e-01    2.1       73

   indicates the Iterative Peak Width fitting reached a limiting value.
