
                       be used for evaluation purposes
                                                            13-Mar-2019 19:17
                       _________________________________

                       P E A K     F I T     R E P O R T
                       _________________________________

 Spectrum file Analysed: BO03082019_40cm_Cu01_IDM3.Chn    
 Sample Title :          Cu01

 Spectrum saved on 11-Mar-2019 at  9:05    Collected on  8-Mar-2019 at 17:17
 Sample  Taken  on  8-Mar-2019 at 17:17    Decayed      0 Days,     0 mins.

            Detector file number used:     5
            Energy     Calibration Performed on  8-Mar-2019 at 12:01
            Peak Shape Calibration Performed on  8-Mar-2019 at 12:02

 

   Datetime:   8-Mar-2019  17:17
   Live:      225365. 
   Mass:      129
   Shelf:     40
   Detector:      5

   Reported Activity values were rounded     
   FitzPeaks Version: 3.71 23rd January 2014           
                                                                                                     
              


 Peak   Centre   FW@HM         Goodness   Peak      %      Gammas       %      2 Sigma
Energy  Channel  (KeV)  Signif  of Fit    Area   Uncert.  per sec.   Uncert. Background

   62.8   343.0   1.54    13.0    2.16     12717   19.0   5.6427e-02   19.0   157770
   64.4   352.0   1.54     4.3    2.16      5391   45.0   2.3920e-02   45.0   157770
   66.7   364.5   1.54     4.8    2.16      4381   56.8   1.9438e-02   56.8   147910
   68.5   374.3   1.54    16.5    2.16     15831   15.9   7.0244e-02   15.9   147910
   72.5   396.4   1.55     7.7    2.16     28234    8.8   1.2528e-01    8.8   147910
   74.5   407.1   1.55    58.2    2.16     93836    2.7   4.1637e-01    2.7   157770
   77.0   420.9   1.55    10.2    2.16     16676   15.0   7.3993e-02   15.0   157770
   84.4   461.4   1.59    15.0    1.31     19739    7.0   8.7586e-02    7.0   176556
   87.0   475.4   1.59     7.8    1.31     10411   13.1   4.6194e-02   13.1   188326
   92.5   505.7   1.60     6.5    1.31      8306   16.8   3.6857e-02   16.8   188326
   99.2   542.0   1.48    19.6    1.25     22736   10.0   1.0088e-01   10.0   186077
  103.4   565.0   1.48    28.6    1.25     41053    5.7   1.8216e-01    5.7   186077
  105.7   577.9   1.48    39.7    1.25     53614    4.3   2.3790e-01    4.3   186077
  116.6   637.4   1.77    10.1    1.10     18972    8.3   8.4183e-02    8.3   214018
  120.7   659.9   1.78     3.6    1.10      6049   26.4   2.6840e-02   26.4   226607
  128.9   704.6   1.49     3.4    1.30      3552   42.5   1.5761e-02   42.5   181492
  185.9  1016.4   1.71    11.2    0.77     13896    9.3   6.1661e-02    9.3   136803
  209.6  1146.0   1.53    19.0    0.49     16494    6.2   7.3189e-02    6.2   106328
  228.2  1247.5   1.59    44.8    0.76     44506    2.5   1.9749e-01    2.5    86178
  238.7  1305.1   1.56    53.4    1.38     49598    2.4   2.2008e-01    2.4    81527
  241.8  1321.9   1.56    12.0    1.38     11335    9.9   5.0294e-02    9.9    81527
  270.4  1478.5   1.56     4.3    1.32      3615   21.5   1.6039e-02   21.5    57168
  277.6  1518.1   1.57    63.5    1.32     55561    1.6   2.4654e-01    1.6    60979
  285.5  1561.0   1.58     5.9    1.50      2435   32.7   1.0803e-02   32.7    53801
  295.3  1614.5   1.65    33.1    0.61     25549    2.9   1.1337e-01    2.9    51789
  300.3  1641.8   1.65     7.2    0.61      3661   19.1   1.6243e-02   19.1    48743
  315.9  1727.2   1.57    12.0    0.84      6400   10.7   2.8400e-02   10.7    43270
  327.9  1793.1   1.54     6.7    1.28      2842   20.4   1.2611e-02   20.4    36969
  334.3  1827.8   1.54    12.7    1.28      7023    8.2   3.1162e-02    8.2    36969
  338.3  1849.9   1.54    22.5    1.28     10957    5.7   4.8618e-02    5.7    39433
  351.9  1924.1   1.64    58.5    0.92     45443    1.8   2.0164e-01    1.8    33937
  409.5  2238.9   1.66     5.8    1.24      2368   23.4   1.0507e-02   23.4    25842
  438.9  2400.1   1.67     3.4    1.11      1099   48.8   4.8782e-03   48.8    22297
  463.0  2531.6   1.71    10.6    0.95      4445   11.7   1.9722e-02   11.7    21569
  511.0  2794.1   2.73    35.5    1.81     65350    1.5   2.8997e-01    1.5    28533
  539.0  2947.1   1.74     4.5    1.07       745   58.6   3.3046e-03   58.6    15790
  562.9  3077.9   1.75     3.4    0.78       773   46.4   3.4300e-03   46.4    15027
  569.5  3114.3   1.75     3.4    0.78       738   48.5   3.2741e-03   48.5    15027
  583.2  3189.2   1.79    48.0    1.32     27114    2.1   1.2031e-01    2.1    14979
  609.3  3332.0   1.80    68.5    1.09     47229    1.4   2.0957e-01    1.4    13651
  665.7  3640.2   1.81     5.0    1.09      1419   26.9   6.2984e-03   26.9    11912
  727.3  3977.3   1.85    17.4    1.83      6051    6.9   2.6848e-02    6.9    10711
  755.2  4129.7   1.87     3.7    0.85       782   45.5   3.4690e-03   45.5    10271
  768.4  4202.0   1.87    14.7    1.18      4552    8.0   2.0197e-02    8.0    10124
  772.4  4223.8   1.87     5.7    1.18       990   35.3   4.3940e-03   35.3    10124
  785.8  4297.3   1.84     7.2    0.84      1800   15.6   7.9855e-03   15.6     9525
  795.0  4347.4   1.84    12.3    0.84      3447    8.4   1.5293e-02    8.4     9525
  806.3  4409.4   1.89     4.0    1.20      1227   27.3   5.4465e-03   27.3     9655
  810.9  4434.2   1.89    10.2    1.20      2431   14.0   1.0788e-02   14.0     9147
  835.2  4567.2   2.03    12.0    0.91      4353    8.2   1.9316e-02    8.2    10262
  839.9  4593.0   2.03     3.6    0.91       956   36.5   4.2437e-03   36.5    10262
  860.6  4705.9   2.01    11.3    0.94      3590   10.2   1.5931e-02   10.2     9759
  904.4  4945.9   1.99     4.1    0.95       891   34.3   3.9515e-03   34.3     9308
  911.2  4983.0   1.99    42.9    0.95     20747    1.9   9.2060e-02    1.9     9308
  934.2  5108.4   1.98     9.7    1.17      2872   12.0   1.2745e-02   12.0     8123
  949.6  5192.7   1.99     3.4    1.00       699   47.4   3.1032e-03   47.4     8267
  964.7  5275.6   2.02    12.9    0.97      4122    8.6   1.8290e-02    8.6     7701
  968.9  5298.7   2.03    31.7    0.97     12498    3.1   5.5457e-02    3.1     8106
 1001.0  5474.2   2.02     6.7    0.91      1353   23.3   6.0056e-03   23.3     7678
 1099.0  6010.1   2.08     4.8    1.14       881   35.9   3.9097e-03   35.9     6991
 1115.4  6099.9   2.12    66.2    0.76     40639    1.2   1.8032e-01    1.2     6961
 1120.2  6125.8   2.12    35.7    0.76     14159    2.8   6.2827e-02    2.8     7309
 1155.2  6317.4   2.11     5.4    0.76      1442   20.8   6.3987e-03   20.8     7145
 1173.2  6415.5   2.14    11.0    1.20      2657   12.3   1.1789e-02   12.3     6952
 1238.0  6770.1   2.28    17.3    0.93      5625    6.2   2.4960e-02    6.2     7551
 1274.4  6969.4   2.22    52.0    0.97     26872    1.5   1.1924e-01    1.5     4853
 1280.9  7004.8   2.22     6.9    0.97      1328   20.5   5.8945e-03   20.5     5084
 1332.3  7286.0   2.20    10.6    0.69      2174   10.6   9.6480e-03   10.6     3728
 1377.5  7533.2   2.26    16.8    0.86      3711    5.4   1.6468e-02    5.4     2709
 1385.2  7575.4   2.26     6.8    0.86       755   23.1   3.3486e-03   23.1     2709
 1401.5  7664.1   2.19     7.8    0.80      1062   16.9   4.7130e-03   16.9     2593
 1407.8  7698.6   2.19    12.2    0.80      2112    8.6   9.3721e-03    8.6     2475
 1460.6  7987.8   2.34   127.8    1.93    141716    0.5   6.2883e-01    0.5     2265
 1495.6  8178.7   2.09     6.2    1.08       590   20.6   2.6168e-03   20.6     1454
 1501.4  8210.6   2.09     5.4    1.08       248   47.1   1.1012e-03   47.1     1527
 1509.1  8252.7   2.10    12.9    1.08      1724    8.1   7.6512e-03    8.1     1527
 1538.5  8413.8   2.35     3.4    0.94       329   42.1   1.4603e-03   42.1     1454
 1543.2  8439.3   2.35     3.4    0.94       235   59.0   1.0439e-03   59.0     1454
 1582.5  8654.0   2.60     3.6    1.76       685   22.1   3.0389e-03   22.1     1475
 1588.0  8684.2   2.61    14.1    1.76      2132    7.9   9.4621e-03    7.9     1418
 1592.3  8707.8   2.61    12.1    1.76      2575    6.3   1.1427e-02    6.3     1418
 1599.1  8745.0   2.61     3.6    1.76       303   47.4   1.3444e-03   47.4     1475
 1620.6  8862.4   2.40     8.6    0.74      1099   11.2   4.8745e-03   11.2     1111
 1624.9  8885.9   2.40     4.4    0.74       237   45.4   1.0517e-03   45.4     1159
 1630.5  8916.5   2.40     8.4    0.74      1153   10.3   5.1149e-03   10.3     1111
 1638.2  8958.7   2.41     4.6    0.74       350   30.6   1.5546e-03   30.6     1111
 1661.0  9083.7   2.42     5.9    1.40       733   19.9   3.2540e-03   19.9     1069
 1684.2  9210.3   2.44     3.5    0.89       219   55.7   9.7063e-04   55.7      995
 1729.4  9457.7   2.48    15.1    1.03      2494    6.0   1.1065e-02    6.0      951
 1764.3  9648.6   2.45    39.7    1.01     13227    1.9   5.8689e-02    1.9      933
 1838.1 10051.8   2.66     3.3    1.01       307   34.1   1.3601e-03   34.1      902
 1847.2 10101.8   2.67    12.2    1.01      1768    7.4   7.8431e-03    7.4      902
 2103.1 11501.6   3.23    12.2    1.34      3047    5.8   1.3520e-02    5.8      991
 2118.1 11583.3   2.70     6.6    1.07       950   13.8   4.2161e-03   13.8      823
 2203.6 12051.2   2.84    20.7    1.22      4159    4.3   1.8453e-02    4.3      874
 2293.0 12540.0   2.81     3.3    0.81       222   55.2   9.8287e-04   55.2      985
 2447.0 13382.2   2.88    10.5    0.82      1184    9.9   5.2559e-03    9.9      605
 2613.8 14294.4   3.03    53.6    1.23     22830    1.3   1.0130e-01    1.3      165

   indicates the Iterative Peak Width fitting reached a limiting value.
