
                       be used for evaluation purposes
                                                            21-Mar-2019 12:16
                       _________________________________

                       P E A K     F I T     R E P O R T
                       _________________________________

 Spectrum file Analysed: BT02272019_Cu02_5cm_room131.Chn  
 Sample Title :          Cu02

 Spectrum saved on 27-Feb-2019 at 13:39    Collected on 27-Feb-2019 at 13:05
 Sample  Taken  on 27-Feb-2019 at 13:05    Decayed      0 Days,     0 mins.

            Detector file number used:     7
            Energy     Calibration Performed on  8-Mar-2019 at 12:07
            Peak Shape Calibration Performed on  8-Mar-2019 at 12:08

 

   Datetime:  27-Feb-2019  13:05
   Live:      1713.00 
   Mass:      229
   Shelf:     5
   Detector:      7

   Reported Activity values were rounded     
   FitzPeaks Version: 3.71 23rd January 2014           
                                                                                                     
              


 Peak   Centre   FW@HM         Goodness   Peak      %      Gammas       %      2 Sigma
Energy  Channel  (KeV)  Signif  of Fit    Area   Uncert.  per sec.   Uncert. Background

   30.8   163.7   0.90    11.3    0.70      5198   13.1   3.0343e+00   13.1    28949
   35.9   191.0   0.90     4.8    2.56      3145   49.3   1.8358e+00   49.3    47411
   40.8   216.8   0.99   172.7   30.72    348984    0.9   2.0373e+02    0.9    40325
   63.2   336.3   1.02    25.0    1.24     18158    9.2   1.0600e+01    9.2    33492
   64.8   345.0   1.02    38.4    1.24     30971    5.4   1.8080e+01    5.4    33492
   72.9   388.1   1.14    22.3    4.65     24173    8.6   1.4111e+01    8.6    37823
   74.9   398.7   1.14    36.3    4.65     35112    5.7   2.0497e+01    5.7    37823
   82.4   438.5   1.15     3.6    1.32      2123   25.2   1.2391e+00   25.2    29966
   84.7   451.0   1.15    17.1    1.32     15002    4.1   8.7575e+00    4.1    32690
   87.3   464.5   1.16     7.6    1.32      4054   13.8   2.3669e+00   13.8    29966
  129.4   688.8   1.01     5.0    1.18       968   58.5   5.6535e-01   58.5    28311
  243.6  1297.1   1.27    30.7    1.06     23512    2.9   1.3726e+01    2.9    36400
  247.2  1316.2   1.27    24.2    1.06     15813    4.1   9.2309e+00    4.1    36400
  260.7  1388.2   1.29    18.1    1.10     11679    5.8   6.8176e+00    5.8    39319
  305.1  1624.6   1.22     5.6    0.82      2059   30.0   1.2020e+00   30.0    42693
  349.9  1863.3   1.27     6.6    1.06      2713   20.1   1.5837e+00   20.1    30963
  360.1  1917.7   1.28     3.5    0.90       942   51.9   5.4965e-01   51.9    26415
  394.3  2099.7   1.45    24.0    1.20     12651    4.2   7.3854e+00    4.2    17733
  409.7  2182.1   1.34     3.5    0.86       890   40.3   5.1927e-01   40.3    13138
  507.8  2704.6   1.40     4.7   41.70     65514   10.2   3.8245e+01   10.2    51654
  511.2  2722.6   2.86   157.4   41.70   2325632    0.7   1.3576e+03    0.7   107281
  539.1  2871.2   1.49     5.3    1.06      1507   18.8   8.7982e-01   18.8     6722
  548.7  2922.2   1.67    78.5    2.27     72170    1.0   4.2130e+01    1.0     8093
  596.9  3179.1   1.73    98.5    2.82    104931    1.2   6.1256e+01    1.2     6788
  637.8  3396.7   1.76    15.4    0.86      4775    5.9   2.7875e+00    5.9     5329
 1115.9  5943.3   2.25    28.1    0.97      9728    3.0   5.6788e+00    3.0     3484
 1173.2  6248.6   2.24     6.8    0.89      1009   21.2   5.8878e-01   21.2     3298
 1346.2  7170.0   2.54    28.2    1.30      9076    3.2   5.2982e+00    3.2     3169

   indicates the Iterative Peak Width fitting reached a limiting value.
