
                       be used for evaluation purposes
                                                            28-Mar-2019 16:12
                       _________________________________

                       P E A K     F I T     R E P O R T
                       _________________________________

 Spectrum file Analysed: BW032619_25cm_Ni01_IDM4.Chn      
 Sample Title :          Ni01

 Spectrum saved on 26-Mar-2019 at 16:39    Collected on 22-Mar-2019 at 17:56
 Sample  Taken  on 22-Mar-2019 at 17:56    Decayed      0 Days,     0 mins.

            Detector file number used:     6
            Energy     Calibration Performed on  8-Mar-2019 at 12:03
            Peak Shape Calibration Performed on  8-Mar-2019 at 12:04

 

   Datetime:  22-Mar-2019  17:56
   Live:      337219. 
   Mass:      128
   Shelf:     25
   Detector:      6

   Reported Activity values were rounded     
   FitzPeaks Version: 3.71 23rd January 2014           
                                                                                                     
              


 Peak   Centre   FW@HM         Goodness   Peak      %      Gammas       %      2 Sigma
Energy  Channel  (KeV)  Signif  of Fit    Area   Uncert.  per sec.   Uncert. Background

   67.0   365.4   1.13    37.5    0.70     81470    3.2   2.4159e-01    3.2   368438
   68.8   375.2   1.13    62.8    0.70    146125    1.9   4.3332e-01    1.9   401932
   72.9   397.2   1.20    85.4    2.37    249636    1.6   7.4028e-01    1.6   463438
   75.0   408.8   1.20   143.9    2.37    478524    0.9   1.4190e+00    0.9   463438
   77.7   423.9   1.26    20.0    1.61     59359    9.1   1.7602e-01    9.1   502034
   72.8   397.2   1.17    85.4    4.50    244571    1.4   7.2526e-01    1.4   480703
   75.0   408.8   1.17   143.9    4.50    472373    0.8   1.4008e+00    0.8   480703
   77.7   423.9   1.17    20.0    4.50     58367    6.5   1.7308e-01    6.5   480703
   84.8   462.4   1.27    44.2    6.39    183639    6.4   5.4457e-01    6.4  1029572
   87.5   477.4   1.27    17.7    6.39     60418   18.9   1.7917e-01   18.9  1029572
   89.2   486.7   1.27     5.7    6.39     24324   46.2   7.2131e-02   46.2  1029572
   90.2   492.3   1.27     3.7    6.39     27806   39.8   8.2457e-02   39.8  1029572
   99.6   543.5   1.07     6.3    0.85     12055   24.5   3.5749e-02   24.5   531226
  103.8   566.3   1.08    14.8    0.93     27139    8.5   8.0479e-02    8.5   493785
  106.2   579.4   1.08    20.1    0.93     38182    6.2   1.1323e-01    6.2   493785
  117.0   638.8   1.08     3.3    1.65      8261   30.7   2.4498e-02   30.7   529023
  122.1   666.7   1.17  1326.6   49.89  19313322    0.1   5.7272e+01    0.1   457889
  136.6   745.7   1.18   456.0    1.76   2349313    0.2   6.9667e+00    0.2   334757
  158.5   865.8   1.24    11.4    0.78     18437    9.6   5.4673e-02    9.6   295302
  186.0  1016.1   1.14     9.3    2.26     17533   10.5   5.1992e-02   10.5   275802
  209.7  1145.5   1.16     8.5    1.58     14931   11.5   4.4276e-02   11.5   248953
  228.3  1247.1   1.32    23.1    1.06     38712    4.7   1.1480e-01    4.7   283548
  238.7  1304.4   1.25    51.4    2.50     80598    2.3   2.3901e-01    2.3   241837
  241.9  1321.6   1.26     9.3    2.50     17140   11.0   5.0829e-02   11.0   241837
  270.0  1475.3   1.22     6.2    1.44      8411   16.1   2.4943e-02   16.1   170295
  277.7  1517.4   1.28    38.2    0.63     50063    2.8   1.4846e-01    2.8   174047
  295.3  1613.8   1.33    31.2    0.96     40710    3.1   1.2072e-01    3.1   159190
  300.2  1640.4   1.33     4.2    0.96      5554   22.0   1.6471e-02   22.0   159190
  315.9  1726.4   1.34     5.5    1.06      6056   19.7   1.7959e-02   19.7   152961
  320.2  1749.8   1.35    34.5    1.06     44680    3.0   1.3249e-01    3.0   164727
  328.2  1793.8   1.52     4.7    4.67      5934   23.8   1.7597e-02   23.8   169266
  334.4  1827.5   1.53     6.0    4.67     10649   13.0   3.1580e-02   13.0   169266
  338.3  1849.1   1.53    15.4    4.67     21642    6.9   6.4178e-02    6.9   180550
  352.0  1923.7   1.40    57.2    1.07     74248    1.9   2.2018e-01    1.9   125216
  409.4  2237.7   1.34     3.7    0.78      2016   45.0   5.9798e-03   45.0    86897
  438.7  2397.7   1.36     3.7    1.00      1539   58.7   4.5634e-03   58.7    80790
  463.0  2530.6   1.38     9.0    0.91      6872   13.1   2.0378e-02   13.1    84014
  480.4  2625.9   1.40     4.4    1.02      2683   34.2   7.9568e-03   34.2    82898
  511.0  2793.1   2.72   180.5   97.28   2707461    0.4   8.0288e+00    0.4   191330
  562.8  3076.6   1.47     3.3    1.01      1424   59.9   4.2222e-03   59.9   101616
  569.6  3113.6   1.48     4.6    1.01      3876   22.4   1.1493e-02   22.4   101616
  583.2  3187.9   1.53    41.0    0.63     43904    2.7   1.3020e-01    2.7   111966
  609.3  3330.6   1.61    61.5    0.72     80966    1.8   2.4010e-01    1.8   131332
  665.4  3637.8   1.56     5.9    0.91      2849   27.6   8.4493e-03   27.6    59805
  692.0  3783.2   1.72    12.9    1.04      9453    7.9   2.8031e-02    7.9    47697
  727.2  3975.6   1.74    14.4    0.85     10139    5.8   3.0065e-02    5.8    34768
  733.3  4008.8   1.75     3.4    0.85      1333   41.3   3.9534e-03   41.3    34768
  744.2  4068.3   1.68    68.1    0.95     60390    1.2   1.7908e-01    1.2    31516
  749.8  4099.0   1.69     3.6    0.95      2493   20.7   7.3932e-03   20.7    29662
  755.3  4129.1   1.69     3.4    0.95       919   56.9   2.7254e-03   56.9    29662
  768.3  4200.3   1.77    13.9    0.97      7661    7.5   2.2719e-02    7.5    29230
  772.2  4221.9   1.77     4.3    0.97      1716   32.1   5.0889e-03   32.1    30949
  785.8  4296.2   1.66     5.1    2.24      2781   22.8   8.2472e-03   22.8    26623
  794.9  4345.9   1.82    11.1    0.81      5820   10.2   1.7257e-02   10.2    28632
  810.7  4432.4   1.75   618.8   49.39   3808308    0.2   1.1293e+01    0.2    29172
  834.8  4564.1   1.77   137.7    3.23    184820    0.6   5.4807e-01    0.6    21383
  846.8  4629.3   1.78   238.0    5.96    545694    0.4   1.6182e+00    0.4    18662
  860.5  4704.6   1.78    12.2    1.29      6330    8.0   1.8771e-02    8.0    17402
  863.9  4723.3   1.78    40.9    1.29     24428    2.5   7.2440e-02    2.5    17402
  904.3  4944.1   1.85     3.9    1.14      1289   33.1   3.8212e-03   33.1    17994
  911.2  4981.6   1.86    49.0    1.14     32308    1.7   9.5807e-02    1.7    18994
  935.5  5114.4   1.98    62.5    3.06     56698    1.6   1.6813e-01    1.6    18718
  949.8  5193.0   1.81     3.3    1.02      1333   35.0   3.9528e-03   35.0    18121
  964.6  5274.0   1.94    13.6    1.06      7231    7.1   2.1444e-02    7.1    18926
  969.0  5297.6   1.95    33.5    1.06     19607    2.9   5.8143e-02    2.9    18926
  977.4  5343.5   1.92    15.7    0.97      6755    6.9   2.0031e-02    6.9    19509
  983.5  5377.2   1.93     9.2    0.97      3902   11.5   1.1571e-02   11.5    19509
 1001.1  5473.2   1.85     6.3    0.82      1923   25.2   5.7034e-03   25.2    19250
 1037.9  5674.4   1.95    76.8    1.06     63651    1.2   1.8875e-01    1.2    17500
 1051.9  5751.4   1.89     3.4    0.76       726   60.0   2.1519e-03   60.0    16384
 1063.7  5815.6   1.90     7.7    0.92      2436   18.3   7.2223e-03   18.3    16129
 1099.3  6010.5   2.07    10.7    0.67      4423   10.2   1.3115e-02   10.2    16402
 1115.5  6099.0   2.04     6.1    1.14      2067   21.4   6.1297e-03   21.4    15015
 1120.3  6125.4   2.04    40.1    1.14     23553    2.3   6.9845e-02    2.3    15015
 1155.2  6315.9   1.98     6.3    1.12      2552   16.8   7.5684e-03   16.8    13804
 1173.2  6414.7   2.03    17.0    0.99     11685    4.0   3.4650e-02    4.0    13844
 1175.1  6425.0   2.03     8.9    0.99      9316    4.9   2.7626e-02    4.9    13844
 1238.3  6770.6   2.10   166.6    4.26    267120    0.6   7.9213e-01    0.6    12784
 1246.5  6815.3   2.10     6.7    4.26      2388   19.1   7.0818e-03   19.1    12784
 1260.7  6893.0   2.08     3.6    1.48       933   40.5   2.7665e-03   40.5     9912
 1274.6  6968.9   2.13    45.0    1.16     23035    2.0   6.8309e-02    2.0     9207
 1281.1  7004.4   2.13     8.0    1.16      2196   15.7   6.5115e-03   15.7     9667
 1291.7  7062.4   2.02    11.1    0.89      2811   12.1   8.3359e-03   12.1     8154
 1312.1  7174.2   2.32    11.5    1.45      3233    9.3   9.5864e-03    9.3     8457
 1321.7  7226.7   2.33     4.1    1.45      2754   10.7   8.1670e-03   10.7     8842
 1332.7  7286.5   2.34    27.6    1.45     11876    2.9   3.5216e-02    2.9     8842
 1360.2  7437.1   2.22    34.6    1.12     15265    2.7   4.5267e-02    2.7     7006
 1377.6  7532.5   2.23    19.2    0.97      6161    4.7   1.8269e-02    4.7     6024
 1385.2  7573.6   2.24     5.4    0.97      1266   20.7   3.7544e-03   20.7     6024
 1401.5  7662.9   2.44     9.7    0.99      2434   12.3   7.2171e-03   12.3     6600
 1407.9  7698.1   2.45    13.5    0.99      4696    6.7   1.3926e-02    6.7     6600
 1434.1  7841.1   2.26    55.2    1.48     37381    1.4   1.1085e-01    1.4     6110
 1460.8  7987.2   2.30   155.0    7.48    223567    0.7   6.6297e-01    0.7     5659
 1495.9  8179.2   2.17     4.6    1.00       734   30.0   2.1765e-03   30.0     4873
 1501.8  8211.4   2.18     3.9    1.00       535   38.8   1.5860e-03   38.8     4873
 1509.2  8252.0   2.18    13.4    1.00      2926    7.9   8.6778e-03    7.9     5105
 1523.7  8331.0   2.30     3.6    1.32       816   34.7   2.4184e-03   34.7     5049
 1538.4  8411.4   2.32     3.9    0.84       647   40.4   1.9190e-03   40.4     5132
 1576.2  8618.6   2.62    10.2    1.32      3380    7.6   1.0022e-02    7.6     4632
 1582.7  8653.8   2.63     4.7    1.32      1023   23.6   3.0334e-03   23.6     4817
 1588.2  8683.9   2.63    13.1    1.32      3389    7.8   1.0050e-02    7.8     4817
 1592.3  8706.4   2.63    11.8    1.32      3629    7.5   1.0760e-02    7.5     4632
 1620.8  8862.4   2.39     8.3    1.15      1569   12.1   4.6534e-03   12.1     3608
 1630.5  8915.5   2.40     9.8    1.15      1647   11.3   4.8834e-03   11.3     3608
 1638.9  8961.3   2.40     3.8    1.15       526   33.4   1.5592e-03   33.4     3608
 1661.4  9084.0   2.42     8.5    1.04      1307   17.6   3.8757e-03   17.6     3442
 1674.7  9157.0   2.48    30.2    0.98     10336    2.9   3.0650e-02    2.9     3315
 1693.0  9257.1   2.45     3.8    1.33       399   53.7   1.1844e-03   53.7     3136
 1729.6  9457.3   2.53    16.8    1.01      3963    6.4   1.1751e-02    6.4     3423
 1764.5  9648.0   2.56    47.2    2.82     22511    1.8   6.6754e-02    1.8     3125
 1771.3  9685.3   2.56    69.0    2.82     43797    1.5   1.2988e-01    1.5     3255
 1810.7  9900.9   2.52    10.8    0.89      1814   12.5   5.3793e-03   12.5     2960
 1838.5 10052.6   2.84     3.7    1.24       529   35.8   1.5700e-03   35.8     3062
 1847.4 10101.6   2.85    11.9    1.24      2938    7.6   8.7118e-03    7.6     3062
 1873.6 10244.6   2.61     3.4    1.30       380   56.2   1.1274e-03   56.2     2720
 1963.6 10737.0   2.69     9.7    1.32      1800   12.2   5.3374e-03   12.2     2445
 2015.1 11018.2   2.73    27.9    1.43      7443    3.8   2.2071e-02    3.8     2277
 2034.7 11125.4   2.76    46.8    2.10     19237    2.0   5.7047e-02    2.0     2307
 2087.1 11412.0   2.79     8.3    2.13      2803   18.8   8.3129e-03   18.8     3533
 2103.2 11500.2   3.37    10.9    1.40      4788    5.1   1.4200e-02    5.1     2768
 2112.8 11552.9   3.38     5.1    1.40       928   21.5   2.7519e-03   21.5     2768
 2118.4 11583.2   3.38     9.8    1.40      1666   12.8   4.9418e-03   12.8     2768
 2179.3 11916.6   2.87     4.7    1.02       797   25.0   2.3644e-03   25.0     2420
 2203.8 12050.6   2.99    24.3    1.11      6570    3.8   1.9484e-02    3.8     2650
 2212.6 12098.6   3.00     7.8    1.11       845   23.3   2.5046e-03   23.3     2650
 2230.8 12198.2   2.92     8.1    1.02      2122   10.6   6.2925e-03   10.6     2649
 2250.6 12306.5   2.93     3.4    0.94       553   37.5   1.6408e-03   37.5     2855
 2276.0 12445.1   2.96     4.6    1.02       401   54.6   1.1884e-03   54.6     2915
 2447.4 13382.6   3.12    11.6    1.11      1894   10.6   5.6171e-03   10.6     2029
 2498.4 13661.5   3.15     4.1    1.04       285   52.9   8.4418e-04   52.9     1389
 2598.1 14206.5   3.24    63.1    3.23     32759    1.4   9.7145e-02    1.4      964
 2614.1 14294.1   3.26    63.3    3.23     37205    1.4   1.1033e-01    1.4      996
 2690.5 14712.0   3.32     8.0    1.15       951   13.7   2.8197e-03   13.7      797
 2741.7 14991.8   4.03    10.2    1.10      2960    5.9   8.7790e-03    5.9      921
 2761.4 15099.6   3.38     4.7    1.30       603   21.4   1.7886e-03   21.4      849
 2939.0 16070.9   3.53     3.6    0.84       331   39.6   9.8074e-04   39.6     1006

   indicates the Iterative Peak Width fitting reached a limiting value.
