
                       be used for evaluation purposes
                                                             7-Mar-2019 16:41
                       _________________________________

                       P E A K     F I T     R E P O R T
                       _________________________________

 Spectrum file Analysed: BW03012019_32cm_Ir02_HPGE1.Chn   
 Sample Title :          Ir02

 Spectrum saved on  1-Mar-2019 at 13:55    Collected on  1-Mar-2019 at 11:41
 Sample  Taken  on  1-Mar-2019 at 11:41    Decayed      0 Days,     0 mins.

            Detector file number used:     1
            Energy     Calibration Performed on  6-Mar-2019 at 16:50
            Peak Shape Calibration Performed on  6-Mar-2019 at 16:52

 

   Datetime:   1-Mar-2019  11:41
   Live:      7160.00 
   Mass:      277
   Shelf:     30
   Detector:      1

   Reported Activity values were rounded     
   FitzPeaks Version: 3.71 23rd January 2014           
                                                                                                     
              


 Peak   Centre   FW@HM         Goodness   Peak      %      Gammas       %      2 Sigma
Energy  Channel  (KeV)  Signif  of Fit    Area   Uncert.  per sec.   Uncert. Background

   36.0   196.3   1.04     5.1    1.13      2380   39.2   3.3239e-01   39.2    75232
   61.2   334.3   1.10    76.8   49.98    412600    1.4   5.7626e+01    1.4   262346
   63.0   343.8   1.10   464.8   49.98   3276531    0.3   4.5762e+02    0.3   262346
   64.7   353.0   1.10   651.5   49.98   4685728    0.4   6.5443e+02    0.4   286195
   69.3   378.6   1.22    25.8   11.38     60480    9.6   8.4469e+00    9.6    81608
   71.1   388.3   1.22   101.6   11.38    261969    2.3   3.6588e+01    2.3    75330
   73.2   399.9   1.22   369.1   11.38   1786817    0.5   2.4956e+02    0.5    75330
   75.4   411.7   1.23   181.3   11.38    532349    1.1   7.4350e+01    1.1    81608
   82.2   449.0   1.07   178.5    2.04    291933    0.4   4.0773e+01    0.4    37543
   84.7   462.6   1.07    23.2    2.04     16937    5.1   2.3654e+00    5.1    41297
   87.2   476.3   1.07     8.9    2.04      4421   17.9   6.1739e-01   17.9    41297
   94.1   513.8   1.10    22.7    0.95     18732    4.3   2.6163e+00    4.3    38122
   96.3   526.2   1.10   139.4    0.95    208479    0.6   2.9117e+01    0.6    38122
  113.5   620.3   1.11    13.1    0.92      7859    8.8   1.0976e+00    8.8    41769
  121.9   666.0   1.11     3.7    0.85      1411   47.9   1.9710e-01   47.9    47011
  129.3   706.3   1.12   131.7    1.90    200316    0.6   2.7977e+01    0.6    42705
  138.0   754.0   1.14     6.8    2.21      4631   17.1   6.4675e-01   17.1    42741
  140.9   769.8   1.14    22.6    2.21     15268    5.2   2.1323e+00    5.2    42741
  147.0   803.0   1.13     3.4    0.80      2306   26.7   3.2210e-01   26.7    42180
  149.7   817.9   1.13     3.4    0.80      1553   38.6   2.1696e-01   38.6    42180
  172.2   941.1   1.16   149.1    0.84    204232    0.5   2.8524e+01    0.5    42421
  176.4   964.1   1.16     4.6    0.84      2748   23.3   3.8385e-01   23.3    42421
  179.0   978.2   1.16    68.1    0.84     57058    1.5   7.9690e+00    1.5    42421
  186.8  1020.7   1.18   115.5    0.82    156803    0.7   2.1900e+01    0.7    39569
  187.8  1026.4   1.19     8.6    0.82     21885    4.1   3.0566e+00    4.1    39569
  197.2  1077.9   1.41    16.8    4.85     15420    6.0   2.1536e+00    6.0    42552
  206.0  1126.1   1.42     8.3    2.76      4833   13.0   6.7507e-01   13.0    36945
  208.8  1141.0   1.42    11.8    2.76      9269    8.1   1.2946e+00    8.1    36945
  216.8  1185.2   1.20    11.5    1.39      4716   12.8   6.5860e-01   12.8    26209
  219.8  1201.2   1.21    61.7    1.39     46591    1.5   6.5071e+00    1.5    26209
  222.0  1213.2   1.21     6.7    1.39      6210    9.8   8.6737e-01    9.8    26209
  223.8  1223.3   1.21    27.6    1.39     17776    3.7   2.4827e+00    3.7    26209
  233.8  1277.9   1.22     7.4    0.87      2390   19.1   3.3383e-01   19.1    21775
  235.8  1288.9   1.22     3.4    0.87      1451   29.5   2.0266e-01   29.5    21775
  238.7  1304.9   1.22     4.4    0.87      1566   27.0   2.1865e-01   27.0    21775
  243.5  1331.0   1.22    12.0    0.87     11025    4.2   1.5399e+00    4.2    21775
  245.3  1340.8   1.23    61.7    0.87     49850    1.2   6.9623e+00    1.2    21775
  268.1  1465.5   1.24     6.2    1.02     32934    2.1   4.5997e+00    2.1    16023
  269.0  1470.1   1.24    65.7    1.02     73160    1.1   1.0218e+01    1.1    14790
  276.1  1509.2   1.24     9.3    0.84      3719   10.3   5.1947e-01   10.3    13908
  283.2  1548.2   1.25     3.6    0.88       933   49.2   1.3027e-01   49.2    13752
  288.5  1576.8   1.25     8.2    0.88      2120   21.0   2.9612e-01   21.0    13752
  294.6  1610.5   1.39     5.4    2.83     13509    4.8   1.8867e+00    4.8    13388
  296.1  1618.3   1.39    34.7    2.83     28625    2.1   3.9979e+00    2.1    14418
  300.5  1642.8   1.39    15.6    2.83      6391    6.5   8.9254e-01    6.5    14418
  308.6  1687.0   1.30    45.8    1.15     26169    1.9   3.6549e+00    1.9    13467
  316.7  1731.2   1.35    81.3    2.28     71865    1.0   1.0037e+01    1.0    13564
  328.6  1796.5   1.32    33.8    0.76     16735    2.7   2.3372e+00    2.7    12181
  351.3  1920.4   1.32   111.5    0.91    113385    0.7   1.5836e+01    0.7    12703
  360.0  1968.1   1.32   143.0    0.65    196116    0.5   2.7391e+01    0.5    13198
  361.2  1974.7   1.33    11.2    0.65     19594    3.1   2.7365e+00    3.1    12255
  371.3  2030.0   1.31    61.6    1.27     35761    1.4   4.9946e+00    1.4     9931
  380.1  2078.0   1.29    12.1    0.68      3217    9.0   4.4932e-01    9.0     8774
  397.5  2172.9   1.42    25.6    1.29     10138    3.6   1.4160e+00    3.6     7419
  404.0  2208.8   1.37     6.5    1.72      1592   20.5   2.2236e-01   20.5     6673
  407.3  2226.5   1.37    45.1    1.72     40842    1.3   5.7042e+00    1.3     6196
  409.5  2238.9   1.37   154.8    1.72    229157    0.5   3.2005e+01    0.5     6673
  416.2  2275.3   1.36     3.4    1.07       399   51.6   5.5659e-02   51.6     5618
  420.8  2300.3   1.36     9.1    1.07      1744   12.4   2.4353e-01   12.4     5618
  424.4  2320.1   1.37     3.6    1.07       740   29.4   1.0332e-01   29.4     5618
  431.7  2360.3   1.43    14.6    0.99      3725    6.6   5.2022e-01    6.6     4624
  445.2  2433.9   1.37     8.0    1.31      1558   13.3   2.1764e-01   13.3     3703
  447.9  2448.9   1.38    15.5    1.31      3462    6.5   4.8349e-01    6.5     3703
  456.6  2496.1   1.40   100.0    1.38     84755    0.7   1.1837e+01    0.7     4178
  468.2  2559.5   1.41    54.5    0.90     27015    1.4   3.7730e+00    1.4     3131
  474.3  2593.2   1.39     3.5    1.24       293   50.7   4.0907e-02   50.7     2626
  478.0  2613.1   1.40    12.0    1.24      2213    7.1   3.0909e-01    7.1     2626
  480.1  2624.5   1.40     7.7    1.24      1224   12.4   1.7100e-01   12.4     2626
  484.9  2650.8   1.40    10.4    1.24      2137    7.0   2.9852e-01    7.0     2626
  490.9  2683.8   1.41     5.6    1.24       789   16.8   1.1014e-01   16.8     2626
  494.7  2704.6   1.41     7.2    1.24      1408   10.4   1.9668e-01   10.4     2626
  502.7  2748.4   1.43     9.8    0.95      1528   10.8   2.1335e-01   10.8     2234
  511.0  2793.7   2.88     7.6    1.46      5715    5.7   7.9816e-01    5.7     4050
  518.6  2835.2   1.44    62.8    1.46     40034    1.0   5.5914e+00    1.0     2025
  539.0  2946.9   1.47   178.8    2.01    311846    0.4   4.3554e+01    0.4     1588
  541.8  2962.0   1.47    18.6    2.01      8114    3.3   1.1333e+00    3.3     1588
  545.1  2980.1   1.47    19.7    2.01      4701    5.1   6.5659e-01    5.1     1588
  558.1  3051.2   1.50    56.3    0.90     33516    1.1   4.6809e+00    1.1     1103
  569.3  3112.7   1.54    64.0    1.08     37708    1.0   5.2665e+00    1.0     1024
  576.6  3152.4   1.58    15.1    1.23      2603    5.0   3.6357e-01    5.0      965
  583.5  3190.4   1.58    13.1    1.23      2501    5.0   3.4930e-01    5.0      965
  588.4  3216.8   1.59    19.7    1.23      4910    3.2   6.8580e-01    3.2     1029
  605.2  3309.1   1.56    66.1    1.45     44859    0.9   6.2652e+00    0.9     1169
  607.7  3322.6   1.56    12.5    1.45      5631    3.6   7.8643e-01    3.6     1096
  609.4  3331.9   1.56     8.4    1.45      1100   14.2   1.5365e-01   14.2     1169
  612.6  3349.3   1.56    13.5    1.45      2250    7.5   3.1425e-01    7.5     1096
  615.6  3365.9   1.57     5.2    1.45       497   29.3   6.9364e-02   29.3     1169
  624.2  3412.7   1.53    56.1    2.87     28205    1.2   3.9393e+00    1.2     1121
  627.5  3430.7   1.53     8.6    2.87      1580   11.7   2.2067e-01   11.7     1121
  631.1  3450.6   1.54    17.3    2.87      3025    6.2   4.2252e-01    6.2     1121
  645.0  3526.7   1.55     7.6    1.20      1023    9.9   1.4288e-01    9.9      589
  656.1  3587.3   1.56     9.4    1.68      1040   10.8   1.4526e-01   10.8      632
  679.9  3717.5   1.58     3.5    1.07       185   42.4   2.5831e-02   42.4      483
  690.1  3772.8   1.59     3.4    1.06       242   27.4   3.3820e-02   27.4      503
  698.4  3818.5   1.60     4.1    1.06       149   44.7   2.0742e-02   44.7      472
  721.5  3944.5   1.64    27.3    0.90      6069    2.8   8.4762e-01    2.8      485
  726.5  3972.0   1.64    17.7    0.90      3472    3.9   4.8493e-01    3.9      457
  735.2  4019.6   1.63     3.4    1.47       264   26.6   3.6871e-02   26.6      470
  744.2  4069.0   1.63     3.4    1.47       114   57.0   1.5933e-02   57.0      470
  762.7  4170.2   1.55     4.2    1.25       235   28.2   3.2759e-02   28.2      400
  768.7  4203.2   1.56    15.2    1.25      1857    5.5   2.5935e-01    5.5      400
  792.7  4334.3   1.68     8.4    0.99       709   12.5   9.8975e-02   12.5      456
  810.9  4433.8   1.69     6.7    1.10       458   17.0   6.3985e-02   17.0      372
  821.9  4493.7   1.92     4.6    0.97       262   25.3   3.6639e-02   25.3      361
  829.0  4532.8   1.92    15.4    0.97      3466    3.5   4.8401e-01    3.5      361
  839.3  4589.0   1.71     9.2    0.66       802   10.4   1.1207e-01   10.4      357
  884.7  4837.5   1.75     3.4    0.99       113   56.5   1.5845e-02   56.5      295
  911.2  4982.1   1.78     8.2    1.26       553   10.8   7.7194e-02   10.8      278
  916.9  5013.4   1.78     4.9    1.26       116   41.4   1.6161e-02   41.4      262
  924.9  5057.1   1.79     4.7    1.26       179   27.4   2.5049e-02   27.4      278
  931.1  5091.2   1.79     4.2    1.26       210   23.8   2.9288e-02   23.8      278
  935.3  5113.8   1.80     3.4    1.26       304   17.6   4.2433e-02   17.6      278
  938.7  5132.7   1.80     4.3    1.26       302   18.3   4.2245e-02   18.3      278
  964.9  5276.0   1.82     3.5    1.14       134   43.0   1.8749e-02   43.0      251
  969.0  5298.3   1.82     4.0    1.14       327   19.6   4.5618e-02   19.6      251
 1026.6  5613.3   1.95     3.4    0.81       193   26.3   2.7019e-02   26.3      234
 1035.9  5664.2   1.96    12.7    0.81      1617    5.2   2.2578e-01    5.2      234
 1120.2  6125.3   1.95     6.4    0.67       452   15.1   6.3098e-02   15.1      259
 1133.6  6198.2   1.96     4.5    1.10       223   26.9   3.1105e-02   26.9      233
 1150.4  6290.2   1.98     4.2    1.09       237   28.5   3.3114e-02   28.5      266
 1183.4  6470.6   2.00     3.5    1.01       102   56.0   1.4246e-02   56.0      229
 1200.1  6562.0   2.02     3.8    1.09       246   25.1   3.4298e-02   25.1      213
 1237.9  6768.7   2.05     3.8    0.97       234   25.9   3.2713e-02   25.9      214
 1253.8  6855.7   2.06     3.5    1.02       155   34.5   2.1608e-02   34.5      176
 1274.2  6967.4   2.08     3.6    0.69       133   37.4   1.8541e-02   37.4      167
 1324.0  7239.3   2.12     3.7    1.07       350   15.8   4.8897e-02   15.8      137
 1377.4  7531.4   2.17    10.0    0.98       791    7.5   1.1053e-01    7.5      100
 1386.3  7579.9   2.17     3.5    0.98        94   32.4   1.3105e-02   32.4      105
 1397.0  7638.5   2.18     3.4    0.98        77   37.2   1.0818e-02   37.2      100
 1407.8  7698.0   2.19     3.6    0.98       133   23.9   1.8584e-02   23.9      105
 1434.1  7841.5   2.22     3.5    0.81        94   40.5   1.3102e-02   40.5       84
 1460.5  7986.1   2.28    21.2    1.39      3900    3.2   5.4466e-01    3.2       68
 1469.3  8034.3   2.29     3.3    1.39        49   58.9   6.8989e-03   58.9       68
 1476.4  8073.0   2.29     3.5    1.39       116   28.5   1.6220e-02   28.5       68
 1494.8  8173.5   2.27     3.5    0.84        67   42.0   9.3615e-03   42.0       50
 1501.2  8208.4   2.27     3.5    0.84        58   46.9   8.0697e-03   46.9       48
 1729.1  9454.5   2.46     3.4    0.88        88   30.9   1.2224e-02   30.9       26
 1764.3  9646.9   2.49     5.9    1.03       390   12.7   5.4431e-02   12.7       51
 1846.9 10099.0   2.56     3.4    0.99        39   59.4   5.4884e-03   59.4       23
 1918.9 10492.6   2.62     3.8    0.74        88   30.3   1.2272e-02   30.3       22
 2103.0 11499.3   2.78     4.8    0.86       122   23.4   1.6998e-02   23.4       21
 2203.7 12050.0   2.86     4.2    0.95       116   27.3   1.6194e-02   27.3       28
 2613.6 14291.3   3.12    10.1    0.61       714    7.4   9.9742e-02    7.4       11

   indicates the Iterative Peak Width fitting reached a limiting value.
