
                       be used for evaluation purposes
                                                            10-Mar-2019 12:41
                       _________________________________

                       P E A K     F I T     R E P O R T
                       _________________________________

 Spectrum file Analysed: BW03012019_32cm_Ir03_HPGE2.Chn   
 Sample Title :          Ir03

 Spectrum saved on  1-Mar-2019 at 14:56    Collected on  1-Mar-2019 at 11:41
 Sample  Taken  on  1-Mar-2019 at 11:41    Decayed      0 Days,     0 mins.

            Detector file number used:     2
            Energy     Calibration Performed on  8-Mar-2019 at 11:34
            Peak Shape Calibration Performed on  8-Mar-2019 at 11:35

 

   Datetime:   1-Mar-2019  11:41
   Live:      7585.00 
   Mass:      377
   Shelf:     30
   Detector:      2

   Reported Activity values were rounded     
   FitzPeaks Version: 3.71 23rd January 2014           
                                                                                                     
              


 Peak   Centre   FW@HM         Goodness   Peak      %      Gammas       %      2 Sigma
Energy  Channel  (KeV)  Signif  of Fit    Area   Uncert.  per sec.   Uncert. Background

   53.2   289.9   1.30     6.9    3.12     14528   49.4   1.9153e+00   49.4   275472
   54.6   297.6   1.31    11.4    3.12     16671   42.8   2.1979e+00   42.8   275472
   61.6   335.6   1.13    33.8   48.36    170938    3.5   2.2536e+01    3.5   154124
   63.3   344.9   1.13   306.8   48.36   1576461    0.4   2.0784e+02    0.4   168135
   64.9   354.0   1.13   457.8   48.36   2376251    0.3   3.1328e+02    0.3   168135
   69.6   379.4   1.24    11.8    6.70     19677    9.1   2.5942e+00    9.1    66046
   71.3   389.1   1.24    52.7    6.70    103919    1.8   1.3701e+01    1.8    60965
   73.5   400.8   1.24   265.9    6.70    951988    0.3   1.2551e+02    0.3    60965
   75.6   412.6   1.24   128.9    6.70    288164    0.7   3.7991e+01    0.7    66046
   82.5   450.0   1.09   134.3    1.39    164910    0.6   2.1742e+01    0.6    30525
   85.0   463.6   1.10    19.6    1.39     10298    6.9   1.3577e+00    6.9    27981
   87.5   477.4   1.10     7.1    1.39      2707   25.4   3.5692e-01   25.4    27981
   94.3   515.0   1.12    11.5    1.08      6419   23.2   8.4627e-01   23.2    31361
   96.6   527.3   1.12   105.8    1.08    119895    1.4   1.5807e+01    1.4    28748
  113.7   621.1   1.14     8.6    0.79      3544   15.7   4.6722e-01   15.7    31868
  122.1   666.7   1.15     3.8    0.69      1243   44.4   1.6391e-01   44.4    32371
  129.5   707.4   1.15   111.9    0.74    121384    0.8   1.6003e+01    0.8    28644
  138.2   755.2   1.15     3.9    0.95      1593   32.2   2.1002e-01   32.2    29400
  141.0   770.6   1.15    14.9    0.95      7278    7.4   9.5953e-01    7.4    26950
  172.3   941.8   1.18   117.1    1.24    125716    0.7   1.6574e+01    0.7    29729
  176.4   964.1   1.19     3.9    1.24      1306   43.2   1.7214e-01   43.2    29729
  179.1   978.8   1.19    53.3    1.24     35056    1.9   4.6217e+00    1.9    29729
  186.8  1021.2   1.22    88.1    1.05     92749    1.0   1.2228e+01    1.0    27410
  187.8  1026.8   1.22     7.0    1.05     13347    5.5   1.7596e+00    5.5    27410
  197.3  1078.3   1.46    13.2    2.93      9218    7.4   1.2153e+00    7.4    30552
  206.0  1126.4   1.23     8.4    3.24      2904   16.6   3.8289e-01   16.6    23377
  208.8  1141.7   1.23     8.1    3.24      4954   11.4   6.5318e-01   11.4    23377
  216.8  1185.3   1.23     5.8    0.95      2131   18.3   2.8099e-01   18.3    18766
  219.8  1201.7   1.23    47.5    0.95     27972    1.7   3.6878e+00    1.7    18766
  221.9  1213.2   1.24     3.3    0.95      3903   10.6   5.1458e-01   10.6    17323
  223.9  1223.9   1.24    21.8    0.95     10114    4.0   1.3334e+00    4.0    17323
  228.2  1247.5   1.24     3.4    0.95       869   43.7   1.1457e-01   43.7    18766
  233.7  1277.5   1.26     3.4    0.74       909   38.0   1.1988e-01   38.0    15731
  235.6  1288.3   1.26     3.9    0.74       879   39.2   1.1586e-01   39.2    15731
  238.7  1305.3   1.26     4.5    0.74      1658   20.3   2.1865e-01   20.3    15731
  243.5  1331.3   1.27     6.3    0.74      4676    8.2   6.1645e-01    8.2    15731
  245.3  1341.1   1.27    38.8    0.74     21867    2.0   2.8829e+00    2.0    15731
  268.7  1469.4   1.52    58.1    8.65     67191    1.6   8.8583e+00    1.6    12278
  276.2  1510.3   1.29     6.4    1.09      1701   19.1   2.2430e-01   19.1    10388
  277.7  1518.9   1.29     3.9    1.09      1023   31.7   1.3485e-01   31.7    10388
  288.4  1577.4   1.30     5.0    0.68      1221   33.2   1.6098e-01   33.2     9820
  294.3  1609.6   1.54    12.4    2.85      8021    6.3   1.0575e+00    6.3    10420
  296.0  1618.7   1.54    30.1    2.85     22995    2.6   3.0316e+00    2.6    10420
  300.6  1643.9   1.55     8.4    2.85      3330   11.0   4.3908e-01   11.0    11115
  308.6  1687.7   1.31    38.1    0.88     17643    2.4   2.3260e+00    2.4     8807
  316.6  1731.8   1.39    67.0    1.46     50262    1.2   6.6265e+00    1.2     9109
  328.6  1797.2   1.35    35.2    0.42     16765    2.3   2.2103e+00    2.3     8972
  351.3  1921.5   1.38    86.5    1.17     70778    0.9   9.3313e+00    0.9     8713
  360.0  1969.2   1.37   110.5    0.81    119045    0.6   1.5695e+01    0.6     9126
  361.2  1975.6   1.37     8.6    0.81     12370    4.1   1.6309e+00    4.1     8474
  371.3  2031.1   1.36    46.0    1.19     21500    1.9   2.8346e+00    1.9     6927
  380.1  2079.1   1.38     7.8    0.98      2123   12.2   2.7988e-01   12.2     5971
  397.4  2174.1   1.44    19.6    0.99      6093    4.5   8.0333e-01    4.5     5045
  404.1  2210.6   1.42     3.6    1.45      1192   23.3   1.5712e-01   23.3     4933
  407.2  2227.7   1.42    31.7    1.45     24963    1.7   3.2911e+00    1.7     4604
  409.5  2240.2   1.42   123.7    1.45    142163    0.7   1.8743e+01    0.7     4604
  420.7  2301.4   1.42     5.4    1.11       956   22.0   1.2606e-01   22.0     4176
  431.6  2361.2   1.37    11.8    0.89      2083    9.8   2.7467e-01    9.8     3217
  445.1  2434.9   1.40     6.1    0.87       946   18.3   1.2475e-01   18.3     2715
  447.8  2449.9   1.40    10.3    0.87      1906    9.3   2.5124e-01    9.3     2715
  456.5  2497.3   1.45    74.8    2.74     52637    1.0   6.9396e+00    1.0     3142
  468.1  2560.6   1.47    41.8    1.83     19058    1.8   2.5126e+00    1.8     2344
  477.8  2613.8   1.47     7.8    1.05      1321   10.1   1.7422e-01   10.1     1997
  479.9  2625.3   1.48     6.0    1.05       804   16.6   1.0599e-01   16.6     1997
  484.7  2651.5   1.48     7.5    1.05      1475    9.5   1.9443e-01    9.5     1997
  490.7  2684.6   1.49     3.5    1.05       425   29.5   5.6089e-02   29.5     1997
  494.5  2705.5   1.49     6.2    1.05       872   14.2   1.1501e-01   14.2     1997
  502.5  2749.4   1.50     5.0    1.23       818   18.1   1.0779e-01   18.1     1705
  510.9  2795.3   3.04     5.9    1.44      4556    6.3   6.0062e-01    6.3     3198
  518.5  2836.5   1.54    45.3    1.44     24047    1.4   3.1703e+00    1.4     1654
  538.9  2948.2   1.53   152.7    4.06    190462    0.5   2.5110e+01    0.5     2042
  541.6  2963.2   1.53    13.1    4.06      4374    6.6   5.7670e-01    6.6     2042
  545.0  2981.6   1.53    12.9    4.06      1820   14.4   2.3994e-01   14.4     2042
  557.9  3052.5   1.54    46.8    1.30     19705    1.5   2.5979e+00    1.5     1009
  569.2  3114.2   1.58    47.1    1.37     21794    1.4   2.8733e+00    1.4      936
  576.4  3153.6   1.71    11.0    0.93      1492    7.9   1.9673e-01    7.9      882
  583.3  3191.7   1.72    11.8    0.93      1793    6.3   2.3633e-01    6.3      882
  588.2  3218.4   1.72    13.4    0.93      3227    4.3   4.2543e-01    4.3      882
  605.1  3310.7   1.65    49.1    1.68     27372    1.4   3.6088e+00    1.4     1018
  607.5  3324.1   1.65     4.4    1.68      2254    7.1   2.9719e-01    7.1      958
  609.2  3333.1   1.65     4.9    1.68      1549    9.4   2.0423e-01    9.4      958
  612.4  3350.7   1.66    11.2    1.68      1554    9.2   2.0493e-01    9.2     1018
  615.4  3367.2   1.66     3.9    1.68       212   57.5   2.7982e-02   57.5      958
  624.0  3414.1   1.56    39.8    2.31     16618    2.0   2.1909e+00    2.0     1495
  631.1  3452.8   1.57    10.4    2.31      1402   13.5   1.8487e-01   13.5     1495
  645.1  3529.4   1.63     6.4    0.87       878   10.8   1.1573e-01   10.8      507
  655.8  3588.5   1.64     5.8    1.46       588   16.7   7.7575e-02   16.7      643
  689.7  3773.9   1.67     3.4    1.06       141   54.9   1.8538e-02   54.9      470
  721.3  3946.6   1.76    15.0    1.41      2478    5.0   3.2668e-01    5.0      450
  726.3  3974.2   1.77    15.2    1.41      2154    5.2   2.8395e-01    5.2      477
  762.5  4172.4   1.76     3.6    0.74       150   43.3   1.9791e-02   43.3      397
  768.6  4205.4   1.77    10.5    0.74      1214    7.6   1.6010e-01    7.6      397
  792.8  4338.1   1.76     4.3    1.03       355   21.9   4.6751e-02   21.9      402
  810.8  4436.5   1.78     8.5    1.26       623   14.0   8.2079e-02   14.0      398
  821.6  4495.9   2.00     3.4    1.14       136   49.7   1.7954e-02   49.7      372
  828.9  4535.8   2.01    11.7    1.14      2028    5.0   2.6731e-01    5.0      372
  839.2  4592.1   1.80     6.9    1.02       481   14.2   6.3399e-02   14.2      360
  846.8  4633.8   1.81     3.3    1.02        97   59.6   1.2753e-02   59.6      360
  911.3  4986.6   1.87     7.6    0.56       604   12.4   7.9615e-02   12.4      330
  931.3  5096.5   1.89     5.1    1.24       236   28.3   3.1063e-02   28.3      322
  935.2  5117.4   1.89     3.5    1.24       247   27.9   3.2598e-02   27.9      322
  938.8  5137.5   1.89     4.6    1.24       279   24.6   3.6725e-02   24.6      322
  964.7  5279.0   1.92     3.4    1.25       128   48.1   1.6836e-02   48.1      279
  968.8  5301.8   1.92     4.2    1.25       297   22.8   3.9159e-02   22.8      295
 1026.6  5618.0   1.97     3.4    0.99       100   50.8   1.3221e-02   50.8      276
 1036.1  5669.7   1.98     9.1    0.99       923    8.5   1.2173e-01    8.5      262
 1120.4  6131.1   2.06     7.2    1.20       490   15.8   6.4570e-02   15.8      305
 1134.0  6205.9   2.07     3.8    0.88       171   35.8   2.2536e-02   35.8      254
 1150.9  6298.1   2.09     3.5    0.91       187   36.9   2.4636e-02   36.9      314
 1183.7  6477.7   2.12     3.6    0.84       140   44.3   1.8437e-02   44.3      269
 1200.1  6567.4   2.13     3.4    1.15       157   40.1   2.0756e-02   40.1      262
 1238.1  6775.4   2.17     4.5    1.01       239   29.5   3.1476e-02   29.5      285
 1324.3  7247.2   2.25     4.1    0.72       172   29.2   2.2641e-02   29.2      151
 1377.5  7538.8   2.29     8.6    1.35       622   10.5   8.2028e-02   10.5      129
 1408.1  7706.0   2.32     3.4    0.91       141   31.8   1.8533e-02   31.8      119
 1434.1  7848.4   2.35     3.6    0.72       101   38.4   1.3298e-02   38.4       89
 1460.7  7994.2   2.46    23.3    1.40      5121    3.0   6.7521e-01    3.0      159
 1509.2  8259.4   2.41     4.8    1.31        80   43.9   1.0547e-02   43.9       56
 1729.8  9466.9   2.62     3.5    0.81        87   31.4   1.1447e-02   31.4       30
 1764.6  9657.6   2.65     6.7    1.18       428   11.7   5.6462e-02   11.7       55
 1847.6 10111.7   2.72     3.8    0.77        59   43.6   7.7899e-03   43.6       29
 1919.7 10506.6   2.79     3.6    0.82        90   32.0   1.1843e-02   32.0       32
 2204.0 12062.5   3.05     4.5    0.92       161   20.6   2.1192e-02   20.6       26
 2614.0 14307.0   3.39    10.3    1.02       684    8.5   9.0177e-02    8.5       14

   indicates the Iterative Peak Width fitting reached a limiting value.
