
                       be used for evaluation purposes
                                                             4-Apr-2019 17:08
                       _________________________________

                       P E A K     F I T     R E P O R T
                       _________________________________

 Spectrum file Analysed: BX032819_25cm_Ir07_IDM4.Chn      
 Sample Title :          Ir07

 Spectrum saved on 28-Mar-2019 at 14:57    Collected on 26-Mar-2019 at 16:45
 Sample  Taken  on 26-Mar-2019 at 16:45    Decayed      0 Days,     0 mins.

            Detector file number used:     6
            Energy     Calibration Performed on  8-Mar-2019 at 12:03
            Peak Shape Calibration Performed on  8-Mar-2019 at 12:04

 

   Datetime:  26-Mar-2019  16:45
   Live:      165105. 
   Mass:      777
   Shelf:     25
   Detector:      6

   Reported Activity values were rounded     
   FitzPeaks Version: 3.71 23rd January 2014           
                                                                                                     
              


 Peak   Centre   FW@HM         Goodness   Peak      %      Gammas       %      2 Sigma
Energy  Channel  (KeV)  Signif  of Fit    Area   Uncert.  per sec.   Uncert. Background

   61.5   335.3   1.21    68.6   12.13    244666    1.1   1.4819e+00    1.1   195404
   63.1   344.0   1.21   159.3   12.13    588148    0.5   3.5623e+00    0.5   195404
   65.0   354.3   1.21   136.9   12.13    457974    0.7   2.7738e+00    0.7   195404
   66.9   364.5   1.22   114.0   12.13    286754    1.1   1.7368e+00    1.1   211687
   68.8   375.4   1.22    13.0   12.13     16576   15.9   1.0039e-01   15.9   211687
   71.4   389.2   1.22    64.1   12.13    149944    2.0   9.0817e-01    2.0   195404
   73.3   399.8   1.22    55.0   12.13    180782    1.7   1.0950e+00    1.7   195404
   74.7   407.6   1.22     9.9   12.13     95849    3.2   5.8053e-01    3.2   211687
   75.6   412.4   1.22    51.8   12.13    146416    2.0   8.8680e-01    2.0   211687
   77.8   424.2   1.23    17.8   12.13     33943    7.7   2.0558e-01    7.7   195404
   82.6   450.5   1.23     5.2    2.21      2963   53.0   1.7945e-02   53.0   193239
   84.8   462.7   1.23    19.5    2.21     32524    4.8   1.9699e-01    4.8   178374
   87.4   476.7   1.23    11.4    2.21     13469   11.8   8.1579e-02   11.8   193239
   92.8   506.3   1.27     4.1    1.58      6481   19.7   3.9252e-02   19.7   201348
   96.7   527.9   1.27     4.4    1.58      5191   23.9   3.1439e-02   23.9   201348
   99.5   543.1   1.27     5.5    1.58     10431   11.9   6.3176e-02   11.9   185860
  103.8   566.4   1.28     9.7    1.58     17249    7.4   1.0447e-01    7.4   201348
  106.1   579.2   1.28    14.8    1.58     20565    6.6   1.2456e-01    6.6   201348
  117.2   639.7   1.08     4.0    1.97      5544   23.0   3.3579e-02   23.0   184714
  121.9   665.5   1.09     4.3    1.97      5501   23.4   3.3321e-02   23.4   184714
  129.5   707.1   1.17    31.1    0.68     45328    3.5   2.7454e-01    3.5   200031
  136.4   744.9   1.10     8.8    1.86     10558   14.9   6.3948e-02   14.9   206721
  172.3   941.2   1.13     4.8    0.97      5695   25.8   3.4495e-02   25.8   199430
  186.8  1020.4   1.26   158.4    1.92    384307    0.6   2.3277e+00    0.6   161896
  197.0  1076.2   1.23    19.8    3.36     28391    4.7   1.7196e-01    4.7   125194
  198.2  1082.7   1.23     7.4    3.36     11110   11.9   6.7293e-02   11.9   135627
  201.4  1100.3   1.23    17.1    3.36     17602    7.8   1.0661e-01    7.8   135627
  205.9  1124.9   1.23    85.2    3.36    125274    1.2   7.5875e-01    1.2   125194
  208.1  1137.0   1.24     5.3    3.36      5980   22.8   3.6220e-02   22.8   125194
  223.9  1223.4   1.29    22.9    0.59     24585    4.0   1.4890e-01    4.0   101014
  228.2  1247.0   1.29    18.5    0.59     17826    5.5   1.0797e-01    5.5   101014
  235.7  1287.8   1.32     3.4    1.88      2981   34.0   1.8055e-02   34.0    90235
  238.7  1304.3   1.33    35.4    1.88     40791    2.6   2.4706e-01    2.6    90235
  241.8  1321.4   1.33     8.4    1.88      9149   12.0   5.5415e-02   12.0    90235
  277.7  1517.4   1.34    26.7    1.22     24871    3.2   1.5064e-01    3.2    71020
  283.3  1548.1   1.35    10.6    1.22      9350    7.7   5.6631e-02    7.7    76483
  288.4  1576.1   1.35     7.9    1.22      5738   13.1   3.4757e-02   13.1    76483
  296.0  1617.7   1.39   254.2    6.16    861360    0.4   5.2170e+00    0.4    68990
  300.3  1641.1   1.39     3.5    6.16      3875   27.6   2.3469e-02   27.6    68990
  308.5  1686.1   1.35   260.3    1.75    804575    0.2   4.8731e+00    0.2    58903
  316.6  1730.2   1.36   430.3    4.91   2191899    0.2   1.3276e+01    0.2    50459
  328.5  1795.3   1.43    13.2    1.08      9117    6.5   5.5221e-02    6.5    42501
  334.3  1827.1   1.44     4.2    1.08      3015   19.0   1.8259e-02   19.0    42501
  338.5  1850.0   1.44    17.0    1.08     12153    4.8   7.3606e-02    4.8    42501
  351.9  1923.4   1.44    43.4    1.16     39620    2.0   2.3997e-01    2.0    39495
  361.1  1973.7   1.49    55.2    1.80     58978    1.5   3.5721e-01    1.5    37322
  371.3  2029.4   1.40    80.4    0.85     91042    0.9   5.5142e-01    0.9    32962
  374.6  2047.1   1.40    23.3    0.85     16058    3.7   9.7259e-02    3.7    32962
  380.1  2077.7   1.41    13.4    0.85      8314    6.7   5.0357e-02    6.7    32962
  391.0  2137.2   1.40     3.4    1.04      1741   29.2   1.0546e-02   29.2    30931
  397.4  2172.2   1.40    35.0    1.04     24460    2.4   1.4815e-01    2.4    30931
  407.3  2225.9   1.46    89.0    1.21    104133    0.9   6.3071e-01    0.9    28950
  409.5  2238.0   1.46     4.3    1.21      7462    9.6   4.5194e-02    9.6    28950
  416.5  2276.6   1.39    23.6    1.30     12579    4.7   7.6188e-02    4.7    27565
  420.7  2299.4   1.40    12.0    1.30      5636    9.8   3.4135e-02    9.8    27565
  431.7  2359.4   1.39    18.3    1.02      8671    6.0   5.2520e-02    6.0    23687
  447.8  2447.7   1.34    19.8    0.89      8343    5.7   5.0533e-02    5.7    19371
  456.5  2495.1   1.47     5.0    2.51      2002   22.5   1.2127e-02   22.5    19002
  463.1  2531.2   1.48     7.9    2.51      3805   11.7   2.3047e-02   11.7    20359
  468.1  2558.5   1.48   278.9    2.51    859313    0.3   5.2046e+00    0.3    20359
  477.8  2611.8   1.44    12.5    1.29      5378    8.5   3.2573e-02    8.5    16496
  483.0  2640.1   1.47     6.1    2.31      4384   12.9   2.6550e-02   12.9    16324
  484.6  2648.8   1.47    63.8    2.31     54913    1.3   3.3259e-01    1.3    16324
  489.1  2673.7   1.48    14.9    2.31      6452    8.5   3.9077e-02    8.5    17490
  502.6  2747.1   1.42     8.7    1.30      3439   11.9   2.0829e-02   11.9    13933
  510.9  2792.8   2.92    26.9    6.75     60632    2.0   3.6723e-01    2.0    25603
  518.5  2834.1   1.50    93.5    6.75     99732    0.8   6.0405e-01    0.8    13716
  538.9  2945.8   1.45    19.3    0.94      7627    5.1   4.6196e-02    5.1    11896
  557.9  3050.0   1.55    90.9    1.39     84569    0.8   5.1221e-01    0.8    12657
  562.4  3074.3   1.55    10.6    1.39      3296   12.8   1.9965e-02   12.8    11866
  569.3  3112.0   1.56    84.9    0.86     78785    0.9   4.7718e-01    0.9    12600
  583.1  3187.7   1.58    39.4    1.40     21089    2.1   1.2773e-01    2.1    11674
  588.5  3217.3   1.58    73.5    1.40     64543    0.9   3.9092e-01    0.9    11674
  593.8  3246.2   1.59     3.4    1.40       859   40.2   5.2032e-03   40.2    11674
  600.5  3282.7   1.56     7.3    1.59      2475   17.4   1.4990e-02   17.4    10769
  604.3  3303.7   1.57   106.4    1.59    116423    1.0   7.0515e-01    1.0    10769
  605.2  3308.4   1.57     8.2    1.59    105427    0.9   6.3855e-01    0.9    10769
  609.3  3330.6   1.57    55.8    1.59     37155    1.5   2.2504e-01    1.5    10769
  612.4  3347.9   1.57    84.6    1.59     74637    0.9   4.5206e-01    0.9    11487
  624.7  3415.0   1.63     8.6    1.20      2916   12.1   1.7660e-02   12.1     9341
  628.5  3436.0   1.64     6.0    1.20      2356   15.0   1.4268e-02   15.0     9341
  631.0  3449.6   1.64    21.5    1.20      8762    4.6   5.3069e-02    4.6     9925
  656.0  3585.9   1.55     9.7    1.28      2885   11.3   1.7474e-02   11.3     8406
  665.4  3637.7   1.56     4.7    1.11      1244   25.1   7.5321e-03   25.1     7924
  687.7  3759.3   1.58     7.5    1.84      1747   18.8   1.0581e-02   18.8     7964
  726.6  3972.1   1.93    24.3    0.96     12791    3.2   7.7473e-02    3.2     8341
  755.6  4131.1   1.64     3.5    1.17       601   48.5   3.6420e-03   48.5     6717
  768.5  4201.2   1.83    20.6    1.43      8525    4.3   5.1636e-02    4.3     7255
  772.2  4221.6   1.83     4.3    1.43       922   34.8   5.5855e-03   34.8     7255
  784.8  4290.3   2.00    11.4    1.61      4707    7.7   2.8508e-02    7.7     7403
  794.9  4345.7   1.67     9.3    1.35      2604   11.0   1.5773e-02   11.0     6449
  806.1  4407.1   1.77     5.1    1.02      1146   24.0   6.9440e-03   24.0     6296
  810.7  4432.4   1.78    45.0    1.02     26679    1.6   1.6159e-01    1.6     5946
  821.2  4489.8   1.69     3.5    0.80       565   45.3   3.4215e-03   45.3     6009
  829.0  4532.2   1.85    22.3    0.98      7782    3.8   4.7133e-02    3.8     6297
  835.2  4566.0   1.86     5.8    0.98      2023   13.1   1.2254e-02   13.1     6297
  839.2  4588.2   1.86    10.9    0.98      2919    9.4   1.7679e-02    9.4     6297
  846.7  4629.0   1.73    15.1    1.25      4196    6.8   2.5416e-02    6.8     5932
  860.5  4704.6   1.90    11.3    1.02      3039    9.7   1.8408e-02    9.7     6223
  884.5  4835.6   1.74    11.4    0.68      2938    9.0   1.7795e-02    9.0     5408
  904.4  4944.6   1.83     3.5    0.99       870   27.1   5.2664e-03   27.1     5504
  911.2  4981.6   1.84    36.4    0.99     15842    2.1   9.5952e-02    2.1     5504
  934.1  5107.2   1.79     8.6    1.08      2473   10.4   1.4981e-02   10.4     5111
  964.7  5274.4   1.91    12.9    1.06      3389    7.3   2.0527e-02    7.3     5128
  968.9  5297.5   1.91    27.1    1.06      9605    3.0   5.8176e-02    3.0     5128
  976.2  5337.2   1.92     3.3    1.06       384   58.3   2.3274e-03   58.3     5128
 1001.1  5473.5   1.85     5.9    0.87      1154   21.4   6.9905e-03   21.4     5089
 1036.1  5665.0   2.25    13.4    0.92      4130    7.5   2.5013e-02    7.5     5937
 1063.5  5814.5   1.90     5.1    1.31      1271   20.1   7.6983e-03   20.1     5038
 1078.7  5897.7   1.92     3.5    0.84       445   52.6   2.6926e-03   52.6     4714
 1115.6  6099.3   2.10     5.1    0.77      1067   24.0   6.4607e-03   24.0     5220
 1120.3  6125.3   2.10    27.7    0.77     11338    2.8   6.8674e-02    2.8     5220
 1133.9  6199.4   1.97     3.9    0.74       737   32.6   4.4615e-03   32.6     4637
 1155.2  6315.8   1.98     5.9    0.80      1391   18.1   8.4235e-03   18.1     4953
 1173.4  6415.5   2.00     3.3    1.27       546   47.9   3.3093e-03   47.9     4682
 1200.1  6561.5   2.02     4.8    1.04       557   39.7   3.3711e-03   39.7     4821
 1207.5  6602.1   2.03     3.3    1.04       367   59.8   2.2225e-03   59.8     5075
 1238.2  6770.0   2.18    20.7    1.35      7079    4.7   4.2877e-02    4.7     5596
 1274.6  6968.9   2.14    30.4    1.25     10724    2.7   6.4953e-02    2.7     3726
 1281.0  7004.2   2.14     6.3    1.25      1050   21.1   6.3589e-03   21.1     3726
 1324.2  7240.4   2.13     3.7    1.06       555   31.1   3.3607e-03   31.1     2818
 1332.6  7286.1   2.14     3.6    1.06       347   47.5   2.1016e-03   47.5     2818
 1377.6  7532.4   2.23    15.1    1.08      2966    6.0   1.7963e-02    6.0     2016
 1385.7  7576.5   2.23     4.3    1.08       630   24.4   3.8143e-03   24.4     2016
 1401.6  7663.8   2.20     6.8    1.00       868   18.7   5.2553e-03   18.7     2095
 1408.0  7698.3   2.20     9.5    1.00      1658   10.2   1.0043e-02   10.2     2000
 1460.8  7987.2   2.30   107.8    4.26    109704    0.9   6.6445e-01    0.9     1713
 1495.6  8177.4   2.28     4.7    0.82       419   32.8   2.5351e-03   32.8     1259
 1509.2  8252.1   2.37    10.3    1.50      1451   11.7   8.7861e-03   11.7     1384
 1538.6  8412.5   2.32     3.8    0.93       370   33.3   2.2398e-03   33.3     1143
 1543.3  8438.4   2.32     3.6    0.93       241   50.4   1.4588e-03   50.4     1143
 1582.4  8652.2   2.36     3.3    1.28       393   32.5   2.3820e-03   32.5     1223
 1588.2  8684.2   2.36     9.4    1.28      1547    9.4   9.3679e-03    9.4     1223
 1592.5  8707.3   2.36     8.4    1.28      1620    9.3   9.8136e-03    9.3     1223
 1620.7  8861.9   2.39     7.6    0.94       811   12.8   4.9138e-03   12.8      926
 1630.6  8915.9   2.40     8.5    0.94       846   12.2   5.1225e-03   12.2      926
 1638.3  8957.7   2.40     3.8    0.94       215   43.0   1.3018e-03   43.0      926
 1661.3  9083.8   2.42     7.5    1.13       745   16.9   4.5118e-03   16.9      894
 1693.1  9257.7   2.45     3.5    0.88       219   50.1   1.3242e-03   50.1      818
 1729.6  9457.0   2.64    12.2    0.67      1987    6.9   1.2035e-02    6.9      813
 1764.5  9647.9   2.55    34.2    1.16     10932    2.1   6.6213e-02    2.1      730
 1771.2  9684.8   2.56     7.8    1.16       655   18.4   3.9647e-03   18.4      760
 1838.2 10051.1   2.66     3.4    0.92       250   38.4   1.5154e-03   38.4      727
 1847.4 10101.2   2.67    13.1    0.92      1512    7.9   9.1603e-03    7.9      727
 2034.2 11123.2   2.75     4.2    1.17       326   32.6   1.9759e-03   32.6      646
 2103.3 11500.6   2.81     8.8    1.42      2001    6.5   1.2118e-02    6.5      727
 2118.5 11583.8   2.82     7.8    1.42       709   13.2   4.2925e-03   13.2      727
 2203.9 12051.1   2.99    18.7    1.30      3182    5.0   1.9273e-02    5.0      719
 2293.2 12539.1   2.97     3.3    0.92       249   44.8   1.5086e-03   44.8      724
 2447.4 13382.5   3.11     8.2    1.07       964   11.1   5.8374e-03   11.1      470
 2598.2 14207.2   3.28     7.3    2.25       509   12.1   3.0838e-03   12.1      145
 2614.1 14293.9   3.29    45.8    2.25     17949    1.9   1.0871e-01    1.9      145

   indicates the Iterative Peak Width fitting reached a limiting value.
