
                       be used for evaluation purposes
                                                             4-Apr-2019 17:11
                       _________________________________

                       P E A K     F I T     R E P O R T
                       _________________________________

 Spectrum file Analysed: BX03282019_40cm_Ir06_IDM3.Chn    
 Sample Title :          Ir06

 Spectrum saved on 28-Mar-2019 at 15:00    Collected on 26-Mar-2019 at 16:45
 Sample  Taken  on 26-Mar-2019 at 16:45    Decayed      0 Days,     0 mins.

            Detector file number used:     5
            Energy     Calibration Performed on  8-Mar-2019 at 12:01
            Peak Shape Calibration Performed on  8-Mar-2019 at 12:02

 

   Datetime:  26-Mar-2019  16:45
   Live:      165675. 
   Mass:      677
   Shelf:     40
   Detector:      5

   Reported Activity values were rounded     
   FitzPeaks Version: 3.71 23rd January 2014           
                                                                                                     
              


 Peak   Centre   FW@HM         Goodness   Peak      %      Gammas       %      2 Sigma
Energy  Channel  (KeV)  Signif  of Fit    Area   Uncert.  per sec.   Uncert. Background

   61.2   334.5   1.55    12.6    4.07     61354    3.6   3.7032e-01    3.6   135465
   62.8   343.2   1.55    63.8    4.07    142821    1.6   8.6205e-01    1.6   144496
   64.7   353.7   1.56    32.3    4.07     87572    2.6   5.2858e-01    2.6   135465
   66.6   364.1   1.56    31.4    4.07     59095    3.8   3.5669e-01    3.8   144496
   68.7   375.2   1.56     5.5    4.07     13687   16.2   8.2614e-02   16.2   144496
   71.2   388.9   1.56    17.3    4.07     44646    5.1   2.6948e-01    5.1   144496
   73.0   398.6   1.56     7.7    4.07     64376    3.6   3.8857e-01    3.6   135465
   74.7   408.3   1.56    48.7    4.07    111187    2.3   6.7112e-01    2.3   135465
   76.9   420.4   1.56     6.2    4.07     17278   14.6   1.0429e-01   14.6   135465
   84.5   461.7   1.53    19.7    1.50     24753    5.1   1.4941e-01    5.1   153075
   87.0   475.5   1.54    11.6    1.50     10601   12.0   6.3988e-02   12.0   153075
   92.5   505.6   1.54     5.4    1.50      5692   22.1   3.4357e-02   22.1   153075
   99.2   542.1   1.51    16.5    1.17     17043   12.7   1.0287e-01   12.7   168944
  103.4   565.1   1.51    23.1    1.17     31813    7.0   1.9202e-01    7.0   168944
  105.8   578.0   1.51    31.1    1.17     41246    5.4   2.4896e-01    5.4   180207
  116.7   637.6   1.77     7.4    1.50     15336    7.5   9.2567e-02    7.5   187792
  121.2   662.6   1.78     4.3    1.50      8747   13.1   5.2798e-02   13.1   187792
  129.1   705.5   1.78    10.6    1.50     12353    8.9   7.4564e-02    8.9   187792
  136.3   744.9   1.79     3.8    1.50      2730   39.1   1.6479e-02   39.1   198838
  143.3   783.5   1.79     3.4    1.50      4311   26.3   2.6018e-02   26.3   187792
  186.6  1020.2   1.60    88.0    1.26    124901    1.2   7.5389e-01    1.2   124803
  197.1  1077.8   1.62     7.7    1.76      9934   11.2   5.9961e-02   11.2   105512
  201.4  1100.8   1.63     6.0    1.76      3935   26.4   2.3749e-02   26.4   105512
  205.8  1125.3   1.63    33.5    1.76     31173    3.6   1.8815e-01    3.6   105512
  209.5  1145.5   1.63    13.4    1.76     12956    8.5   7.8200e-02    8.5   112106
  223.8  1223.8   1.61    10.2    0.83      8146   11.6   4.9169e-02   11.6    84987
  228.2  1247.5   1.61    34.3    0.83     32982    3.0   1.9908e-01    3.0    79675
  238.7  1305.1   1.57    40.7    1.47     35834    2.9   2.1629e-01    2.9    74884
  241.8  1322.1   1.58     8.3    1.47      8294   11.8   5.0064e-02   11.8    74884
  270.1  1476.8   1.57     3.6    0.95      3218   24.6   1.9421e-02   24.6    58624
  277.6  1518.1   1.55    48.1    1.75     40388    1.9   2.4378e-01    1.9    53356
  283.7  1551.1   1.55     3.4    1.75      1496   43.9   9.0276e-03   43.9    53356
  288.4  1576.7   1.55     3.3    1.75      1300   53.2   7.8472e-03   53.2    50021
  296.0  1618.2   1.69   126.6    3.73    216218    0.8   1.3051e+00    0.8    49443
  300.2  1641.4   1.69     5.4    3.73      3378   25.7   2.0389e-02   25.7    49443
  308.5  1687.0   1.59   132.3    1.35    186462    0.5   1.1255e+00    0.5    39873
  316.6  1730.9   1.60   227.5    1.35    509502    0.3   3.0753e+00    0.3    39873
  328.4  1795.4   1.67     5.6    0.79      4231   12.7   2.5537e-02   12.7    36046
  334.3  1827.7   1.67     9.6    0.79      5518    9.8   3.3304e-02    9.8    36046
  338.4  1850.2   1.67    17.6    0.79     10260    5.6   6.1929e-02    5.6    33926
  351.9  1924.2   1.66    44.9    1.02     33911    2.1   2.0468e-01    2.1    29172
  361.1  1974.5   1.68    26.7    1.18     17494    3.7   1.0559e-01    3.7    29101
  371.2  2029.9   1.63    41.6    0.99     27240    2.2   1.6442e-01    2.2    25786
  374.4  2047.3   1.63     7.1    0.99      3736   13.3   2.2549e-02   13.3    25786
  380.1  2078.3   1.63     4.8    0.99      2274   22.6   1.3729e-02   22.6    25786
  397.3  2172.7   1.53    18.3    0.86      7220    7.2   4.3580e-02    7.2    22187
  407.2  2226.6   1.70    47.9    2.37     31308    2.5   1.8897e-01    2.5    24843
  416.5  2277.2   1.66     7.7    0.65      3132   14.9   1.8906e-02   14.9    21206
  420.7  2300.4   1.66     6.1    0.65      1793   25.1   1.0821e-02   25.1    22531
  431.6  2359.9   1.67     8.0    1.01      2557   18.9   1.5437e-02   18.9    19360
  447.7  2448.3   1.68     7.0    0.95      2487   19.2   1.5012e-02   19.2    18810
  463.0  2531.9   1.69     8.0    0.99      3213   15.6   1.9395e-02   15.6    15755
  468.1  2559.6   1.69   146.4    0.99    197435    0.5   1.1917e+00    0.5    16740
  477.9  2613.3   1.86     5.5    1.29      1817   22.6   1.0964e-02   22.6    16745
  484.6  2649.9   1.86    25.2    1.29     13795    3.2   8.3265e-02    3.2    16745
  489.2  2675.1   1.87     4.3    1.29      1464   28.1   8.8365e-03   28.1    16745
  502.7  2748.6   1.71     3.5    0.77      1044   38.9   6.3023e-03   38.9    14562
  511.0  2794.1   2.67    33.2    1.27     47557    1.6   2.8705e-01    1.6    21569
  518.6  2835.5   1.72    52.7    0.90     29778    1.9   1.7974e-01    1.9    12791
  539.2  2948.4   1.74     3.7    0.99      1113   33.4   6.7174e-03   33.4    11891
  558.0  3051.4   1.76    46.5    0.85     25411    1.7   1.5338e-01    1.7    10978
  562.4  3075.5   1.76     5.2    0.85      1438   21.2   8.6783e-03   21.2    10978
  569.4  3113.5   1.76    45.5    0.85     23917    1.8   1.4436e-01    1.8    10978
  583.2  3189.3   1.71    42.1    0.81     19053    2.2   1.1500e-01    2.2    10488
  588.6  3218.8   1.71    33.0    0.81     14204    2.8   8.5731e-02    2.8    10488
  604.9  3307.7   1.91    57.7    5.51     56196    1.6   3.3919e-01    1.6    10823
  609.3  3332.0   1.91    54.8    5.51     34826    1.9   2.1021e-01    1.9    10254
  612.5  3349.5   1.91    36.1    5.51     17070    3.6   1.0303e-01    3.6    10823
  631.0  3450.6   1.79     9.8    1.42      2291   15.2   1.3826e-02   15.2     8811
  656.1  3587.8   1.81     4.0    1.05       749   35.2   4.5201e-03   35.2     8593
  665.4  3638.9   1.81     5.8    1.05      1203   22.4   7.2612e-03   22.4     8593
  687.8  3761.4   1.83     3.4    0.95       709   44.3   4.2765e-03   44.3     8159
  727.1  3975.9   2.14    15.3    1.04      6614    5.7   3.9919e-02    5.7     8807
  755.4  4131.0   2.03     3.6    0.90       769   32.2   4.6389e-03   32.2     7714
  763.3  4174.2   2.03     3.3    0.90       516   48.1   3.1141e-03   48.1     7714
  768.5  4202.4   2.03    15.9    0.90      4931    5.6   2.9764e-02    5.6     7714
  772.4  4223.8   2.04     4.6    0.90       975   26.5   5.8867e-03   26.5     7714
  785.7  4296.4   1.89     6.0    0.99      1342   18.0   8.0972e-03   18.0     6835
  795.1  4347.8   1.89     9.6    0.99      2481    9.8   1.4978e-02    9.8     6475
  806.3  4409.5   1.92     3.5    0.99       855   32.1   5.1611e-03   32.1     6514
  810.9  4434.4   1.93    19.7    0.99      6251    5.0   3.7732e-02    5.0     6514
  829.2  4534.3   1.91     7.7    1.09      2126   11.1   1.2830e-02   11.1     6405
  835.2  4567.5   1.92     9.7    1.09      2992    8.1   1.8058e-02    8.1     6405
  839.6  4591.1   1.92     4.5    1.09      1340   16.4   8.0907e-03   16.4     6405
  847.0  4631.9   1.92     3.7    1.09       512   43.8   3.0902e-03   43.8     6405
  860.6  4706.4   1.79    12.1    0.92      2523   11.2   1.5226e-02   11.2     5375
  884.7  4837.9   1.95     3.7    1.18       511   54.4   3.0819e-03   54.4     6017
  904.3  4944.9   1.97     3.4    0.99       525   47.3   3.1693e-03   47.3     5960
  911.2  4983.1   1.98    38.9    0.99     15497    2.1   9.3541e-02    2.1     5960
  934.0  5107.9   1.88    10.4    0.79      2209   12.2   1.3332e-02   12.2     5192
  949.5  5192.2   1.99     3.4    1.55       649   43.8   3.9148e-03   43.8     5520
  964.7  5275.6   2.03    12.7    1.09      3196    9.2   1.9290e-02    9.2     5548
  969.0  5298.8   2.03    28.3    1.09      9372    3.6   5.6571e-02    3.6     5548
 1001.0  5474.2   2.02     4.7    1.16       889   30.2   5.3669e-03   30.2     5424
 1035.9  5665.1   2.04     4.3    1.40      1175   24.0   7.0946e-03   24.0     5484
 1120.2  6125.8   2.08    31.2    0.83     10096    3.3   6.0939e-02    3.3     5067
 1133.4  6198.1   2.10     3.5    0.93       459   55.9   2.7726e-03   55.9     4805
 1155.2  6317.1   2.11     5.5    0.79      1132   23.0   6.8308e-03   23.0     4871
 1173.0  6414.5   2.12     3.9    0.86       760   33.8   4.5888e-03   33.8     5126
 1238.0  6770.3   2.27    15.8    0.99      4332    7.1   2.6146e-02    7.1     5399
 1274.4  6969.5   2.21    45.4    1.09     19700    1.8   1.1891e-01    1.8     3585
 1280.8  7004.2   2.21     5.1    1.09       975   22.9   5.8822e-03   22.9     3756
 1332.5  7287.1   2.22     3.8    0.81       629   29.7   3.7944e-03   29.7     2691
 1377.5  7533.2   2.31    14.1    1.04      2597    6.7   1.5675e-02    6.7     1997
 1385.4  7576.2   2.31     3.7    1.04       475   31.6   2.8675e-03   31.6     1997
 1401.4  7663.8   2.48     4.9    0.93       798   21.1   4.8173e-03   21.1     1995
 1407.8  7698.8   2.49    10.1    0.93      1653   10.4   9.9764e-03   10.4     1995
 1460.6  7987.8   2.32   111.2    1.56    103659    0.6   6.2568e-01    0.6     1838
 1495.7  8179.7   2.32     4.9    0.86       520   25.5   3.1359e-03   25.5     1183
 1509.1  8252.5   2.33     9.4    0.83      1290   11.5   7.7892e-03   11.5     1236
 1538.7  8414.9   2.35     3.5    0.96       218   55.3   1.3188e-03   55.3     1063
 1543.1  8438.7   2.35     3.4    0.96       215   56.9   1.2998e-03   56.9     1063
 1582.5  8654.4   2.52     3.3    1.46       386   34.3   2.3300e-03   34.3     1140
 1588.0  8684.2   2.52    11.0    1.46      1531    9.7   9.2393e-03    9.7     1095
 1592.3  8707.9   2.52    11.0    1.46      1780    8.6   1.0747e-02    8.6     1095
 1620.6  8862.7   2.40     7.6    0.99       669   14.7   4.0361e-03   14.7      847
 1630.5  8916.6   2.40     8.5    0.99       840   12.2   5.0701e-03   12.2      847
 1637.7  8955.9   2.41     3.8    0.99       241   37.6   1.4565e-03   37.6      884
 1661.0  9083.5   2.42     5.6    1.02       543   21.8   3.2759e-03   21.8      797
 1683.6  9207.2   2.43     3.5    1.15       170   52.0   1.0291e-03   52.0      730
 1693.2  9259.6   2.44     3.4    1.15       174   52.7   1.0484e-03   52.7      700
 1729.4  9457.5   2.57    12.4    1.11      1734    7.9   1.0468e-02    7.9      733
 1764.3  9648.5   2.49    32.9    0.84      9483    2.2   5.7239e-02    2.2      762
 1838.1 10052.3   2.53     3.4    1.03       226   39.2   1.3626e-03   39.2      667
 1847.2 10102.0   2.53     9.5    1.03      1216    8.8   7.3423e-03    8.8      640
 2103.0 11501.1   2.69     9.4    1.47      1655   15.3   9.9872e-03   15.3      960
 2118.2 11584.1   2.70     6.5    0.74       699   14.9   4.2162e-03   14.9      579
 2203.6 12051.2   2.78    16.5    1.13      2821    5.3   1.7030e-02    5.3      624
 2293.1 12540.3   2.81     3.4    0.91       222   47.1   1.3380e-03   47.1      684
 2447.1 13382.4   2.69    10.2    0.88       802   12.0   4.8405e-03   12.0      415
 2613.7 14294.0   3.08    42.2    1.18     16632    1.5   1.0039e-01    1.5      105

   indicates the Iterative Peak Width fitting reached a limiting value.
