
                       be used for evaluation purposes
                                                            21-Mar-2019 12:27
                       _________________________________

                       P E A K     F I T     R E P O R T
                       _________________________________

 Spectrum file Analysed: BY03062019_Ir01_10cm_room131.Chn 
 Sample Title :          Ir01

 Spectrum saved on  7-Mar-2019 at  9:24    Collected on  6-Mar-2019 at  9:55
 Sample  Taken  on  6-Mar-2019 at  9:55    Decayed      0 Days,     0 mins.

            Detector file number used:     7
            Energy     Calibration Performed on  8-Mar-2019 at 12:07
            Peak Shape Calibration Performed on  8-Mar-2019 at 12:08

 

   Datetime:   6-Mar-2019   9:55
   Live:      74678.0 
   Mass:      177
   Shelf:     10
   Detector:      7

   Reported Activity values were rounded     
   FitzPeaks Version: 3.71 23rd January 2014           
                                                                                                     
              


 Peak   Centre   FW@HM         Goodness   Peak      %      Gammas       %      2 Sigma
Energy  Channel  (KeV)  Signif  of Fit    Area   Uncert.  per sec.   Uncert. Background

   36.1   191.8   0.89   103.3    1.23    274613    2.8   3.6773e+00    2.8   909235
   51.9   276.3   1.11    27.7  157.93    572367   29.1   7.6645e+00   29.1 11926498
   53.2   283.1   1.11    44.1  157.93    896475   19.0   1.2005e+01   19.0 11926498
   54.9   292.1   1.11    52.0  157.93    917399   18.7   1.2285e+01   18.7 11926498
   56.2   299.0   1.11    17.0  157.93    460549   36.4   6.1671e+00   36.4 11926498
   59.0   313.9   0.79   121.5   59.84    697440    6.1   9.3393e+00    6.1  7241138
   61.4   326.8   0.99  1134.2 1795.05  23542934    0.6   3.1526e+02    0.6  4968224
   63.1   335.7   1.00  2488.9 1795.05  87139312    0.5   1.1669e+03    0.5  4968224
   64.8   345.0   1.00  2760.3 1795.05  84675952    0.6   1.1339e+03    0.6  4968224
   66.6   354.6   1.00    62.1 1795.05    908211   13.5   1.2162e+01   13.5  4968224
   69.5   369.7   1.13   352.5 2249.61   3091675    6.3   4.1400e+01    6.3  1856111
   71.3   379.3   1.13   913.7 2249.61  14201893    1.3   1.9018e+02    1.3  1856111
   73.4   390.6   1.13  1386.5 2249.61  33954452    0.5   4.5468e+02    0.5  1856111
   75.5   401.7   1.13   617.5 2249.61  10255183    2.2   1.3733e+02    2.2  1856111
   82.4   438.5   0.96   644.4  154.59   4922498    0.3   6.5916e+01    0.3  1059213
   84.8   451.3   0.96   161.0  154.59    824198    3.9   1.1037e+01    3.9  1176903
   87.4   465.1   0.96    71.3  154.59    204997    6.3   2.7451e+00    6.3  1176903
   95.3   507.1   0.99    12.4   23.21    215134    3.4   2.8808e+00    3.4   994832
   96.5   513.9   0.99   502.5   23.21   3287829    0.3   4.4027e+01    0.3   994832
  122.1   649.8   1.04    26.4   11.31     56477   22.4   7.5627e-01   22.4  1260083
  124.7   663.7   1.04     8.7   11.31     27377   46.8   3.6660e-01   46.8  1260083
  126.4   672.8   1.04    27.3   11.31    138478    9.5   1.8543e+00    9.5  1260083
  128.1   681.8   1.05     3.5   11.31    293409    4.3   3.9290e+00    4.3  1260083
  129.5   689.3   1.05   512.2   11.31   3273873    0.4   4.3840e+01    0.4  1386091
  122.1   649.8   1.04    26.4   10.30     58492   21.5   7.8325e-01   21.5  1258129
  124.7   663.7   1.04     8.7   10.30     27888   45.7   3.7344e-01   45.7  1258129
  126.4   672.7   1.05    27.3   10.30    138174    9.5   1.8503e+00    9.5  1383942
  128.0   681.7   1.05     3.5   10.30    289279    4.4   3.8737e+00    4.4  1383942
  129.5   689.3   1.05   512.2   10.30   3280396    0.4   4.3927e+01    0.4  1383942
  134.8   717.8   1.22     5.2    7.65     26133   21.0   3.4994e-01   21.0  1157839
  136.5   726.9   1.23    25.0    7.65    168214    3.3   2.2525e+00    3.3  1157839
  138.2   735.8   1.23    63.1    7.65    327044    1.8   4.3794e+00    1.8  1157839
  140.8   749.4   1.23    33.6    7.65    110949    5.1   1.4857e+00    5.1  1157839
  145.7   775.8   1.06     6.6    0.99     25110   22.5   3.3624e-01   22.5   955333
  147.1   783.4   1.06    41.9    0.99    124757    4.7   1.6706e+00    4.7   955333
  149.8   797.8   1.07    20.3    0.99     54499   10.5   7.2979e-01   10.5   868485
  155.2   826.1   1.10    30.6    1.28     87494    4.0   1.1716e+00    4.0   935991
  159.8   850.9   1.07     6.9    2.43     23712   13.4   3.1753e-01   13.4   834881
  161.4   859.3   1.07    12.6    2.43     35812    8.9   4.7955e-01    8.9   918369
  164.1   873.7   1.07    18.4    2.43     43511    7.2   5.8265e-01    7.2   918369
  172.3   917.3   1.09   487.9    4.42   3075864    0.2   4.1188e+01    0.2   906725
  179.0   953.4   1.09   212.5    1.27    860210    0.5   1.1519e+01    0.5   913749
  186.8   994.6   1.12   718.5   10.99   7119452    0.2   9.5335e+01    0.2   855778
  187.9  1000.5   1.13    21.1   10.99    342597    3.0   4.5877e+00    3.0   855778
  190.6  1015.1   1.13    12.2   10.99     18440   52.8   2.4693e-01   52.8   933575
  195.0  1038.4   1.14     7.7    1.71     29774   12.5   3.9870e-01   12.5   782113
  197.0  1049.1   1.14     3.9    1.71    589965    0.6   7.9001e+00    0.6   853214
  198.0  1054.6   1.14   122.5    1.71    254638    1.5   3.4098e+00    1.5   782113
  199.3  1061.3   1.14    20.7    1.71     27928   12.8   3.7398e-01   12.8   782113
  201.4  1072.5   1.15    11.8    1.71     29197   12.4   3.9097e-01   12.4   782113
  206.0  1096.8   1.26    70.4    2.73    281259    1.4   3.7663e+00    1.4   763753
  207.9  1107.2   1.26    33.1    2.73    178524    2.1   2.3906e+00    2.1   763753
  208.9  1112.5   1.26     8.8    2.73    125597    3.0   1.6819e+00    3.0   827400
  216.8  1154.3   1.16    81.3    2.59    242695    1.4   3.2499e+00    1.4   618459
  219.7  1169.9   1.16   208.1    2.59    897802    0.4   1.2022e+01    0.4   674682
  221.8  1181.3   1.17    25.9    2.59    100030    3.1   1.3395e+00    3.1   618459
  223.9  1192.2   1.17   152.1    2.59    553544    0.7   7.4124e+00    0.7   674682
  233.7  1244.6   1.17    50.6    2.61    146586    1.9   1.9629e+00    1.9   542763
  235.6  1254.6   1.17    22.9    2.61     78978    3.6   1.0576e+00    3.6   542763
  237.1  1262.6   1.18    10.8    2.61     44924    5.9   6.0157e-01    5.9   542763
  239.9  1277.4   1.18     4.8    2.61      7991   32.6   1.0701e-01   32.6   542763
  242.3  1290.2   1.18     3.3    2.61     10246   25.3   1.3720e-01   25.3   592105
  245.2  1305.9   1.18   410.4    2.61   2724923    0.2   3.6489e+01    0.2   592105
  248.2  1322.0   1.19     8.7    2.61     38615    7.2   5.1709e-01    7.2   592105
  249.7  1329.6   1.19    12.8    2.61     44262    6.4   5.9271e-01    6.4   542763
  258.2  1375.0   1.16     4.0    2.29     13142   18.3   1.7598e-01   18.3   473428
  260.0  1384.7   1.17     3.7    2.29     10631   22.7   1.4236e-01   22.7   433976
  268.1  1427.7   1.19    13.9    1.34    570290    0.6   7.6366e+00    0.6   432049
  268.9  1432.0   1.20   258.9    1.34   1147921    0.3   1.5372e+01    0.3   432049
  276.1  1470.1   1.20   104.6    0.81    218463    1.2   2.9254e+00    1.2   413806
  283.2  1507.9   1.20    31.7    1.64     56412    4.8   7.5541e-01    4.8   393772
  288.5  1536.1   1.21    58.0    1.64    104309    2.5   1.3968e+00    2.5   393772
  294.8  1570.1   1.24    40.7    3.09    660169    0.5   8.8402e+00    0.5   366696
  296.1  1576.9   1.24   299.2    3.09   1512923    0.3   2.0259e+01    0.3   366696
  308.6  1643.5   1.26   357.2    7.16   1544430    0.3   2.0681e+01    0.3   367220
  316.7  1686.4   1.27   613.0   21.64   4169109    0.2   5.5828e+01    0.2   359174
  328.7  1750.3   1.50     8.5    3.13     13379   13.6   1.7916e-01   13.6   399740
  333.2  1774.5   1.50     5.0    3.13     14443   13.9   1.9340e-01   13.9   399740
  339.2  1806.2   1.51     3.4    3.13      5179   33.4   6.9348e-02   33.4   373091
  343.5  1829.4   1.51    10.8    3.13     23619    7.9   3.1627e-01    7.9   399740
  351.4  1871.2   1.31   388.8   10.12   1909920    0.2   2.5575e+01    0.2   335687
  360.1  1917.8   1.33   420.5   11.23   3260672    0.3   4.3663e+01    0.3   333074
  361.3  1924.1   1.33    30.5   11.23   1077870    0.5   1.4434e+01    0.5   333074
  363.8  1937.3   1.34     3.4   11.23      6113   38.6   8.1857e-02   38.6   333074
  371.4  1978.1   1.33   444.3    7.48   1866505    0.3   2.4994e+01    0.3   287359
  374.7  1995.3   1.34    20.8    7.48     32631    6.0   4.3695e-01    6.0   287359
  380.2  2024.9   1.34    90.9    7.48    165426    1.4   2.2152e+00    1.4   287359
  394.7  2102.2   1.36     5.9    4.01      8088   27.5   1.0831e-01   27.5   221452
  397.6  2117.3   1.36   205.2    4.01    516926    0.6   6.9221e+00    0.6   221452
  407.4  2169.7   1.39   387.2   45.65   2156806    0.3   2.8881e+01    0.3   221937
  409.6  2181.7   1.39   604.3   45.65   3911589    0.2   5.2379e+01    0.2   221937
  416.5  2218.0   1.43    22.9    4.13     33050    7.1   4.4256e-01    7.1   220619
  420.9  2241.5   1.44    59.8    4.13     97374    2.4   1.3039e+00    2.4   220619
  423.3  2254.6   1.44     5.6    4.13     39383    5.9   5.2737e-01    5.9   220619
  424.9  2262.7   1.44    27.0    4.13     58872    4.0   7.8834e-01    4.0   220619
  431.9  2299.9   1.41   100.9    8.09    179217    1.5   2.3999e+00    1.5   185137
  442.5  2356.8   1.40     6.6    1.46      8441   15.7   1.1304e-01   15.7   132518
  445.3  2371.3   1.40    23.1    1.46     28711    5.0   3.8447e-01    5.0   132518
  448.0  2386.0   1.41   119.4    1.46    182615    0.9   2.4454e+00    0.9   132518
  456.7  2432.2   1.43   400.2   15.99   1505209    0.4   2.0156e+01    0.4   122047
  458.9  2444.0   1.44     7.8   15.99     23453    8.6   3.1406e-01    8.6   122047
  468.3  2493.9   1.45   424.6    9.74   1745515    0.4   2.3374e+01    0.4   101056
  470.5  2506.1   1.46    12.4    9.74     23915    7.7   3.2024e-01    7.7   101056
  472.7  2517.3   1.46    10.8    9.74     30007    6.0   4.0182e-01    6.0   101056
  474.4  2526.5   1.46    30.5    9.74     40929    4.6   5.4807e-01    4.6   108274
  478.1  2546.2   1.47    96.2    9.74    138303    1.4   1.8520e+00    1.4   101056
  480.2  2557.5   1.47     9.6    9.74     23727    7.6   3.1772e-01    7.6   108274
  483.1  2573.0   1.47    13.0    9.74     18116   10.9   2.4259e-01   10.9   101056
  484.9  2582.7   1.47    86.0    9.74    139211    1.6   1.8642e+00    1.6   108274
  489.3  2605.9   1.39     4.1    1.88     12390    9.6   1.6591e-01    9.6    78529
  491.0  2615.0   1.39    41.3    1.88     40220    3.0   5.3858e-01    3.0    78529
  494.9  2635.6   1.40    29.3    1.88     24976    4.6   3.3445e-01    4.6    72920
  502.8  2677.7   1.45    69.4    1.55     77478    1.2   1.0375e+00    1.2    67038
  511.1  2721.9   2.92     8.4    1.55     22840    6.3   3.0584e-01    6.3   134076
  518.7  2762.5   1.52   441.2   21.82   2155737    0.3   2.8867e+01    0.3    70584
  521.5  2777.2   1.52     4.5   21.82     19458    8.1   2.6055e-01    8.1    70584
  530.0  2822.8   1.48     5.8    1.37      3938   37.2   5.2738e-02   37.2    66622
  539.1  2871.3   1.53   699.4   88.42   5624430    0.3   7.5316e+01    0.3    70202
  541.9  2886.2   1.53    62.6   88.42    160505    2.0   2.1493e+00    2.0    70202
  548.0  2918.5   1.45    13.4    2.15     10493    9.6   1.4051e-01    9.6    75620
  558.2  2972.8   1.55   395.6   24.48   1854638    0.5   2.4835e+01    0.5    63627
  562.2  2994.1   1.56     3.9   24.48      6136   26.4   8.2166e-02   26.4    63627
  569.5  3033.2   1.56   369.0   30.81   1706508    0.3   2.2852e+01    0.3    66888
  576.7  3071.4   1.66    42.2    6.33     46424    2.8   6.2165e-01    2.8    67228
  580.1  3089.6   1.66     4.7    6.33      8277   14.1   1.1084e-01   14.1    67228
  581.5  3097.1   1.66     9.0    6.33     13767    8.4   1.8435e-01    8.4    67228
  583.8  3109.1   1.67    31.7    6.33     29241    4.5   3.9156e-01    4.5    67228
  588.7  3135.2   1.67    93.9    6.33    182617    0.8   2.4454e+00    0.8    67228
  594.0  3163.8   1.68    20.4    6.33     22517    5.1   3.0152e-01    5.1    67228
  605.4  3224.2   1.66   392.7   93.09   2569651    0.4   3.4410e+01    0.4    70106
  612.7  3263.1   1.62   101.9    3.05    176397    1.0   2.3621e+00    1.0    59522
  615.5  3278.3   1.63    30.5    3.05     34403    4.7   4.6068e-01    4.7    59522
  612.7  3263.0   1.61   101.9   10.34    174302    1.0   2.3340e+00    1.0    56278
  615.5  3278.1   1.62    30.5   10.34     30658    4.5   4.1054e-01    4.5    56278
  620.6  3305.3   1.62     5.5   10.34      9200   14.7   1.2320e-01   14.7    56278
  624.3  3325.1   1.63   187.6   10.34    522168    0.4   6.9923e+00    0.4    56278
  628.8  3349.1   1.63    32.9   10.34     49964    2.8   6.6906e-01    2.8    56278
  631.3  3362.3   1.63    96.9   10.34    195414    0.9   2.6167e+00    0.9    56278
  633.2  3372.7   1.64    11.3   10.34     33418    4.7   4.4750e-01    4.7    56278
  640.9  3413.3   1.61     4.1    1.60      2932   42.8   3.9267e-02   42.8    35853
  656.2  3495.2   1.64    56.1    1.20     63019    1.3   8.4387e-01    1.3    31790
  659.1  3510.6   1.65     8.1    1.20      5629   12.5   7.5371e-02   12.5    31790
  668.0  3557.8   1.97    15.1    5.96     18085   12.0   2.4217e-01   12.0    45054
  677.0  3605.5   1.99     6.6    1.58      6936   10.1   9.2885e-02   10.1    25762
  679.9  3621.4   1.99     4.2    1.58      5016   13.9   6.7164e-02   13.9    25762
  687.7  3662.9   2.00     3.7    1.58      5166   13.1   6.9172e-02   13.1    25762
  690.2  3676.0   2.00    15.3    1.58     15246    4.6   2.0416e-01    4.6    27117
  705.3  3756.4   1.61    20.3    1.17     11014    4.5   1.4748e-01    4.5    15881
  709.3  3777.5   1.61     9.6    1.17      3909   11.6   5.2348e-02   11.6    15881
  726.6  3869.6   1.74   101.0    3.22    188206    0.6   2.5202e+00    0.6    15626
  731.2  3894.1   1.74     4.0    3.22      1425   37.1   1.9078e-02   37.1    15626
  740.5  3943.9   1.72    22.4    1.18      9092    4.6   1.2175e-01    4.6    13312
  744.5  3965.0   1.72    11.7    1.18      3512   11.1   4.7035e-02   11.1    13312
  748.1  3984.6   1.73     7.2    1.18      1180   34.5   1.5800e-02   34.5    14144
  756.1  4026.9   1.76    24.4    1.79     10550    4.1   1.4127e-01    4.1    13156
  762.8  4063.0   1.77    11.7    1.79      3914    9.9   5.2411e-02    9.9    13156
  768.9  4095.1   1.78   105.4    1.79    108126    0.8   1.4479e+00    0.8    13156
  778.3  4145.3   1.81     3.4    1.27       805   44.6   1.0778e-02   44.6    12453
  784.7  4179.4   1.82    31.2    1.27     14553    2.9   1.9488e-01    2.9    12453
  789.0  4202.4   1.82     6.0    1.27      1363   26.3   1.8258e-02   26.3    12453
  792.1  4218.7   1.83    21.0    1.27      9475    4.4   1.2688e-01    4.4    13185
  802.2  4272.5   1.76     3.6    1.29       734   42.3   9.8308e-03   42.3    11063
  806.4  4295.2   1.77     3.9    1.29       574   51.1   7.6842e-03   51.1    11063
  811.1  4319.8   1.77    31.0    1.29     14494    2.5   1.9408e-01    2.5    11063
  817.8  4355.6   1.78     5.1    1.29       903   34.6   1.2096e-02   34.6    11063
  822.0  4378.2   1.79    26.5    1.29     11399    3.3   1.5264e-01    3.3    11063
  829.2  4416.6   1.93   122.2    8.10    185923    0.8   2.4897e+00    0.8    11633
  839.4  4470.9   1.84    64.3    1.55     48397    1.1   6.4807e-01    1.1     9892
  847.0  4511.5   1.84     9.6    1.55      2662   11.9   3.5651e-02   11.9     9343
  852.9  4542.5   1.85     3.4    1.55      1141   26.6   1.5275e-02   26.6     9343
  864.0  4601.8   1.88     4.7    0.91      1594   19.5   2.1344e-02   19.5     7868
  884.8  4712.5   1.95    19.1    1.39      7204    3.9   9.6461e-02    3.9     7171
  889.8  4739.3   1.95    11.9    1.39      5519    4.8   7.3907e-02    4.8     7171
  892.2  4751.8   1.96     6.0    1.39      1749   13.0   2.3418e-02   13.0     7171
  899.9  4792.8   1.96     3.8    1.39      1530   14.8   2.0488e-02   14.8     7171
  904.1  4815.3   1.97     3.5    1.39       786   27.9   1.0524e-02   27.9     7171
  913.1  4863.1   1.98     5.4    1.39      1021   20.7   1.3666e-02   20.7     7171
  917.1  4884.4   1.98    15.5    1.39      4866    5.2   6.5163e-02    5.2     7171
  921.1  4905.8   1.99     7.7    1.39      1751   12.6   2.3450e-02   12.6     7171
  925.8  4931.1   2.00    18.6    1.39      6616    4.1   8.8590e-02    4.1     7171
  935.7  4983.6   1.96    16.4    1.71      5806    5.6   7.7748e-02    5.6     5812
  948.5  5051.7   1.94     9.5    1.01      2072   10.2   2.7740e-02   10.2     4880
  952.6  5073.7   1.95    13.5    1.01      3420    6.4   4.5802e-02    6.4     4880
  955.5  5089.1   1.95    10.9    1.01      2490    8.5   3.3346e-02    8.5     4623
  965.4  5142.1   1.96     3.6    1.01       478   40.4   6.4036e-03   40.4     4880
  976.6  5201.6   1.95    42.4    1.15     15945    2.2   2.1352e-01    2.2     4547
  988.4  5264.4   2.02     3.5    1.42       526   46.2   7.0445e-03   46.2     4309
 1011.8  5389.0   2.10     3.5    2.84       541   34.9   7.2443e-03   34.9     3407
 1017.2  5417.7   2.11     8.1    2.84      2037   10.0   2.7284e-02   10.0     3407
 1026.0  5464.8   2.12     7.9    2.84      1249   15.0   1.6722e-02   15.0     3407
 1036.3  5519.6   2.13   100.1    2.84     91369    0.8   1.2235e+00    0.8     3577
 1061.8  5655.2   2.11     6.4    1.04      1004   20.0   1.3445e-02   20.0     2876
 1076.6  5734.0   2.11    17.3    1.26      3952    5.9   5.2917e-02    5.9     2803
 1087.8  5794.1   2.25    17.7    1.88      4055    5.4   5.4297e-02    5.4     3121
 1097.6  5846.0   2.26     5.5    1.88      1782   11.1   2.3860e-02   11.1     3121
 1123.8  5985.7   2.09    26.6    1.04      7417    3.3   9.9322e-02    3.3     2201
 1134.1  6040.6   2.21    38.4    1.17     15617    1.8   2.0913e-01    1.8     2079
 1142.0  6082.5   2.22     3.5    1.17       519   30.2   6.9561e-03   30.2     2079
 1147.8  6113.2   2.22    17.3    1.17      4470    4.8   5.9851e-02    4.8     2079
 1150.7  6129.0   2.23     6.0    1.17      1901    9.1   2.5457e-02    9.1     2178
 1163.2  6195.6   2.24    26.9    1.82      7819    3.4   1.0471e-01    3.4     1965
 1174.9  6257.5   2.24     4.5    0.86       949   17.5   1.2702e-02   17.5     1785
 1200.5  6394.3   2.27    36.1    1.08     15407    1.7   2.0631e-01    1.7     1611
 1210.1  6445.2   2.29    15.7    1.08      4015    4.7   5.3761e-02    4.7     1688
 1222.8  6512.9   2.30     5.7    1.15       958   13.2   1.2834e-02   13.2     1405
 1233.8  6571.7   2.31     3.8    1.15       411   28.8   5.5085e-03   28.8     1405
 1238.6  6597.2   2.32     9.6    1.15      1441    9.8   1.9297e-02    9.8     1405
 1250.5  6660.3   2.33     4.5    1.08       323   40.4   4.3211e-03   40.4     1243
 1284.5  6841.4   2.37     3.6    0.96       191   58.3   2.5562e-03   58.3      954
 1314.9  7003.3   2.45     4.0    0.99       489   20.3   6.5466e-03   20.3      906
 1324.7  7055.4   2.46    41.9    0.99     16007    1.5   2.1434e-01    1.5      906
 1333.0  7100.1   2.47     3.3    0.99       318   32.1   4.2582e-03   32.1      946
 1355.9  7221.7   2.33    13.0    0.82      1657    8.0   2.2192e-02    8.0      817
 1377.9  7338.9   2.51    21.5    1.20      3979    3.8   5.3286e-02    3.8      719
 1387.2  7388.8   2.53    21.5    1.20      4773    3.2   6.3909e-02    3.2      719
 1397.4  7442.9   2.54    22.9    1.20      4912    3.5   6.5777e-02    3.5      719
 1434.7  7641.3   2.84    13.4    1.18      2887    5.3   3.8663e-02    5.3      738
 1452.8  7738.0   2.57     4.8    0.88       370   25.4   4.9511e-03   25.4      631
 1457.8  7764.7   2.57     4.7    0.88       548   17.9   7.3390e-03   17.9      631
 1461.6  7785.1   2.58     6.4    0.88       345   27.7   4.6182e-03   27.7      631
 1465.7  7806.7   2.58     6.6    0.88       363   26.9   4.8670e-03   26.9      631
 1495.3  7964.2   2.65    13.6    0.98      1926    6.0   2.5797e-02    6.0      528
 1503.1  8005.7   2.66     5.6    0.98       448   20.7   5.9974e-03   20.7      528
 1549.1  8250.9   2.68     3.4    0.81       129   56.4   1.7227e-03   56.4      500
 1559.4  8305.8   2.69     3.9    0.81       249   30.9   3.3403e-03   30.9      500
 1574.9  8388.1   2.71     7.7    1.22       759   13.3   1.0161e-02   13.3      466
 1618.6  8621.3   2.76     3.5    0.98       194   45.0   2.6044e-03   45.0      481
 1687.4  8987.3   2.99     3.4    1.11       272   26.5   3.6456e-03   26.5      485
 1703.6  9073.9   3.01     3.4    1.11       287   24.1   3.8377e-03   24.1      485
 1716.1  9140.5   3.02    12.9    1.11      1825    5.4   2.4443e-02    5.4      502
 1758.2  9364.6   2.93     3.8    1.19       208   36.6   2.7844e-03   36.6      451
 1772.0  9438.1   2.94     4.8    1.19       300   25.4   4.0198e-03   25.4      467
 1802.2  9599.2   2.98     3.5    0.99       236   38.5   3.1669e-03   38.5      482
 1919.8 10225.3   3.11     8.2    0.89       570   15.8   7.6275e-03   15.8      376
 1944.1 10355.1   3.14     9.7    0.90       990   10.0   1.3257e-02   10.0      391
 2011.8 10715.7   3.22     3.7    1.18       189   36.0   2.5260e-03   36.0      247
 2035.6 10842.5   3.08     3.4    1.38       113   45.5   1.5082e-03   45.5      232
 2050.1 10919.5   3.10    12.3    1.38      1103    7.2   1.4767e-02    7.2      232
 2060.0 10972.1   3.11    13.7    1.38      1606    5.8   2.1499e-02    5.8      240
 2098.2 11175.6   3.32     9.4    2.50      2268    5.8   3.0377e-02    5.8      219
 2194.0 11686.1   3.44     7.4    1.11       580   10.2   7.7602e-03   10.2       72
 2215.0 11798.0   3.40    23.3    1.06      4304    3.2   5.7631e-02    3.2      166
 2348.2 12507.6   3.62     4.4    1.03       155   26.3   2.0757e-03   26.3       61
 2598.8 13842.0   3.91     4.2    0.93       191   17.5   2.5588e-03   17.5       33
 2614.6 13926.5   3.93     3.5    0.93       129   24.8   1.7236e-03   24.8       34

   indicates the Iterative Peak Width fitting reached a limiting value.
