
                       be used for evaluation purposes
                                                            10-Mar-2019 12:57
                       _________________________________

                       P E A K     F I T     R E P O R T
                       _________________________________

 Spectrum file Analysed: BZ03032019_32cm_Ir01_HPGE2.Chn   
 Sample Title :          Ir01

 Spectrum saved on  3-Mar-2019 at  1:55    Collected on  1-Mar-2019 at 17:02
 Sample  Taken  on  1-Mar-2019 at 17:02    Decayed      0 Days,     0 mins.

            Detector file number used:     2
            Energy     Calibration Performed on  8-Mar-2019 at 11:34
            Peak Shape Calibration Performed on  8-Mar-2019 at 11:35

 

   Datetime:   1-Mar-2019  17:02
   Live:      104667. 
   Mass:      177
   Shelf:     30
   Detector:      2

   Reported Activity values were rounded     
   FitzPeaks Version: 3.71 23rd January 2014           
                                                                                                     
              


 Peak   Centre   FW@HM         Goodness   Peak      %      Gammas       %      2 Sigma
Energy  Channel  (KeV)  Signif  of Fit    Area   Uncert.  per sec.   Uncert. Background

   36.5   198.2   1.07     4.6    1.16      9628   48.0   9.1987e-02   48.0  1451904
   61.5   335.3   1.14   264.3  665.49   5196398    1.0   4.9647e+01    1.0  2917592
   63.2   344.8   1.14  1385.4  665.49  32476000    0.4   3.1028e+02    0.4  3182828
   64.9   354.0   1.14  1925.6  665.49  43757500    0.3   4.1806e+02    0.3  3182828
   69.6   379.6   1.25    91.3   57.37    797162    2.3   7.6162e+00    2.3   932717
   71.4   389.2   1.26   375.5   57.37   3556827    0.5   3.3982e+01    0.5   932717
   73.5   400.8   1.26  1145.3   57.37  17988888    0.3   1.7187e+02    0.3   932717
   75.6   412.6   1.26   547.0   57.37   5369771    0.4   5.1303e+01    0.4   932717
   77.8   424.3   1.26     4.7   57.37     68703   26.0   6.5640e-01   26.0   932717
   82.5   450.0   1.10   556.8   17.39   2983568    0.2   2.8505e+01    0.2   565413
   84.9   463.5   1.10    78.5   17.39    197236    2.6   1.8844e+00    2.6   518296
   87.5   477.5   1.10    29.9   17.39     52436    9.7   5.0098e-01    9.7   518296
   94.4   515.4   1.13    23.0    8.45     89635    9.9   8.5638e-01    9.9   520214
   96.6   527.3   1.13   442.4    8.45   2219930    0.4   2.1209e+01    0.4   520214
  113.8   621.4   1.14    21.8    0.79     41927    6.6   4.0058e-01    6.6   550645
  122.1   666.8   1.21    10.3    0.88     21185   15.5   2.0241e-01   15.5   615124
  129.5   707.4   1.16   467.6    6.68   2224326    0.2   2.1251e+01    0.2   543686
  136.6   746.4   1.20     4.4    2.43     20287   14.7   1.9383e-01   14.7   592668
  138.2   755.2   1.21    18.7    2.43     54078    5.5   5.1667e-01    5.5   547078
  141.1   770.7   1.21    53.0    2.43    114566    2.5   1.0946e+00    2.5   547078
  147.2   804.2   1.11    13.8    1.89     20276   10.1   1.9371e-01   10.1   564249
  150.0   819.7   1.12     7.2    1.89     16559   13.1   1.5820e-01   13.1   517229
  155.1   847.7   1.12    15.6    1.89     28811    7.3   2.7526e-01    7.3   517229
  164.2   897.3   1.19     7.4    0.69     13798   17.5   1.3182e-01   17.5   579503
  172.3   941.8   1.19   466.5    3.46   2323918    0.2   2.2203e+01    0.2   561685
  176.5   964.6   1.19     5.4    3.46     11190   25.5   1.0691e-01   25.5   561685
  179.1   978.8   1.19   205.1    3.46    640461    0.5   6.1190e+00    0.5   561685
  186.8  1021.2   1.22   418.1    3.02   2317003    0.2   2.2137e+01    0.2   511823
  187.8  1026.8   1.23    14.8    3.02    252411    1.4   2.4116e+00    1.4   511823
  190.7  1042.6   1.23     4.6    3.02      7444   38.5   7.1123e-02   38.5   554475
  197.1  1077.3   1.20    64.1    0.56    174722    3.3   1.6693e+00    3.3   480073
  198.1  1082.9   1.20    10.4    0.56     65573    8.6   6.2649e-01    8.6   480073
  206.0  1126.4   1.34    30.0    1.10     71137    3.6   6.7965e-01    3.6   433161
  208.0  1137.0   1.34     7.7    1.10     55143    4.7   5.2685e-01    4.7   466481
  209.0  1142.7   1.34    27.6    1.10     89850    2.9   8.5844e-01    2.9   433161
  216.8  1185.4   1.25    38.5    1.61     72355    2.9   6.9129e-01    2.9   356861
  219.8  1201.6   1.25   184.5    1.61    548851    0.4   5.2438e+00    0.4   356861
  221.9  1213.4   1.25    22.0    1.61     75138    2.6   7.1787e-01    2.6   356861
  223.9  1224.1   1.25    93.0    1.61    222682    1.0   2.1275e+00    1.0   329410
  228.4  1248.6   1.26     7.0    1.61     11687   16.5   1.1166e-01   16.5   356861
  233.8  1278.1   1.22    25.3    0.96     41620    4.2   3.9764e-01    4.2   286856
  235.7  1288.9   1.22     9.8    0.96     17119   10.0   1.6356e-01   10.0   286856
  238.7  1305.4   1.23    11.1    0.96     15211   11.7   1.4533e-01   11.7   310761
  243.5  1331.4   1.26     9.4    2.82     59671    4.3   5.7010e-01    4.3   287786
  245.3  1341.1   1.26   233.3    2.82    785663    0.4   7.5063e+00    0.4   265648
  268.7  1469.4   1.54   245.3  115.67   1233570    0.7   1.1786e+01    0.7   231107
  276.1  1509.9   1.29    45.8    1.23     62317    2.0   5.9539e-01    2.0   189704
  277.7  1518.7   1.29     6.9    1.23     14032    8.6   1.3406e-01    8.6   189704
  283.2  1548.8   1.29    13.2    1.23     16036    7.3   1.5321e-01    7.3   189704
  288.4  1577.5   1.30    28.0    1.23     33230    3.6   3.1749e-01    3.6   189704
  294.8  1612.1   1.36    16.7    7.05    202726    1.3   1.9369e+00    1.3   185764
  296.1  1619.2   1.36   125.0    7.05    385011    0.7   3.6784e+00    0.7   185764
  300.5  1643.6   1.37    27.8    7.05     34662    5.1   3.3116e-01    5.1   172495
  308.6  1687.7   1.32   173.2    2.34    362491    0.6   3.4633e+00    0.6   163700
  316.6  1731.8   1.36   305.3    2.30    981933    0.5   9.3815e+00    0.5   179394
  328.6  1797.2   1.35    63.4    1.60     88841    1.9   8.4879e-01    1.9   171964
  334.0  1826.9   1.34     3.4    1.22      2834   40.4   2.7076e-02   40.4   175424
  338.5  1851.3   1.35     4.9    1.22      3940   27.6   3.7644e-02   27.6   175424
  343.4  1878.4   1.35     8.3    1.22      7814   14.6   7.4655e-02   14.6   162894
  351.3  1921.5   1.38   337.5    3.22   1296806    0.2   1.2390e+01    0.2   166883
  360.0  1969.2   1.38   420.8    6.75   2223013    0.3   2.1239e+01    0.3   174339
  361.2  1975.7   1.39    20.4    6.75    303299    1.0   2.8978e+00    1.0   174339
  371.3  2031.1   1.37   239.7    4.07    542720    0.4   5.1852e+00    0.4   123762
  374.6  2049.1   1.38     8.3    4.07      5442   25.5   5.1990e-02   25.5   123762
  380.1  2079.3   1.38    47.0    4.07     48984    3.0   4.6800e-01    3.0   123762
  397.4  2174.1   1.41   108.3    1.55    149365    1.0   1.4270e+00    1.0    98873
  404.2  2211.1   1.42     7.8   11.65     16361    8.9   1.5632e-01    8.9    89938
  407.2  2227.7   1.43   172.9   11.65    624104    0.4   5.9628e+00    0.4    89938
  409.5  2240.1   1.43   517.2   11.65   2635359    0.3   2.5179e+01    0.3    89938
  416.4  2277.9   1.46     7.3    1.86      5843   16.1   5.5823e-02   16.1    73672
  420.7  2301.5   1.46    31.8    1.86     27614    3.7   2.6383e-01    3.7    78934
  424.0  2319.5   1.47     3.9    1.86      4887   20.4   4.6690e-02   20.4    78934
  431.7  2361.3   1.46    55.3    0.82     54421    1.9   5.1994e-01    1.9    65390
  445.1  2435.1   1.42    24.4    1.07     17282    5.1   1.6511e-01    5.1    50492
  447.8  2449.9   1.42    62.4    1.07     50977    1.8   4.8704e-01    1.8    50492
  456.5  2497.3   1.46   334.6   14.30    966841    0.4   9.2373e+00    0.4    59821
  463.2  2534.1   1.47     3.7    3.50      2253   37.5   2.1523e-02   37.5    40751
  468.1  2560.7   1.47   201.0    3.50    376636    0.4   3.5984e+00    0.4    43662
  473.6  2591.0   1.51     3.6    3.31      2213   33.1   2.1147e-02   33.1    38663
  477.9  2614.3   1.51    49.0    3.31     39305    2.2   3.7552e-01    2.2    38663
  480.0  2625.7   1.51    16.9    3.31     14080    5.1   1.3452e-01    5.1    38663
  484.7  2651.8   1.52    38.9    3.31     32121    2.6   3.0689e-01    2.6    38663
  484.7  2651.9   1.60    38.9    1.33     34238    2.5   3.2711e-01    2.5    36112
  489.0  2675.0   1.60     5.3    1.33      2028   33.3   1.9379e-02   33.3    36112
  490.7  2684.7   1.60    20.3    1.33     13393    5.2   1.2796e-01    5.2    36112
  494.6  2705.9   1.61    25.3    1.33     17993    4.0   1.7191e-01    4.0    36112
  502.5  2749.4   1.49    33.4    1.74     21505    3.5   2.0546e-01    3.5    31085
  510.9  2795.2   3.04    21.7    9.34     54605    4.7   5.2170e-01    4.7    62190
  518.5  2836.5   1.54   242.0    9.34    599910    0.4   5.7316e+00    0.4    32167
  538.9  2948.2   1.53   591.5   28.97   3532404    0.2   3.3749e+01    0.2    23353
  541.7  2963.5   1.53    57.1   28.97     92154    2.3   8.8045e-01    2.3    23353
  544.9  2981.3   1.53    40.5   28.97     27797    6.9   2.6558e-01    6.9    23353
  557.9  3052.5   1.55   240.6    7.56    498607    0.5   4.7637e+00    0.5    18347
  569.2  3114.3   1.59   230.7   10.08    505037    0.5   4.8252e+00    0.5    17845
  576.4  3153.8   1.57    49.0    1.25     28484    2.0   2.7214e-01    2.0    14881
  583.4  3191.9   1.69    46.1    1.78     29167    2.0   2.7867e-01    2.0    14395
  588.2  3218.4   1.70    65.3    1.78     60501    1.1   5.7803e-01    1.1    15295
  594.1  3250.7   1.70     4.1    1.78      1359   33.3   1.2989e-02   33.3    15295
  605.1  3310.7   1.64   250.4   13.06    671948    0.6   6.4199e+00    0.6    17063
  607.6  3324.4   1.64     7.2   13.06     25646    4.1   2.4502e-01    4.1    18129
  609.2  3333.1   1.64    24.1   13.06     21266    5.0   2.0318e-01    5.0    17063
  612.4  3350.7   1.65    52.5   13.06     30988    3.3   2.9606e-01    3.3    17063
  615.4  3367.1   1.65    21.2   13.06      8118   12.0   7.7560e-02   12.0    17063
  605.1  3310.7   1.64   250.4   13.98    671878    0.6   6.4192e+00    0.6    17226
  607.6  3324.4   1.64     7.2   13.98     25517    4.2   2.4379e-01    4.2    17226
  609.2  3333.0   1.64    24.1   13.98     21136    5.1   2.0193e-01    5.1    17226
  612.4  3350.7   1.65    52.5   13.98     30636    3.4   2.9270e-01    3.4    17226
  615.4  3367.1   1.65    21.2   13.98      7684   12.8   7.3411e-02   12.8    17226
  624.0  3414.2   1.59   178.6    7.95    314752    0.8   3.0072e+00    0.8    18348
  628.1  3436.5   1.60    12.2    7.95     10995   13.4   1.0504e-01   13.4    17201
  631.0  3452.4   1.60    58.9    7.95     45742    3.1   4.3703e-01    3.1    18348
  633.0  3463.7   1.60     6.4    7.95      7980   16.9   7.6246e-02   16.9    18348
  644.8  3528.0   1.91    12.8    0.97      6011    6.2   5.7426e-02    6.2     9449
  655.9  3588.9   1.63    35.2    1.06     16376    2.2   1.5645e-01    2.2     7849
  658.8  3604.5   1.63     9.3    1.06      2622   10.5   2.5054e-02   10.5     8339
  665.6  3641.9   1.64     4.5    1.06       936   28.3   8.9445e-03   28.3     7849
  668.2  3656.1   1.64     3.6    1.06       911   29.7   8.6997e-03   29.7     7849
  680.1  3721.1   1.66     5.3    1.32      1554   20.4   1.4851e-02   20.4     7252
  690.0  3775.2   1.67     9.8    2.09      2867   10.3   2.7396e-02   10.3     6995
  698.4  3821.2   1.67     3.8    2.09       995   26.2   9.5058e-03   26.2     7433
  708.9  3879.1   1.68     5.7    1.13      1134   25.9   1.0833e-02   25.9     6691
  721.3  3946.6   1.76    52.9    1.33     32745    1.5   3.1285e-01    1.5     6868
  726.3  3974.1   1.77    68.7    1.33     52533    1.0   5.0191e-01    1.0     7272
  735.0  4021.7   1.71     3.5    1.78      1150   23.3   1.0983e-02   23.3     6599
  740.1  4049.9   1.71     8.6    1.78      1972   13.0   1.8839e-02   13.0     6599
  744.1  4071.5   1.72     8.3    1.78      1717   15.4   1.6400e-02   15.4     6599
  755.8  4135.7   1.76     3.9    1.30       711   34.3   6.7890e-03   34.3     5943
  762.7  4173.3   1.77     8.8    1.30      2521   10.2   2.4089e-02   10.2     5943
  768.6  4205.6   1.77    53.3    1.30     30361    1.4   2.9007e-01    1.4     5943
  772.4  4226.3   1.77     3.6    1.30       440   56.5   4.2040e-03   56.5     5943
  785.4  4297.9   1.84     3.4    0.99      1019   21.1   9.7375e-03   21.1     5872
  792.6  4336.8   1.85    16.1    0.99      4382    5.3   4.1866e-02    5.3     5872
  795.1  4350.6   1.85     4.5    0.99       994   20.4   9.4988e-03   20.4     5872
  798.1  4366.9   1.85     3.3    0.99       470   42.1   4.4923e-03   42.1     5872
  806.1  4411.2   1.86     5.3    0.99      1390   14.7   1.3277e-02   14.7     5872
  810.8  4436.7   1.86    19.5    0.99      6444    3.9   6.1571e-02    3.9     5872
  821.8  4497.1   1.87    10.3    1.66      3445    7.2   3.2917e-02    7.2     5339
  829.0  4536.1   1.88    61.1    1.66     49503    1.1   4.7296e-01    1.1     5339
  835.2  4570.0   1.88     4.5    1.66      1344   15.9   1.2843e-02   15.9     5339
  839.2  4592.0   1.89    32.2    1.66     13372    2.3   1.2776e-01    2.3     5339
  846.8  4633.7   1.89     8.7    1.66      1983   11.8   1.8946e-02   11.8     5635
  860.5  4708.7   1.82     7.5    0.77      1508   15.8   1.4408e-02   15.8     4770
  884.6  4840.9   1.84     6.3    1.08      1337   19.0   1.2771e-02   19.0     4950
  911.2  4986.1   1.92    24.9    0.89      8015    3.5   7.6574e-02    3.5     4744
  916.9  5017.7   1.93     6.4    0.89      1234   19.6   1.1789e-02   19.6     4744
  925.1  5062.4   2.26     3.5    1.18      1009   25.2   9.6385e-03   25.2     5053
  931.2  5095.7   2.26     4.4    1.18      1589   15.8   1.5185e-02   15.8     5053
  935.2  5117.4   2.27    12.9    1.18      5126    5.6   4.8974e-02    5.6     5053
  938.9  5137.7   2.27     6.4    1.18      1662   15.8   1.5882e-02   15.8     5053
  948.3  5189.4   1.90     3.4    1.21       772   30.2   7.3764e-03   30.2     4393
  951.9  5209.3   1.91     4.3    1.21       954   24.8   9.1156e-03   24.8     4393
  964.7  5279.1   2.08     6.0    1.21      1897   11.6   1.8121e-02   11.6     4272
  969.0  5302.7   2.08    16.8    1.21      4907    5.2   4.6880e-02    5.2     4272
  976.3  5342.6   2.09     3.5    1.21       623   33.2   5.9505e-03   33.2     4486
 1001.3  5479.2   1.95     3.6    0.84       652   33.9   6.2339e-03   33.9     3961
 1026.7  5618.2   2.01     3.8    1.40       940   21.9   8.9817e-03   21.9     4005
 1036.1  5669.8   2.02    48.5    1.40     23334    1.6   2.2293e-01    1.6     4005
 1120.3  6130.7   2.08    22.8    1.15      7103    4.5   6.7861e-02    4.5     4374
 1133.8  6205.0   2.10    15.7    0.91      3607    7.1   3.4462e-02    7.1     3856
 1147.5  6279.9   2.08     3.4    1.00       816   26.8   7.7930e-03   26.8     3968
 1150.8  6297.5   2.09     7.0    1.00      1628   13.6   1.5556e-02   13.6     4167
 1155.2  6321.7   2.09     4.5    1.00       717   30.0   6.8498e-03   30.0     3968
 1174.6  6428.1   2.11     3.7    0.93       528   35.6   5.0431e-03   35.6     3774
 1183.2  6475.2   2.12     3.8    0.93       561   34.3   5.3586e-03   34.3     3963
 1200.2  6568.3   2.20    13.2    1.11      3325    6.6   3.1767e-02    6.6     4032
 1209.7  6620.3   2.21     5.7    1.11      1239   16.9   1.1833e-02   16.9     4032
 1238.2  6776.2   2.29    13.9    0.67      3843    6.6   3.6714e-02    6.6     4163
 1253.9  6862.0   2.18     3.8    0.89       710   28.6   6.7821e-03   28.6     3278
 1281.1  7011.1   2.21     4.3    0.86       660   29.0   6.3043e-03   29.0     2763
 1324.3  7247.7   2.53    18.1    0.97      4616    5.1   4.4105e-02    5.1     2570
 1355.9  7420.3   2.27     3.7    1.04       404   38.4   3.8608e-03   38.4     1758
 1377.6  7539.2   2.32    30.6    1.27      9814    2.4   9.3765e-02    2.4     1697
 1386.9  7590.2   2.33     5.8    1.27      1183   13.4   1.1303e-02   13.4     1774
 1397.1  7646.0   2.31     6.9    1.30       912   16.8   8.7149e-03   16.8     1526
 1401.5  7669.9   2.32     5.3    1.30       674   20.5   6.4354e-03   20.5     1526
 1408.0  7705.6   2.32     8.1    1.30      1461   11.0   1.3960e-02   11.0     1595
 1434.2  7849.1   2.35     8.3    0.93      1439   11.0   1.3745e-02   11.0     1478
 1460.8  7994.5   2.40    84.8    2.96     69792    1.2   6.6680e-01    1.2      995
 1469.2  8040.4   2.41     4.5    2.96       411   40.3   3.9310e-03   40.3      995
 1476.6  8081.2   2.41     5.3    2.96       771   21.7   7.3623e-03   21.7      995
 1495.6  8184.9   2.40     5.2    0.86       644   17.1   6.1522e-03   17.1     1073
 1502.0  8220.2   2.41     4.0    0.86       300   34.2   2.8658e-03   34.2     1073
 1509.3  8259.9   2.41     6.9    0.86       858   13.3   8.1960e-03   13.3     1073
 1583.1  8664.2   2.48     3.9    1.11       289   39.2   2.7604e-03   39.2      940
 1588.2  8691.7   2.49     5.7    1.11       701   17.1   6.7006e-03   17.1      940
 1592.4  8714.7   2.49     5.6    1.11       920   14.4   8.7901e-03   14.4      940
 1621.0  8871.7   2.52     3.9    0.84       448   20.9   4.2849e-03   20.9      763
 1630.5  8923.3   2.53     6.1    0.84       410   24.4   3.9212e-03   24.4      795
 1661.3  9091.9   2.55     5.6    1.11       389   27.8   3.7169e-03   27.8      675
 1715.6  9389.5   2.60     6.1    0.73       460   21.9   4.3914e-03   21.9      596
 1729.5  9465.7   2.69    10.1    0.99      1421    8.4   1.3576e-02    8.4      619
 1757.6  9619.0   2.67     5.3    1.07       661   15.9   6.3193e-03   15.9      601
 1764.5  9656.9   2.67    26.2    1.07      7191    2.5   6.8708e-02    2.5      601
 1770.9  9692.3   2.68     3.3    1.07       210   44.4   2.0081e-03   44.4      601
 1847.3 10110.2   2.72     8.5    0.84       855   12.5   8.1650e-03   12.5      560
 1919.3 10504.6   2.79     8.7    1.32      1083   10.8   1.0350e-02   10.8      560
 1943.9 10638.7   2.81     3.8    1.53       214   46.7   2.0479e-03   46.7      554
 2049.7 11217.9   2.91     4.7    1.12       280   28.5   2.6763e-03   28.5      452
 2059.3 11270.7   2.92     5.5    1.12       400   21.6   3.8238e-03   21.6      452
 2097.9 11481.9   2.95     3.4    1.23       519   16.3   4.9548e-03   16.3      477
 2103.4 11512.1   2.96     5.4    1.23       977    8.9   9.3332e-03    8.9      477
 2118.2 11593.0   2.97     4.7    1.23       478   16.7   4.5668e-03   16.7      477
 2193.9 12007.7   3.30     3.5    1.09       202   38.5   1.9307e-03   38.5      465
 2203.8 12061.8   3.31    12.7    1.09      2242    5.2   2.1422e-02    5.2      465
 2214.4 12119.9   3.32     7.6    1.09      1040    9.8   9.9371e-03    9.8      465
 2447.3 13394.4   3.27     6.4    1.03       610   13.9   5.8293e-03   13.9      278
 2598.3 14220.9   3.40     3.6    1.82       285   17.9   2.7216e-03   17.9       62
 2605.9 14262.5   3.41     7.0    1.82       275   18.9   2.6311e-03   18.9       64
 2614.0 14307.0   3.41    32.0    1.82      9431    2.4   9.0109e-02    2.4       62

   indicates the Iterative Peak Width fitting reached a limiting value.
