
                       be used for evaluation purposes
                                                            21-Mar-2019 13:57
                       _________________________________

                       P E A K     F I T     R E P O R T
                       _________________________________

 Spectrum file Analysed: CB03112019_Ir04_10cm_room131.Chn 
 Sample Title :          Ir04

 Spectrum saved on 11-Mar-2019 at 18:11    Collected on 11-Mar-2019 at  8:57
 Sample  Taken  on 11-Mar-2019 at  8:57    Decayed      0 Days,     0 mins.

            Detector file number used:     7
            Energy     Calibration Performed on  8-Mar-2019 at 12:07
            Peak Shape Calibration Performed on  8-Mar-2019 at 12:08

 

   Datetime:  11-Mar-2019   8:57
   Live:      32638.0 
   Mass:      477
   Shelf:     10
   Detector:      7

   Reported Activity values were rounded     
   FitzPeaks Version: 3.71 23rd January 2014           
                                                                                                     
              


 Peak   Centre   FW@HM         Goodness   Peak      %      Gammas       %      2 Sigma
Energy  Channel  (KeV)  Signif  of Fit    Area   Uncert.  per sec.   Uncert. Background

   36.2   192.3   0.90     9.8    0.93      6149   29.1   1.8840e-01   29.1    67938
   52.0   276.9   1.11     5.0    5.92     22024   40.2   6.7480e-01   40.2   551007
   53.3   283.5   1.11    10.6    5.92     35488   25.7   1.0873e+00   25.7   551007
   55.1   292.9   1.11     9.8    5.92     36616   24.9   1.1219e+00   24.9   551007
   56.5   300.5   1.11     3.5    5.92     16640   53.6   5.0983e-01   53.6   551007
   59.1   314.2   0.93     9.5    7.88     16110   38.4   4.9359e-01   38.4   383637
   61.5   327.3   0.96   254.3   94.83    943036    1.0   2.8894e+01    1.0   242747
   63.2   336.2   0.97   528.9   94.83   3551119    0.7   1.0880e+02    0.7   242747
   64.9   345.5   0.97   582.2   94.83   3599082    0.6   1.1027e+02    0.6   218472
   66.9   355.8   0.97   122.6   94.83    240778    1.9   7.3772e+00    1.9   242747
   69.5   369.9   1.12    42.4  169.81     73182    9.3   2.2422e+00    9.3   138985
   71.4   379.7   1.12   183.1  169.81    562961    1.7   1.7249e+01    1.7   138985
   73.5   391.0   1.12   287.5  169.81   1429325    0.6   4.3793e+01    0.6   151620
   75.5   401.7   1.13   120.9  169.81    532702    1.4   1.6322e+01    1.4   138985
   77.9   414.7   1.11    19.8    0.62     20273    9.8   6.2115e-01    9.8    77682
   82.5   439.0   0.94   137.2   18.61    196290    1.3   6.0141e+00    1.3    73375
   84.9   451.7   0.95    55.8   18.61     75478    3.4   2.3126e+00    3.4    66038
   87.5   465.6   0.95    25.4   18.61     20318   11.0   6.2253e-01   11.0    66038
   96.6   514.4   0.96    98.1    3.87    126651    2.1   3.8805e+00    2.1    61969
  122.2   650.4   1.01    16.0    0.78     14278    6.4   4.3746e-01    6.4    83925
  124.7   664.1   1.02     3.7    0.78      2214   39.3   6.7823e-02   39.3    76295
  126.5   673.4   1.02     3.5    0.78      4817   18.3   1.4759e-01   18.3    76295
  128.2   682.5   1.02     8.7    0.78     11199    8.1   3.4314e-01    8.1    83925
  129.6   689.8   1.02    97.0    0.78    155777    0.7   4.7729e+00    0.7    76295
  136.5   726.8   1.23     8.2    1.08     10774    9.2   3.3010e-01    9.2    97555
  138.1   735.4   1.23    10.9    1.08     15085    7.0   4.6218e-01    7.0    97555
  140.9   750.2   1.23     4.9    1.08      3563   27.6   1.0916e-01   27.6    97555
  147.1   783.4   1.03     3.7    1.45      2606   36.9   7.9840e-02   36.9    93908
  164.2   874.0   1.05     3.8    1.14      1592   57.4   4.8780e-02   57.4    79697
  172.4   917.9   1.06    97.4    1.39    122783    1.1   3.7620e+00    1.1    78524
  179.2   953.9   1.05    39.2    0.58     34534    2.9   1.0581e+00    2.9    74407
  186.9   995.3   1.10   267.5    8.01    757825    0.7   2.3219e+01    0.7    82665
  197.1  1049.6   1.14    44.9    4.25     59573    1.7   1.8253e+00    1.7    62514
  198.3  1056.0   1.14     3.3    4.25     22620    4.2   6.9306e-01    4.2    68197
  201.5  1072.9   1.15    11.6    4.25      7377   11.7   2.2603e-01   11.7    68197
  206.0  1097.1   1.15    52.0    4.25     54724    1.8   1.6767e+00    1.8    68197
  208.2  1108.6   1.16    18.4    4.25     20968    4.8   6.4243e-01    4.8    62514
  216.9  1155.1   1.13     8.9    0.70      5581   12.6   1.7100e-01   12.6    54466
  219.8  1170.7   1.13    39.6    0.70     31186    2.4   9.5552e-01    2.4    49927
  221.9  1181.8   1.13     7.2    0.70      4082   17.2   1.2507e-01   17.2    49927
  224.0  1192.9   1.13    63.4    0.70     54429    1.5   1.6676e+00    1.5    54466
  233.7  1244.7   1.16     4.0    2.32      2460   28.9   7.5374e-02   28.9    45231
  235.8  1255.5   1.16    11.9    2.32      6255   12.6   1.9164e-01   12.6    45231
  245.3  1306.5   1.16    66.0    0.76     62482    1.3   1.9144e+00    1.3    40934
  248.4  1322.7   1.17     5.1    0.76      4109   16.2   1.2590e-01   16.2    40934
  249.8  1330.5   1.17     6.7    0.76      4559   14.8   1.3970e-01   14.8    40934
  268.8  1431.5   1.41    48.3    8.84     69513    1.8   2.1298e+00    1.8    39496
  276.2  1470.8   1.07    11.8    1.03      4694   11.3   1.4381e-01   11.3    32112
  283.3  1508.9   1.21    15.4    0.70      7741    6.7   2.3718e-01    6.7    33624
  288.6  1536.8   1.21    20.7    0.70     11427    4.9   3.5010e-01    4.9    33624
  295.0  1570.8   1.21    15.1    1.91     74222    1.3   2.2741e+00    1.3    32127
  296.2  1577.6   1.21   173.1    1.91    346529    0.4   1.0617e+01    0.4    32127
  308.7  1644.1   1.23   188.9    4.81    353198    0.5   1.0822e+01    0.5    27597
  316.8  1687.0   1.23   314.5   16.03    968505    0.5   2.9674e+01    0.5    25106
  328.8  1751.2   1.25     7.5    0.90      3295   15.8   1.0096e-01   15.8    24632
  339.0  1805.2   1.26     4.3    1.14      2039   24.0   6.2474e-02   24.0    24054
  351.5  1871.8   1.30    75.8    1.81     77360    1.1   2.3703e+00    1.1    24507
  360.2  1918.5   1.28    59.0    2.05    129425    0.9   3.9655e+00    0.9    24049
  361.4  1924.8   1.28    60.2    2.05    118133    0.8   3.6195e+00    0.8    24049
  371.6  1978.8   1.30   129.3    2.46    202425    0.6   6.2021e+00    0.6    21496
  374.8  1996.2   1.31    13.6    2.46      7829    6.0   2.3986e-01    6.0    21496
  380.4  2025.7   1.31    29.7    2.46     18127    2.9   5.5539e-01    2.9    21496
  391.3  2084.0   1.32     3.8    1.36      1185   37.0   3.6310e-02   37.0    18746
  397.7  2118.1   1.32    60.5    1.74     55168    1.3   1.6903e+00    1.3    17823
  407.5  2170.4   1.37   150.5    5.17    235408    0.5   7.2127e+00    0.5    15805
  409.8  2182.4   1.38   120.5    5.17    155978    0.7   4.7790e+00    0.7    15805
  416.8  2219.5   1.32    15.0    2.05      5906   11.0   1.8095e-01   11.0    15683
  421.0  2242.2   1.32    25.1    2.05      9776    6.5   2.9953e-01    6.5    15683
  424.8  2262.2   1.33     7.1    2.05      2720   22.4   8.3327e-02   22.4    15683
  432.0  2300.6   1.39    38.1    2.02     19764    2.6   6.0557e-01    2.6    12502
  442.8  2358.1   1.39     3.4    0.85       557   57.5   1.7051e-02   57.5    10076
  445.4  2372.1   1.39     4.6    0.85      1283   25.5   3.9313e-02   25.5    10076
  448.2  2386.7   1.39    42.2    0.85     19741    2.1   6.0484e-01    2.1    10076
  456.8  2432.9   1.40    80.9    1.69     59763    1.0   1.8311e+00    1.0     9357
  468.4  2494.7   1.41   213.3    9.80    400423    0.5   1.2269e+01    0.5     8558
  474.5  2527.2   1.43     4.5    2.65      1183   45.2   3.6231e-02   45.2     7096
  478.2  2546.9   1.43    31.6    2.65     12924    4.4   3.9597e-01    4.4     7096
  483.3  2573.8   1.45     6.0    1.92      2399   13.3   7.3512e-02   13.3     6306
  485.0  2583.2   1.45    48.3    1.92     28481    1.5   8.7264e-01    1.5     6306
  489.5  2606.8   1.46     6.6    1.92      3140    9.5   9.6203e-02    9.5     6306
  491.1  2615.6   1.46    12.0    1.92      4748    6.4   1.4548e-01    6.4     6306
  495.1  2636.6   1.47     3.8    1.92      1076   27.0   3.2958e-02   27.0     6757
  502.9  2678.6   1.44    26.6    1.34      8730    3.6   2.6749e-01    3.6     4888
  511.3  2723.0   2.92     6.2    3.78      5087    9.5   1.5586e-01    9.5     9211
  518.8  2763.3   1.47   147.1    3.78    232225    0.5   7.1152e+00    0.5     4605
  539.3  2872.1   1.50   145.4    3.71    225478    0.6   6.9084e+00    0.6     3437
  542.1  2887.1   1.50    14.0    3.71      6293    4.2   1.9282e-01    4.2     3437
  548.0  2918.8   1.51     7.0    3.71      1221   19.5   3.7398e-02   19.5     3682
  558.3  2973.7   1.52   133.7    4.28    201324    0.6   6.1684e+00    0.6     3247
  562.8  2997.4   1.52     7.7    4.28      1753   12.5   5.3725e-02   12.5     3247
  569.7  3034.1   1.53   125.6    4.28    184321    0.7   5.6474e+00    0.7     3247
  576.8  3071.9   1.60     8.4    1.89      1674   11.1   5.1295e-02   11.1     3469
  581.3  3096.0   1.60     5.5    1.89      1693   12.7   5.1886e-02   12.7     3469
  583.9  3110.1   1.61     5.9    1.89      1229   15.4   3.7653e-02   15.4     3469
  588.9  3136.7   1.61    47.6    1.89     32974    1.2   1.0103e+00    1.2     3252
  594.2  3164.5   1.62    10.3    1.89      2601    7.5   7.9700e-02    7.5     3252
  600.8  3200.0   1.70     3.7   17.13      1572   20.5   4.8176e-02   20.5     2762
  605.5  3224.6   1.71   131.6   17.13    308179    0.7   9.4423e+00    0.7     2934
  612.8  3263.9   1.62    53.9    2.25     38766    1.2   1.1878e+00    1.2     3116
  615.8  3279.5   1.62    11.9    2.25      3337    6.6   1.0224e-01    6.6     2921
  620.6  3305.2   1.63     3.4    2.25      1105   19.1   3.3862e-02   19.1     3116
  624.5  3326.3   1.63    36.1    2.25     21915    1.5   6.7146e-01    1.5     3116
  629.0  3350.1   1.64    12.8    2.25      5316    4.7   1.6288e-01    4.7     3116
  631.5  3363.3   1.64    34.8    2.25     21119    1.7   6.4708e-01    1.7     3116
  641.2  3415.1   1.61     3.6    1.03       442   34.1   1.3555e-02   34.1     2023
  656.4  3496.1   1.62    25.9    0.74      6799    3.2   2.0832e-01    3.2     1915
  667.0  3552.3   1.64     6.4    1.44       997   13.1   3.0543e-02   13.1     1707
  668.6  3561.0   1.65     7.2    1.44      1511    9.1   4.6289e-02    9.1     1707
  677.1  3606.3   1.66     4.7    1.44       460   26.6   1.4105e-02   26.6     1707
  688.1  3664.8   1.67     7.2    1.35      1144   12.7   3.5040e-02   12.7     1470
  690.5  3677.7   1.67     9.1    1.35      1496   10.0   4.5849e-02   10.0     1470
  705.4  3757.2   1.52    10.7    0.94      1146   10.4   3.5112e-02   10.4     1159
  709.4  3778.2   1.53     5.2    0.94       429   26.5   1.3136e-02   26.5     1159
  726.7  3870.6   1.73    47.5    1.12     20540    1.3   6.2933e-01    1.3     1026
  732.2  3899.6   1.74     3.3    1.12       230   49.3   7.0542e-03   49.3     1026
  740.6  3944.5   1.74     9.7    1.14       975   10.6   2.9876e-02   10.6      963
  744.5  3965.4   1.75     4.5    1.14       446   20.9   1.3679e-02   20.9      963
  748.9  3988.6   1.75     3.6    1.14       148   55.1   4.5216e-03   55.1      963
  756.2  4027.4   1.76    10.2    1.14      1129    9.2   3.4585e-02    9.2      963
  763.2  4065.0   1.77     3.4    1.14       188   44.7   5.7653e-03   44.7      963
  769.1  4096.1   1.78    35.2    1.14     11590    1.7   3.5509e-01    1.7      963
  778.7  4147.4   1.68     3.8    1.05       229   36.4   7.0151e-03   36.4      879
  784.9  4180.5   1.69    18.2    1.05      3224    4.2   9.8786e-02    4.2      934
  792.3  4220.0   1.69     8.2    1.05      1018   10.3   3.1204e-02   10.3      879
  811.2  4320.7   1.84    34.3    1.63     10705    2.1   3.2800e-01    2.1      759
  818.1  4357.1   1.85     3.4    1.63       246   35.4   7.5489e-03   35.4      803
  822.2  4379.3   1.86     8.2    1.63      1431    7.5   4.3844e-02    7.5      803
  829.4  4417.6   1.87    41.2    1.63     19771    1.7   6.0577e-01    1.7      803
  839.6  4471.9   1.84    22.5    1.27      5501    2.9   1.6854e-01    2.9      691
  847.2  4512.4   1.85     6.4    1.27       383   25.1   1.1748e-02   25.1      691
  864.3  4603.4   1.88     3.5    0.98       226   36.4   6.9136e-03   36.4      536
  884.9  4713.3   1.83    14.3    0.88      1679    6.5   5.1451e-02    6.5      622
  890.0  4740.5   1.83     4.8    0.88       517   17.4   1.5841e-02   17.4      588
  917.3  4885.7   1.94     6.2    1.01       451   16.7   1.3814e-02   16.7      496
  921.2  4906.4   1.94     5.3    1.01       383   18.5   1.1733e-02   18.5      496
  926.1  4932.6   1.95     6.3    1.01       649   11.9   1.9872e-02   11.9      496
  936.0  4985.3   1.96     7.1    1.01       540   13.8   1.6546e-02   13.8      496
  948.8  5053.5   1.97     3.3    0.88       206   33.7   6.3099e-03   33.7      356
  952.8  5074.7   1.98     3.5    0.88       441   16.6   1.3517e-02   16.6      356
  955.6  5089.7   1.98     3.6    0.88       291   24.5   8.9191e-03   24.5      356
  976.8  5202.6   1.93    14.7    1.21      1696    6.0   5.1965e-02    6.0      345
 1017.0  5416.8   2.07     3.4    1.23       139   37.3   4.2572e-03   37.3      266
 1026.0  5464.8   2.08     3.8    1.23       139   37.2   4.2529e-03   37.2      266
 1036.5  5520.8   2.09    34.5    1.23      9921    1.9   3.0398e-01    1.9      266
 1061.8  5655.5   2.11     4.1    1.01       224   26.6   6.8700e-03   26.6      217
 1076.7  5734.9   2.13     6.7    1.10       434   12.7   1.3288e-02   12.7      200
 1088.2  5795.9   2.14     5.8    1.10       428   12.3   1.3117e-02   12.3      200
 1099.2  5854.5   2.15     3.8    1.10       130   33.8   3.9888e-03   33.8      210
 1124.1  5987.0   2.12    10.4    1.05       879    7.7   2.6932e-02    7.7      165
 1134.3  6041.7   2.13    13.7    1.05      1630    5.3   4.9930e-02    5.3      165
 1147.7  6113.1   2.21     6.5    0.88       434   12.5   1.3310e-02   12.5      159
 1150.8  6129.7   2.21     3.5    0.88       178   25.1   5.4462e-03   25.1      159
 1163.5  6196.9   2.23     9.6    0.88       854    7.4   2.6156e-02    7.4      159
 1200.8  6395.8   2.21    15.0    0.96      1686    5.0   5.1659e-02    5.0      114
 1223.6  6517.0   2.30     3.4    1.21        98   45.1   3.0178e-03   45.1      113
 1238.9  6598.9   2.32     5.3    0.99       187   26.4   5.7333e-03   26.4      123
 1325.0  7057.0   2.39    15.6    1.12      1715    4.9   5.2554e-02    4.9       64
 1356.4  7224.3   2.45     5.0    1.24       197   21.4   6.0417e-03   21.4       55
 1387.5  7390.4   2.49     7.4    1.14       514    9.7   1.5748e-02    9.7       45
 1397.7  7444.4   2.50     7.4    1.14       497    9.9   1.5216e-02    9.9       45
 1434.6  7640.9   2.55     6.6    1.18       332   13.7   1.0181e-02   13.7       50
 1461.3  7783.5   2.58     3.4    1.12        84   35.7   2.5613e-03   35.7       39
 1495.5  7965.7   2.62     4.0    1.06       220   16.6   6.7332e-03   16.6       42
 2616.0 13934.0   3.93     3.5    0.50        45   55.1   1.3663e-03   55.1       13

   indicates the Iterative Peak Width fitting reached a limiting value.
