
                       be used for evaluation purposes
                                                            21-Mar-2019 14:16
                       _________________________________

                       P E A K     F I T     R E P O R T
                       _________________________________

 Spectrum file Analysed: CE03122019_Ir07_10cm_room131.Chn 
 Sample Title :          Ir07

 Spectrum saved on 13-Mar-2019 at 10:40    Collected on 12-Mar-2019 at 18:13
 Sample  Taken  on 12-Mar-2019 at 18:13    Decayed      0 Days,     0 mins.

            Detector file number used:     7
            Energy     Calibration Performed on  8-Mar-2019 at 12:07
            Peak Shape Calibration Performed on  8-Mar-2019 at 12:08

 

   Datetime:  12-Mar-2019  18:13
   Live:      58538.0 
   Mass:      777
   Shelf:     10
   Detector:      7

   Reported Activity values were rounded     
   FitzPeaks Version: 3.71 23rd January 2014           
                                                                                                     
              


 Peak   Centre   FW@HM         Goodness   Peak      %      Gammas       %      2 Sigma
Energy  Channel  (KeV)  Signif  of Fit    Area   Uncert.  per sec.   Uncert. Background

   53.2   283.1   0.82     7.8    1.54     10224   36.8   1.7465e-01   36.8   403613
   55.1   293.3   0.82    12.7    1.54     12762   29.9   2.1802e-01   29.9   454065
   61.5   327.4   0.96   153.1   33.93    431215    2.4   7.3664e+00    2.4   203353
   63.2   336.5   0.96   464.5   33.93   2723555    0.5   4.6526e+01    0.5   203353
   65.0   345.7   0.96   635.1   33.93   3969896    0.4   6.7817e+01    0.4   225948
   66.9   355.8   0.96   273.9   33.93    805547    1.3   1.3761e+01    1.3   225948
   71.4   379.7   1.10   109.5   47.56    256307    1.5   4.3785e+00    1.5   120445
   73.4   390.9   1.10   282.0   47.56   1388374    0.5   2.3717e+01    0.5   120445
   75.1   399.8   1.10    11.8   47.56    250688    2.1   4.2825e+00    2.1   120445
   75.7   402.7   1.10   158.5   47.56    594632    0.8   1.0158e+01    0.8   120445
   78.0   415.1   1.10    51.0   47.56     64027    4.7   1.0938e+00    4.7   120445
   82.5   439.0   0.94   139.0   23.17    195884    1.6   3.3463e+00    1.6    87014
   84.9   451.7   0.94    61.7   23.17     87373    3.5   1.4926e+00    3.5    78312
   87.5   465.6   0.94    28.5   23.17     24462   11.1   4.1788e-01   11.1    78312
   92.6   493.1   0.97     3.4    1.34      1737   48.9   2.9669e-02   48.9    72424
   96.6   514.4   0.94    99.9    1.52    125288    2.1   2.1403e+00    2.1    70547
  122.2   650.5   1.00     3.9    1.24      2451   37.7   4.1870e-02   37.7    97415
  128.2   682.8   1.01     5.8    1.29      8186   14.8   1.3984e-01   14.8    91696
  129.6   689.9   1.01   124.9    1.29    175363    0.8   2.9957e+00    0.8    91696
  136.3   725.4   1.02     8.5    4.84     13651   13.5   2.3319e-01   13.5   114251
  138.1   735.2   1.02     7.2    4.84      8662   17.2   1.4796e-01   17.2   103865
  141.1   751.2   1.03     4.9    4.84      3480   42.6   5.9450e-02   42.6   103865
  172.4   917.9   1.06    97.2    0.77    122001    1.1   2.0841e+00    1.1   100479
  179.2   954.0   1.07    36.9    0.61     33724    3.3   5.7611e-01    3.3    91065
  186.9   995.3   1.09   242.3    8.44    570336    0.5   9.7430e+00    0.5    93065
  197.1  1049.5   1.11    38.5    3.68     42543    2.3   7.2675e-01    2.3    71218
  198.3  1056.0   1.11    11.6    3.68     16885    5.7   2.8845e-01    5.7    77693
  201.5  1073.1   1.11    21.3    3.68     13697    7.1   2.3399e-01    7.1    71218
  206.0  1097.0   1.12    85.3    3.68     98509    1.1   1.6828e+00    1.1    77693
  208.2  1108.8   1.12    13.5    3.68     15051    7.2   2.5711e-01    7.2    71218
  219.9  1170.9   1.12    33.0    1.20     26198    3.3   4.4753e-01    3.3    53971
  221.9  1181.8   1.12     5.4    1.20      4032   18.5   6.8885e-02   18.5    53971
  224.0  1192.9   1.12    46.6    1.20     40946    2.1   6.9948e-01    2.1    58878
  235.9  1256.2   1.14     4.4    2.60      4392   16.4   7.5030e-02   16.4    48990
  248.5  1323.5   1.15     3.3    0.59      2528   24.9   4.3192e-02   24.9    44908
  249.8  1330.1   1.15     4.7    0.59      3195   20.4   5.4583e-02   20.4    48990
  268.8  1431.5   1.41    46.7    8.64     68628    1.8   1.1724e+00    1.8    45102
  283.4  1509.3   1.22    16.8    1.14      9668    6.0   1.6515e-01    6.0    38805
  288.6  1536.9   1.23    15.0    1.14      8465    6.5   1.4460e-01    6.5    38805
  295.0  1571.1   1.19    12.5    3.19     62671    1.8   1.0706e+00    1.8    37072
  296.2  1577.6   1.19   261.2    3.19    631446    0.3   1.0787e+01    0.3    37072
  308.7  1644.2   1.22   267.2    9.73    647382    0.4   1.1059e+01    0.4    29514
  316.8  1687.1   1.23   442.0   29.66   1772601    0.3   3.0281e+01    0.3    25897
  328.8  1751.1   1.22    11.5    1.17      5020    9.8   8.5760e-02    9.8    24504
  339.1  1805.8   1.26     7.7    1.09      2841   17.3   4.8529e-02   17.3    23668
  351.5  1871.9   1.27    89.0    1.48     75734    0.9   1.2938e+00    0.9    21662
  356.0  1896.2   1.28     4.4    1.48      1404   30.9   2.3981e-02   30.9    21662
  360.2  1918.5   1.28    74.5    1.48    127635    0.8   2.1804e+00    0.8    23467
  361.4  1924.8   1.29    19.3    1.48     89601    0.9   1.5306e+00    0.9    23467
  371.6  1978.8   1.30   127.2    1.79    150421    0.6   2.5696e+00    0.6    20483
  374.8  1996.0   1.30    26.6    1.79     13458    3.5   2.2990e-01    3.5    18908
  380.4  2025.8   1.31    26.7    1.79     14116    3.5   2.4115e-01    3.5    20483
  383.5  2042.2   1.31     3.8    1.79       976   47.2   1.6678e-02   47.2    20483
  391.3  2084.1   1.32     4.3    1.32      1881   22.7   3.2130e-02   22.7    17801
  397.7  2118.1   1.32    62.0    1.32     41325    1.3   7.0594e-01    1.3    17801
  407.5  2170.5   1.36   128.1    3.91    176627    0.6   3.0173e+00    0.6    15572
  409.8  2182.5   1.36   124.4    3.91    154084    0.7   2.6322e+00    0.7    15572
  416.8  2219.7   1.32    25.4    1.95     10735    5.7   1.8339e-01    5.7    15509
  421.0  2242.1   1.32    22.9    1.95      7861    8.0   1.3429e-01    8.0    15509
  424.8  2262.4   1.33     4.8    1.95      2179   27.1   3.7225e-02   27.1    15509
  432.0  2300.7   1.39    31.8    1.93     14570    3.4   2.4890e-01    3.4    12392
  442.8  2358.4   1.37     3.3    1.28       697   48.2   1.1906e-02   48.2     9423
  445.5  2372.8   1.37     3.5    1.28      1266   27.3   2.1628e-02   27.3    10148
  448.2  2386.8   1.37    34.2    1.28     14674    2.8   2.5067e-01    2.8     9423
  456.8  2433.0   1.39    76.0    1.90     58210    1.1   9.9440e-01    1.1     9810
  468.4  2494.7   1.41   278.0   21.30    732673    0.4   1.2516e+01    0.4     8070
  474.4  2526.5   1.43     3.3    1.97      1252   39.7   2.1394e-02   39.7     7190
  478.2  2546.9   1.44    24.5    1.97      9597    5.6   1.6395e-01    5.6     7190
  483.4  2574.2   1.42     7.5    1.35      4374    7.2   7.4719e-02    7.2     6191
  485.0  2583.0   1.43    64.5    1.35     48131    1.0   8.2221e-01    1.0     6191
  489.4  2606.6   1.43    17.0    1.35      6032    4.8   1.0304e-01    4.8     6191
  491.2  2615.9   1.43     9.1    1.35      3452    8.1   5.8971e-02    8.1     6191
  495.0  2636.2   1.44     4.1    1.35      1003   26.7   1.7134e-02   26.7     6191
  502.9  2678.5   1.46    18.8    0.65      6274    4.2   1.0717e-01    4.2     5217
  511.3  2723.2   2.92     6.3    2.49      8441    5.9   1.4420e-01    5.9     8395
  518.9  2763.4   1.47   124.3    2.49    173964    0.6   2.9718e+00    0.6     4664
  539.3  2872.2   1.49   136.8    3.95    219948    0.6   3.7574e+00    0.6     3434
  542.1  2887.2   1.50    14.0    3.95      6005    4.3   1.0258e-01    4.3     3434
  548.1  2919.0   1.50     7.4    3.95      1134   20.4   1.9376e-02   20.4     3434
  558.4  2973.8   1.52   110.3    4.07    150830    0.7   2.5766e+00    0.7     3083
  562.8  2997.5   1.52    11.9    4.07      2460    8.6   4.2030e-02    8.6     3083
  569.7  3034.2   1.53   103.7    4.07    138216    0.6   2.3611e+00    0.6     3083
  576.9  3072.7   1.55     8.4    1.87      1708   11.2   2.9181e-02   11.2     3172
  581.4  3096.5   1.56     3.3    1.87      1177   15.5   2.0106e-02   15.5     3172
  583.9  3110.1   1.56     7.4    1.87      1337   13.2   2.2845e-02   13.2     3383
  589.0  3136.8   1.57    65.3    1.87     57938    1.0   9.8975e-01    1.0     3172
  594.2  3164.6   1.57     9.1    1.87      2053    9.2   3.5070e-02    9.2     3172
  600.9  3200.4   1.56     6.6    1.72      2260   10.8   3.8610e-02   10.8     2883
  604.7  3220.8   1.56     6.7    1.72     93631    1.2   1.5995e+00    1.2     2883
  605.6  3225.3   1.56   102.8    1.72    200077    0.6   3.4179e+00    0.6     2883
  612.9  3264.0   1.61    68.3    2.80     70513    0.9   1.2046e+00    0.9     2978
  615.7  3279.4   1.61     7.6    2.80      2393    9.1   4.0886e-02    9.1     2792
  621.0  3307.2   1.62     3.8    2.80       714   28.5   1.2201e-02   28.5     2978
  624.6  3326.7   1.62    33.9    2.80     23458    1.8   4.0073e-01    1.8     2792
  629.0  3350.2   1.63     9.9    2.80      3805    6.4   6.4999e-02    6.4     2978
  631.5  3363.4   1.63    27.3    2.80     15620    2.1   2.6684e-01    2.1     2978
  656.4  3495.9   1.66    16.2    1.52      5026    4.2   8.5863e-02    4.2     1771
  666.9  3551.9   1.64     5.7    1.13       662   18.3   1.1314e-02   18.3     1628
  668.6  3561.2   1.65     6.6    1.13      1307   10.0   2.2319e-02   10.0     1628
  677.2  3606.8   1.66     3.5    1.13       340   34.9   5.8060e-03   34.9     1628
  688.1  3665.0   1.64    10.7    0.70      1675    8.4   2.8620e-02    8.4     1390
  690.5  3677.8   1.64     7.6    0.70      1241   11.1   2.1196e-02   11.1     1390
  705.4  3757.1   1.69     8.3    1.22       923   13.5   1.5772e-02   13.5     1125
  709.6  3779.1   1.69     3.4    1.22       270   42.9   4.6196e-03   42.9     1125
  726.8  3870.7   1.71    43.4    1.04     15111    1.7   2.5814e-01    1.7     1054
  740.6  3944.6   1.73     7.4    0.94       806   14.8   1.3776e-02   14.8      977
  756.3  4028.1   1.75     8.0    1.08       823   14.6   1.4063e-02   14.6      904
  769.1  4096.1   1.77    31.4    0.70      8803    2.3   1.5037e-01    2.3      885
  784.9  4180.4   1.69    26.2    1.25      5947    2.8   1.0159e-01    2.8      887
  792.3  4219.9   1.69     7.0    1.25       814   13.4   1.3912e-02   13.4      835
  811.2  4320.7   1.84    43.8    1.33     18646    1.4   3.1852e-01    1.4      733
  818.1  4357.1   1.85     3.6    1.33       150   57.3   2.5591e-03   57.3      733
  822.3  4379.4   1.86     8.7    1.33      1030    9.4   1.7599e-02    9.4      692
  829.4  4417.7   1.87    35.2    1.33     14291    1.8   2.4413e-01    1.8      733
  839.6  4471.9   1.85    19.6    0.83      4020    3.5   6.8674e-02    3.5      663
  847.2  4512.5   1.86    10.8    0.83      1510    7.1   2.5790e-02    7.1      626
  864.2  4602.8   1.88     3.6    1.18       214   39.3   3.6615e-03   39.3      530
  885.0  4713.7   1.91    18.8    1.10      2989    4.5   5.1066e-02    4.5      534
  890.1  4741.0   1.92     4.0    1.10       382   22.3   6.5252e-03   22.3      534
  905.3  4821.6   1.92     5.4    0.95       328   25.9   5.5954e-03   25.9      540
  917.4  4886.0   1.94     5.4    1.03       325   21.9   5.5471e-03   21.9      435
  921.2  4906.6   1.94     9.1    1.03       779   10.2   1.3301e-02   10.2      459
  926.0  4932.2   1.95     7.4    1.03       508   14.2   8.6795e-03   14.2      435
  935.7  4983.8   1.96     4.9    1.03       269   25.0   4.6025e-03   25.0      459
  953.0  5075.8   1.98     3.5    1.03       198   38.5   3.3855e-03   38.5      442
  955.7  5090.0   1.98     4.1    1.03       170   45.4   2.9033e-03   45.4      419
  976.8  5202.6   1.97    12.0    0.84      1317    7.2   2.2498e-02    7.2      347
 1016.9  5415.9   2.09     3.7    1.22       117   44.5   1.9954e-03   44.5      292
 1026.6  5467.7   2.10     3.5    1.22       114   44.5   1.9543e-03   44.5      292
 1036.6  5521.1   2.11    30.0    1.22      7395    2.3   1.2633e-01    2.3      292
 1061.9  5655.9   2.11     5.8    1.02       491   14.5   8.3903e-03   14.5      242
 1076.9  5735.8   2.13     5.4    1.00       326   16.6   5.5641e-03   16.6      217
 1088.2  5795.9   2.14     4.9    1.00       338   16.8   5.7767e-03   16.8      217
 1124.0  5986.8   2.30     6.9    1.12       613   10.8   1.0475e-02   10.8      209
 1134.4  6042.1   2.31    11.3    1.12      1234    6.5   2.1079e-02    6.5      209
 1147.9  6113.9   2.21     4.6    1.01       304   21.8   5.1881e-03   21.8      236
 1163.4  6196.3   2.23     8.5    1.22       556   12.6   9.5025e-03   12.6      191
 1200.9  6396.0   2.37    11.3    1.23      1370    6.7   2.3407e-02    6.7      135
 1238.9  6598.7   2.20    10.1    1.12       753    9.2   1.2860e-02    9.2      142
 1324.9  7057.0   2.37    12.4    1.36      1287    6.2   2.1985e-02    6.2      101
 1356.0  7222.2   2.45     3.6    1.25        99   49.5   1.6974e-03   49.5      131
 1387.6  7390.5   2.49     5.8    0.95       398   12.5   6.7962e-03   12.5       85
 1397.7  7444.7   2.50     6.7    0.95       416   11.6   7.1039e-03   11.6       88
 1434.7  7641.4   2.55     3.4    1.01        73   50.9   1.2526e-03   50.9       78
 1461.2  7782.8   2.58     4.2    1.07       157   26.6   2.6895e-03   26.6       77
 1495.2  7964.0   2.62     3.5    0.97       145   26.2   2.4852e-03   26.2       65
 1772.0  9438.2   2.94     3.7    0.68       126   27.7   2.1440e-03   27.7       57
 2035.8 10843.5   3.25     3.4    0.81        60   44.5   1.0198e-03   44.5       27
 2599.4 13845.4   3.91     4.6    0.90        90   31.0   1.5387e-03   31.0       23
 2615.8 13932.8   3.93     4.6    0.90        79   32.4   1.3505e-03   32.4       23

   indicates the Iterative Peak Width fitting reached a limiting value.
