
                       be used for evaluation purposes
                                                            10-Mar-2019 13:23
                       _________________________________

                       P E A K     F I T     R E P O R T
                       _________________________________

 Spectrum file Analysed: CF03052019_32cm_Ir04_HPGE2.Chn   
 Sample Title :          Ir04

 Spectrum saved on  7-Mar-2019 at 11:50    Collected on  6-Mar-2019 at  9:49
 Sample  Taken  on  6-Mar-2019 at  9:49    Decayed      0 Days,     0 mins.

            Detector file number used:     2
            Energy     Calibration Performed on  8-Mar-2019 at 11:34
            Peak Shape Calibration Performed on  8-Mar-2019 at 11:35

 

   Datetime:   6-Mar-2019   9:49
   Live:      88826.0 
   Mass:      477
   Shelf:     30
   Detector:      2

   Reported Activity values were rounded     
   FitzPeaks Version: 3.71 23rd January 2014           
                                                                                                     
              


 Peak   Centre   FW@HM         Goodness   Peak      %      Gammas       %      2 Sigma
Energy  Channel  (KeV)  Signif  of Fit    Area   Uncert.  per sec.   Uncert. Background

   61.5   335.2   1.14    77.0   63.49    416677    2.0   4.6909e+00    2.0   290604
   63.2   344.7   1.14   384.3   63.49   2570152    0.6   2.8935e+01    0.6   290604
   64.9   354.0   1.14   543.3   63.49   3507431    0.5   3.9487e+01    0.5   290604
   66.9   364.6   1.14    40.8   63.49    107866    8.9   1.2144e+00    8.9   266387
   71.4   389.3   1.24    99.2   13.79    242712    1.8   2.7324e+00    1.8   186465
   73.5   400.8   1.25   311.0   13.79   1389619    0.3   1.5644e+01    0.3   186465
   75.6   412.4   1.25   149.2   13.79    466026    0.8   5.2465e+00    0.8   186465
   77.9   425.1   1.25    10.3   13.79     10718   29.1   1.2067e-01   29.1   172122
   82.5   450.0   1.10   146.3    1.99    234886    0.7   2.6443e+00    0.7   115927
   84.9   463.2   1.10    26.6    1.99     29329    5.0   3.3019e-01    5.0   106266
   87.4   477.2   1.10    11.4    1.99      9479   14.0   1.0672e-01   14.0   106266
   96.6   527.3   1.14   110.7    0.97    174168    0.9   1.9608e+00    0.9   120401
  103.9   567.0   1.13     4.4    1.36      2474   45.1   2.7857e-02   45.1   122241
  106.2   579.7   1.13     5.0    1.36      4196   27.3   4.7240e-02   27.3   122241
  122.1   666.9   1.15     8.3    0.85      8069   14.5   9.0845e-02   14.5   132659
  129.5   707.4   1.16   122.9    1.06    189110    0.8   2.1290e+00    0.8   127725
  138.0   753.7   1.16     3.7    2.94      4064   32.6   4.5747e-02   32.6   125997
  141.0   770.6   1.17     4.2    2.94      2486   53.6   2.7990e-02   53.6   125997
  172.3   941.8   1.19   126.2    1.28    182291    0.9   2.0522e+00    0.9   116929
  179.1   978.8   1.20    48.6    1.23     50441    2.6   5.6787e-01    2.6   111160
  186.8  1021.3   1.25   214.6    9.12    488292    0.5   5.4972e+00    0.5   113911
  197.1  1077.2   1.35    31.5    4.24     39205    3.1   4.4137e-01    3.1    98160
  198.3  1083.9   1.35     7.6    4.24     13008    8.8   1.4644e-01    8.8    98160
  201.4  1101.2   1.36     6.8    4.24      2931   38.3   3.2994e-02   38.3    98160
  206.0  1126.0   1.36    29.9    4.24     26926    4.6   3.0313e-01    4.6    98160
  208.5  1139.7   1.36     7.9    4.24     16028    8.4   1.8044e-01    8.4    98160
  216.8  1185.5   1.24     5.4    1.02      2801   27.2   3.1530e-02   27.2    72213
  219.8  1201.7   1.24    46.1    1.02     40935    2.0   4.6085e-01    2.0    72213
  221.9  1213.4   1.24     8.6    1.02      5877   12.7   6.6160e-02   12.7    72213
  223.9  1224.4   1.24    41.7    1.02     36345    2.2   4.0917e-01    2.2    72213
  228.3  1248.2   1.25    14.0    1.02      9546    8.5   1.0747e-01    8.5    72213
  235.7  1288.7   1.23     5.2    1.70      3087   23.5   3.4753e-02   23.5    60882
  238.7  1305.4   1.24    22.6    1.70     15169    5.0   1.7077e-01    5.0    60882
  242.0  1323.4   1.24     6.7    1.70      4862   14.7   5.4736e-02   14.7    60882
  245.3  1341.1   1.24    42.3    1.70     34372    2.3   3.8696e-01    2.3    56199
  268.7  1469.4   1.54    59.8    5.62     95961    1.4   1.0803e+00    1.4    52096
  276.1  1509.7   1.30     5.9    1.36      2855   26.1   3.2139e-02   26.1    42238
  277.7  1518.8   1.30    20.7    1.36     13558    5.7   1.5263e-01    5.7    42238
  283.2  1548.9   1.29     6.3    1.45      4149   14.7   4.6706e-02   14.7    40197
  288.5  1577.6   1.29    12.6    1.45      6775    8.9   7.6274e-02    8.9    40197
  294.9  1612.8   1.33    12.4    1.46     47436    2.1   5.3403e-01    2.1    37892
  296.1  1619.3   1.33   103.1    1.46    167088    0.7   1.8811e+00    0.7    37892
  308.6  1687.7   1.32   124.5    0.84    161737    0.6   1.8208e+00    0.6    34328
  316.6  1731.7   1.32   213.7    3.25    435650    0.4   4.9045e+00    0.4    32725
  328.5  1796.8   1.34     7.2    1.05      4891   10.5   5.5059e-02   10.5    30255
  334.5  1829.5   1.34     3.3    1.05      1566   28.6   1.7634e-02   28.6    30255
  338.5  1851.6   1.35     7.9    1.05      4005   11.9   4.5089e-02   11.9    30255
  351.4  1921.9   1.49    86.8    1.64    119208    0.8   1.3420e+00    0.8    33317
  360.0  1969.2   1.38    98.4    1.78    172568    0.7   1.9428e+00    0.7    29405
  361.2  1975.6   1.38    16.0    1.78     67607    1.5   7.6112e-01    1.5    29405
  371.3  2031.1   1.37    98.6    0.98    113536    0.7   1.2782e+00    0.7    25170
  374.6  2049.0   1.38     6.5    0.98      2834   16.5   3.1900e-02   16.5    25170
  380.1  2079.0   1.38    19.7    0.98     10185    5.1   1.1466e-01    5.1    25170
  397.4  2174.1   1.39    44.1    1.12     31069    1.9   3.4977e-01    1.9    21055
  407.3  2227.8   1.43    86.3    2.31    131996    0.7   1.4860e+00    0.7    19709
  409.5  2240.1   1.43   121.7    2.31    205385    0.6   2.3122e+00    0.6    19709
  416.5  2278.3   1.42     7.4    0.85      2831   14.5   3.1869e-02   14.5    17365
  420.7  2301.4   1.43    13.5    0.85      6132    6.7   6.9036e-02    6.7    18606
  431.7  2361.4   1.44    22.3    1.18     11035    4.6   1.2423e-01    4.6    16039
  445.0  2434.6   1.44     4.2    1.48      1627   25.5   1.8320e-02   25.5    13762
  447.8  2449.8   1.44    23.1    1.48     10705    4.4   1.2052e-01    4.4    12845
  456.5  2497.2   1.45    91.1    1.69     75104    1.0   8.4551e-01    1.0    12673
  463.0  2532.7   1.46     3.4    1.80      1079   54.5   1.2144e-02   54.5    13025
  468.1  2560.6   1.47   137.5    1.80    168195    0.6   1.8935e+00    0.6    13025
  477.9  2614.3   1.53    20.2    1.59      7173    5.4   8.0756e-02    5.4    10661
  480.1  2626.7   1.53     4.7    1.59      1094   32.7   1.2321e-02   32.7    10661
  484.6  2651.3   1.54    27.7    1.59     13029    3.2   1.4668e-01    3.2    10661
  490.5  2683.5   1.49     7.1    3.20      2420   15.8   2.7248e-02   15.8     9995
  494.6  2705.7   1.49     3.9    3.20       802   44.4   9.0330e-03   44.4     9995
  502.5  2749.3   1.52    14.2    2.95      4533    7.0   5.1028e-02    7.0     9067
  510.9  2795.0   3.03    14.0    2.95     14951    4.4   1.6832e-01    4.4    18134
  518.4  2836.4   1.53   111.1    2.95    125143    0.7   1.4089e+00    0.7     9067
  538.9  2948.2   1.53   166.7    3.36    275989    0.5   3.1071e+00    0.5     8556
  541.7  2963.6   1.54    13.9    3.36      6928    7.1   7.7999e-02    7.1     8556
  557.9  3052.5   1.55   109.2    2.16    104504    0.7   1.1765e+00    0.7     6978
  562.6  3078.3   1.55     3.4    2.16       796   42.4   8.9617e-03   42.4     6978
  569.2  3114.5   1.57   103.5    2.17     98824    0.8   1.1126e+00    0.8     6647
  576.4  3153.5   1.60     9.8    1.29      2165   11.5   2.4374e-02   11.5     5959
  583.2  3190.7   1.61    27.7    1.29     10617    2.7   1.1952e-01    2.7     6357
  588.4  3219.5   1.61    35.0    1.29     15400    2.4   1.7337e-01    2.4     6357
  605.0  3310.4   1.72   118.4    6.85    155307    0.9   1.7484e+00    0.9     6422
  609.2  3333.3   1.58    43.2    0.94     20018    2.6   2.2536e-01    2.6     5863
  612.4  3350.7   1.58    36.4    0.94     14040    3.3   1.5806e-01    3.3     5863
  615.3  3366.4   1.58     6.9    0.94      1408   27.9   1.5854e-02   27.9     5497
  624.0  3414.2   1.64    48.6    1.25     25169    1.7   2.8335e-01    1.7     5223
  628.4  3438.4   1.64     8.2    1.25      2667    9.9   3.0029e-02    9.9     5549
  631.0  3452.3   1.64    29.2    1.25     10774    2.9   1.2130e-01    2.9     5223
  655.9  3588.6   1.61    15.2    0.68      3399    7.4   3.8269e-02    7.4     4481
  665.4  3640.7   1.64     3.6    0.77       630   35.4   7.0914e-03   35.4     4344
  687.2  3760.3   1.66     3.3    0.99       489   45.1   5.5075e-03   45.1     4304
  689.8  3774.4   1.67     3.4    0.99       566   38.5   6.3687e-03   38.5     4304
  726.4  3974.5   1.86    29.8    1.13     12097    2.6   1.3619e-01    2.6     4576
  740.1  4049.8   1.71     3.4    1.08       544   37.1   6.1223e-03   37.1     3768
  744.0  4071.0   1.72     4.5    1.08       707   28.8   7.9645e-03   28.8     3768
  762.9  4174.2   1.83     4.4    1.04       556   35.3   6.2555e-03   35.3     3746
  768.5  4205.4   1.83    25.2    1.04      8089    3.4   9.1062e-02    3.4     3746
  772.3  4225.7   1.83     3.3    1.04       418   47.4   4.7073e-03   47.4     3746
  785.6  4298.7   1.75     3.6    0.92       628   26.6   7.0654e-03   26.6     3477
  794.9  4349.8   1.76     7.3    0.92      1142   15.7   1.2860e-02   15.7     3477
  806.2  4411.6   1.83     6.3    0.93       667   32.4   7.5068e-03   32.4     3480
  810.7  4436.3   1.83    24.5    0.93      7053    3.7   7.9402e-02    3.7     3480
  821.8  4497.2   1.90     3.9    1.04       703   23.6   7.9145e-03   23.6     3336
  828.9  4536.0   1.91    27.2    1.04      9969    2.3   1.1223e-01    2.3     3336
  835.1  4569.7   1.91     4.5    1.04       868   19.1   9.7742e-03   19.1     3522
  839.2  4592.1   1.92    13.8    1.04      3150    6.1   3.5460e-02    6.1     3336
  846.7  4633.4   1.93     7.2    1.04      1453   12.5   1.6363e-02   12.5     3522
  860.5  4708.6   1.82     7.3    1.25      1243   16.8   1.3991e-02   16.8     3148
  884.7  4841.1   1.84     4.2    0.87       409   46.3   4.6039e-03   46.3     3056
  904.2  4947.8   1.90     3.4    1.04       308   52.8   3.4652e-03   52.8     3057
  911.2  4986.0   1.90    24.9    1.04      6882    3.3   7.7472e-02    3.3     2896
  916.7  5016.3   1.91     3.3    1.04       352   47.2   3.9572e-03   47.2     3057
  934.5  5113.8   1.89     5.7    1.87      1613   13.5   1.8155e-02   13.5     2917
  964.7  5279.2   2.02     7.8    0.84      1590   12.4   1.7904e-02   12.4     2915
  969.0  5302.5   2.03    16.5    0.84      4081    5.3   4.5949e-02    5.3     2769
 1001.0  5477.9   1.95     3.9    0.72       457   39.4   5.1446e-03   39.4     2665
 1036.1  5669.7   2.18    17.4    1.01      4938    4.9   5.5591e-02    4.9     2923
 1115.5  6104.5   2.14     3.7    1.32       439   46.4   4.9405e-03   46.4     2912
 1120.3  6130.7   2.14    22.0    1.32      6232    4.1   7.0165e-02    4.1     2912
 1133.9  6205.3   2.07     4.7    0.69       831   22.6   9.3503e-03   22.6     2645
 1155.0  6321.0   2.09     3.6    1.09       650   30.2   7.3141e-03   30.2     2783
 1200.3  6568.6   2.13     5.1    1.13       768   23.2   8.6494e-03   23.2     2929
 1207.0  6605.3   2.14     3.7    1.13       298   59.9   3.3529e-03   59.9     2929
 1238.2  6776.2   2.23    14.6    1.06      3170    7.3   3.5685e-02    7.3     3088
 1280.8  7009.6   2.21     5.1    0.68       550   30.0   6.1946e-03   30.0     1981
 1324.3  7247.5   2.25     5.8    0.95       707   21.9   7.9647e-03   21.9     1563
 1377.6  7539.4   2.35    12.3    0.89      1873    6.6   2.1088e-02    6.6     1190
 1386.1  7585.7   2.36     3.9    0.89       396   24.1   4.4615e-03   24.1     1190
 1397.2  7646.7   2.37     3.4    0.89       347   27.6   3.9018e-03   27.6     1190
 1401.5  7670.1   2.37     6.1    0.89       571   17.5   6.4247e-03   17.5     1190
 1407.9  7705.2   2.38     7.3    0.89      1007   11.0   1.1339e-02   11.0     1190
 1434.0  7848.1   2.35     6.2    0.86       444   29.2   4.9956e-03   29.2     1080
 1460.8  7994.5   2.38    76.2    3.24     58674    1.1   6.6055e-01    1.1     1545
 1495.3  8183.5   2.40     3.6    1.01       254   41.0   2.8574e-03   41.0      703
 1509.2  8259.8   2.41     7.0    0.98       715   15.7   8.0519e-03   15.7      737
 1583.0  8663.5   2.48     3.3    0.94       258   36.6   2.9089e-03   36.6      676
 1588.2  8692.1   2.49     5.7    0.94       677   15.1   7.6188e-03   15.1      649
 1592.6  8716.3   2.49     4.9    0.94       686   15.4   7.7185e-03   15.4      649
 1620.8  8870.2   2.52     4.0    0.98       351   22.6   3.9551e-03   22.6      498
 1630.6  8924.1   2.53     4.7    0.98       332   24.2   3.7339e-03   24.2      498
 1661.2  9091.6   2.55     5.0    1.07       419   20.6   4.7135e-03   20.6      440
 1729.6  9466.1   2.62     9.1    0.97      1059    9.3   1.1918e-02    9.3      415
 1764.5  9657.0   2.65    25.3    1.47      5983    3.0   6.7358e-02    3.0      466
 1847.4 10110.7   2.72     7.4    1.09       720   13.3   8.1109e-03   13.3      401
 2103.1 11510.6   2.96     5.2    1.33       891    9.6   1.0027e-02    9.6      360
 2118.3 11593.8   2.97     6.3    1.33       467   16.4   5.2590e-03   16.4      360
 2203.9 12062.1   3.02    13.6    0.87      1764    6.2   1.9861e-02    6.2      358
 2293.4 12551.8   3.13     3.5    0.97       156   52.0   1.7530e-03   52.0      377
 2447.2 13394.1   3.27     7.7    1.23       523   15.6   5.8847e-03   15.6      253
 2614.0 14307.1   3.32    29.9    1.70      7815    2.4   8.7986e-02    2.4      170

   indicates the Iterative Peak Width fitting reached a limiting value.
