
                       be used for evaluation purposes
                                                            28-Mar-2019 14:49
                       _________________________________

                       P E A K     F I T     R E P O R T
                       _________________________________

 Spectrum file Analysed: CI031519_10cm_Fe01_HPGE2.Chn     
 Sample Title :          Fe01

 Spectrum saved on 15-Mar-2019 at 10:30    Collected on 13-Mar-2019 at 12:56
 Sample  Taken  on 13-Mar-2019 at 12:56    Decayed      0 Days,     0 mins.

            Detector file number used:     2
            Energy     Calibration Performed on  8-Mar-2019 at 11:34
            Peak Shape Calibration Performed on  8-Mar-2019 at 11:35

 

   Datetime:  13-Mar-2019  12:56
   Live:      160289. 
   Mass:      126
   Shelf:     10
   Detector:      2

   Reported Activity values were rounded     
   FitzPeaks Version: 3.71 23rd January 2014           
                                                                                                     
              


 Peak   Centre   FW@HM         Goodness   Peak      %      Gammas       %      2 Sigma
Energy  Channel  (KeV)  Signif  of Fit    Area   Uncert.  per sec.   Uncert. Background

   67.0   365.3   1.10    11.7    0.86     18054   11.0   1.1264e-01   11.0   265396
   68.8   375.3   1.10    23.9    0.86     32686    6.4   2.0392e-01    6.4   265396
   72.8   397.2   1.14    33.8    1.56     52717    3.9   3.2888e-01    3.9   305015
   75.0   409.0   1.14    60.0    1.56    102149    2.0   6.3728e-01    2.0   305015
   77.7   423.7   1.14     6.3    1.56     13638   14.9   8.5084e-02   14.9   279597
   84.8   462.7   1.34    23.4    0.85     51462    8.4   3.2106e-01    8.4   383522
   87.4   476.8   1.34     8.1    0.85     16578   26.1   1.0343e-01   26.1   413024
   92.7   506.1   1.12     3.8    1.24      3809   51.5   2.3760e-02   51.5   340569
  103.6   565.9   1.13     3.5    0.91      2970   57.3   1.8526e-02   57.3   321019
  106.1   579.2   1.13     3.9    0.91      5119   34.1   3.1937e-02   34.1   321019
  122.1   667.0   1.14   479.3    2.78   2078842    0.2   1.2969e+01    0.2   321984
  136.5   746.0   1.16   132.2    1.39    251648    1.0   1.5700e+00    1.0   307941
  186.1  1017.0   1.21     4.2    1.37      6607   28.5   4.1217e-02   28.5   308898
  209.8  1147.0   1.23     3.8    1.10      4424   34.3   2.7602e-02   34.3   338953
  216.2  1182.2   1.23     3.5    1.10      4472   34.8   2.7902e-02   34.8   338953
  228.3  1248.3   1.29    10.4    0.81     15898   11.6   9.9185e-02   11.6   349860
  238.8  1305.5   1.23    16.8    1.05     22377    7.3   1.3960e-01    7.3   323477
  242.0  1323.1   1.24     4.2    1.05      6951   23.6   4.3368e-02   23.6   298594
  277.8  1519.0   1.23    17.1    0.88     19740    7.5   1.2315e-01    7.5   232288
  295.3  1615.2   1.27    11.8    1.01     15050   10.1   9.3893e-02   10.1   237540
  320.2  1751.3   1.34    98.9    1.33    167784    1.2   1.0468e+00    1.2   236540
  338.4  1850.9   1.35     6.3    1.35      7085   38.0   4.4203e-02   38.0   243025
  346.2  1893.8   1.36    28.1    0.99     32394    5.6   2.0209e-01    5.6   198757
  352.0  1925.3   1.36    23.1    0.99     29454    5.8   1.8376e-01    5.8   198757
  399.6  2185.6   1.40     5.8    1.34      5540   23.2   3.4563e-02   23.2   154145
  411.8  2252.4   1.41     7.7    1.05      6207   20.0   3.8726e-02   20.0   148011
  463.3  2534.3   1.46     3.4    0.81      2700   44.7   1.6844e-02   44.7   150737
  510.9  2795.4   2.76   238.8   46.88   4841323    0.5   3.0204e+01    0.5   511592
  583.1  3190.5   1.66    10.4    0.77     12447   10.7   7.7653e-02   10.7   170653
  600.2  3283.8   1.58     7.3    1.12      7173   18.7   4.4752e-02   18.7   169666
  609.2  3333.3   1.61    26.7    1.07     31607    4.8   1.9719e-01    4.8   174450
  647.4  3542.2   1.63     7.3    0.99      7744   33.4   4.8312e-02   33.4   185279
  727.3  3979.7   1.66     5.1    1.03      4655   21.4   2.9041e-02   21.4   109046
  733.5  4013.5   1.66    12.4    1.03      9578   10.2   5.9756e-02   10.2   115861
  744.1  4071.9   1.72   383.7   21.50   1363093    0.5   8.5040e+00    0.5   100614
  749.6  4101.8   1.72     5.1   21.50      7016   31.2   4.3774e-02   31.2   100614
  768.4  4204.7   1.74     4.7    0.83      2622   38.2   1.6360e-02   38.2    88415
  787.7  4310.4   1.89    17.1    1.30     15516    7.2   9.6801e-02    7.2    94005
  810.8  4436.5   1.82    55.8    1.52     60074    2.2   3.7479e-01    2.2    81530
  834.8  4568.3   1.80   152.9    4.15    254103    0.8   1.5853e+00    0.8    92117
  846.8  4633.7   1.84   697.0   72.94   4426985    0.2   2.7619e+01    0.2   106196
  852.7  4666.1   1.82     3.8    0.91      2400   58.0   1.4974e-02   58.0    68245
  896.5  4905.6   1.86     4.4    0.80      3219   27.0   2.0082e-02   27.0    70306
  911.2  4986.1   1.98    12.3    1.15      9867   10.0   6.1558e-02   10.0    74901
  923.3  5052.3   1.88     3.8    1.64      3262   29.5   2.0350e-02   29.5    76674
  935.6  5119.6   1.89   342.6   27.07   1161587    0.5   7.2468e+00    0.5    80125
  944.3  5167.4   1.90     4.6    0.84      3275   28.5   2.0432e-02   28.5    75114
  964.7  5279.0   1.92     3.6    1.16      2211   42.1   1.3796e-02   42.1    76507
  968.9  5301.9   1.92     7.1    1.16      5285   18.4   3.2969e-02   18.4    80757
  977.4  5348.7   1.96    48.8    1.39     54220    2.0   3.3827e-01    2.0    84814
  983.6  5382.4   1.96    35.8    1.39     37679    2.9   2.3507e-01    2.9    84814
  992.9  5433.5   1.94     3.5    1.01      2264   43.8   1.4126e-02   43.8    90407
  996.9  5455.6   1.95     5.7    1.01      4128   24.9   2.5754e-02   24.9    90407
 1012.6  5541.6   1.96     5.7    1.35      6227   18.1   3.8849e-02   18.1    96926
 1037.9  5679.7   2.00   222.0   12.78    509322    0.6   3.1775e+00    0.6    73540
 1089.1  5960.2   2.03     3.4    0.82      1475   46.2   9.2051e-03   46.2    58832
 1099.2  6015.5   2.04     6.7    0.82      4221   16.4   2.6336e-02   16.4    58832
 1115.8  6106.3   2.06     5.0    1.06      1960   38.9   1.2225e-02   38.9    53488
 1120.3  6131.0   2.06    13.9    1.06      9034    8.8   5.6359e-02    8.8    53488
 1140.4  6240.7   2.08     8.0    0.85      4081   19.3   2.5459e-02   19.3    50198
 1160.1  6348.6   2.10     4.8    0.98      2751   29.2   1.7163e-02   29.2    51417
 1175.1  6431.0   2.18    65.5    1.76     73000    1.6   4.5543e-01    1.6    54432
 1199.2  6562.9   2.13     3.7    1.13      1896   43.7   1.1828e-02   43.7    53990
 1238.3  6776.9   2.14   468.2   72.69   2035408    0.4   1.2698e+01    0.4    56380
 1246.4  6820.8   2.36    51.2    1.83     44619    2.0   2.7836e-01    2.0    38083
 1255.0  6868.3   2.37     7.5    1.83      5787   12.5   3.6102e-02   12.5    38083
 1260.3  6896.9   2.38     7.5    1.83      7198   10.6   4.4907e-02   10.6    38083
 1291.7  7069.0   2.22     7.3    0.99      2744   22.7   1.7117e-02   22.7    28911
 1312.2  7181.0   2.27    41.5    1.32     27943    2.6   1.7433e-01    2.6    26185
 1333.7  7298.9   2.38    57.6    1.71     48111    1.7   3.0015e-01    1.7    25589
 1357.2  7427.4   2.33     8.7    5.29      9023    9.6   5.6293e-02    9.6    24049
 1360.2  7444.1   2.33   104.4    5.29    126420    1.1   7.8870e-01    1.1    23003
 1377.5  7538.9   2.29     5.1    0.94      2285   23.3   1.4256e-02   23.3    21035
 1401.2  7668.2   2.32     3.5    1.10       834   57.7   5.2024e-03   57.7    21123
 1407.8  7704.3   2.32     3.7    1.10      1311   37.2   8.1807e-03   37.2    22083
 1434.1  7848.5   2.33   285.6   17.83    822800    0.8   5.1332e+00    0.8    21612
 1442.9  7896.9   2.33     9.2   17.83      7266   14.0   4.5333e-02   14.0    20673
 1446.2  7914.8   2.34     5.7   17.83      5932   16.9   3.7005e-02   16.9    21612
 1460.8  7994.8   2.43    77.6    1.60     81129    1.1   5.0614e-01    1.1    23954
 1503.6  8229.2   2.41     3.8    0.77      1805   31.6   1.1258e-02   31.6    25879
 1523.7  8338.7   2.43     8.8    2.08      6478   10.7   4.0412e-02   10.7    27357
 1576.3  8626.7   2.93    30.4    1.96     29850    2.6   1.8623e-01    2.6    24398
 1640.5  8978.5   2.53     3.6    1.09      1075   46.6   6.7070e-03   46.6    18579
 1679.5  9191.7   2.65    14.8    1.54      5667    9.8   3.5357e-02    9.8    17804
 1729.7  9466.5   2.62     6.6    1.28      1576   32.4   9.8322e-03   32.4    17299
 1749.1  9572.5   3.16    12.7    0.96      8920    6.9   5.5651e-02    6.9    23605
 1764.6  9657.4   2.62    12.6   10.31     10446   13.4   6.5171e-02   13.4    23921
 1771.4  9694.6   2.63   188.9   10.31    342804    0.8   2.1387e+00    0.8    23921
 1810.8  9910.3   2.80    25.9    1.14     14752    3.8   9.2032e-02    3.8    17188
 1847.3 10110.5   2.72     3.7    1.20      1241   37.7   7.7436e-03   37.7    15124
 1884.2 10312.2   2.76     4.8    0.97      2297   19.9   1.4333e-02   19.9    13313
 1944.6 10642.9   2.81     5.8    1.48      3004   14.8   1.8742e-02   14.8    11603
 1963.7 10747.6   2.90    32.3    1.33     14735    3.4   9.1925e-02    3.4    11035
 1987.3 10876.7   2.85     5.1    1.28      2031   19.6   1.2670e-02   19.6    10423
 2015.1 11028.9   2.87    73.4    2.68     59061    1.3   3.6847e-01    1.3    11575
 2034.7 11136.0   2.87   121.5    8.93    151563    1.0   9.4556e-01    1.0    11445
 2085.1 11411.9   3.50     9.5    1.28     17777    3.5   1.1090e-01    3.5    13012
 2087.6 11425.5   3.51    22.1    1.28     28306    2.4   1.7659e-01    2.4    12629
 2103.3 11511.5   3.05     3.4    1.23      1062   33.9   6.6248e-03   33.9    10805
 2113.0 11564.7   3.06    17.4    1.23      6371    6.3   3.9747e-02    6.3    10805
 2178.9 11925.5   3.63    13.8    1.74     11507    4.7   7.1790e-02    4.7    13171
 2204.1 12063.2   3.38     8.2    0.93      3458   11.9   2.1574e-02   11.9    12228
 2212.8 12110.7   3.38    18.2    0.93      7734    5.8   4.8253e-02    5.8    12610
 2231.0 12210.5   3.69    24.3    2.28     20729    3.1   1.2932e-01    3.1    13827
 2250.6 12317.9   3.09     9.3    1.55      4100   11.9   2.5582e-02   11.9    13360
 2275.6 12454.9   3.11     9.2    1.12      3556   13.4   2.2183e-02   13.4    14342
 2369.3 12967.8   3.20     8.6    1.27      2147   25.0   1.3393e-02   25.0    17130
 2428.6 13292.3   3.25     5.0    1.01      2078   21.1   1.2962e-02   21.1    11670
 2447.5 13395.3   3.27     3.3    1.04       922   44.2   5.7539e-03   44.2    10349
 2498.2 13673.0   3.32     7.5    0.91      2359   15.0   1.4716e-02   15.0     7877
 2522.7 13807.0   3.34     4.2    0.87       810   41.3   5.0521e-03   41.3     7215
 2595.7 14206.7   3.00     7.7    7.31     32251    3.3   2.0120e-01    3.3     5763
 2598.3 14220.9   3.00   175.5    7.31    231049    0.7   1.4415e+00    0.7     5763
 2614.2 14308.0   3.01    29.4    7.31     10782    4.4   6.7268e-02    4.4     5763
 2690.4 14725.2   4.19    17.7    1.21      9768    4.2   6.0942e-02    4.2     6798
 2741.8 15006.7   4.25    29.4    1.25     25262    2.0   1.5760e-01    2.0     7779
 2761.4 15113.8   4.27    10.2    0.81      5963    6.7   3.7204e-02    6.7     7771
 2880.4 15765.2   3.67     3.6    0.98       757   43.9   4.7246e-03   43.9     6719
 2939.1 16086.5   3.72     5.9    0.83      2302   16.4   1.4362e-02   16.4     8526

   indicates the Iterative Peak Width fitting reached a limiting value.
