
                       be used for evaluation purposes
                                                            28-Mar-2019 14:07
                       _________________________________

                       P E A K     F I T     R E P O R T
                       _________________________________

 Spectrum file Analysed: CI031519_10cm_Fe02_HPGE1.Chn     
 Sample Title :          Fe02

 Spectrum saved on 15-Mar-2019 at 10:29    Collected on 13-Mar-2019 at 12:56
 Sample  Taken  on 13-Mar-2019 at 12:56    Decayed      0 Days,     0 mins.

            Detector file number used:     1
            Energy     Calibration Performed on  6-Mar-2019 at 16:50
            Peak Shape Calibration Performed on  6-Mar-2019 at 16:52

 

   Datetime:  13-Mar-2019  12:56
   Live:      159931. 
   Mass:      226
   Shelf:     10
   Detector:      1

   Reported Activity values were rounded     
   FitzPeaks Version: 3.71 23rd January 2014           
                                                                                                     
              


 Peak   Centre   FW@HM         Goodness   Peak      %      Gammas       %      2 Sigma
Energy  Channel  (KeV)  Signif  of Fit    Area   Uncert.  per sec.   Uncert. Background

   66.7   364.2   1.11    12.1    1.32     22542   10.2   1.4095e-01   10.2   316084
   68.5   374.2   1.11    26.7    1.32     43175    5.4   2.6996e-01    5.4   316084
   72.6   396.1   1.11    34.4    1.79     57551    5.9   3.5985e-01    5.9   378089
   74.7   407.9   1.11    61.7    1.79    114436    3.1   7.1553e-01    3.1   378089
   77.4   422.7   1.11     8.2    1.79     17522   19.5   1.0956e-01   19.5   346581
   84.5   461.5   1.30    21.5    1.45     55192    8.1   3.4510e-01    8.1   440852
   87.0   475.4   1.30     9.0    1.45     19705   22.4   1.2321e-01   22.4   440852
  121.8   665.6   1.19   476.2   72.51   2482793    0.4   1.5524e+01    0.4   356758
  136.3   744.7   1.21   126.9    6.90    298181    1.2   1.8644e+00    1.2   334813
  185.7  1014.8   1.16     5.3    1.27      6105   30.5   3.8174e-02   30.5   313853
  216.3  1182.2   1.19     3.5    0.87      3744   46.5   2.3409e-02   46.5   340206
  238.7  1304.7   1.32    19.3    1.40     30815    6.0   1.9268e-01    6.0   324481
  241.8  1321.6   1.32     4.8    1.40      6999   26.5   4.3762e-02   26.5   324481
  263.7  1441.3   1.23     3.4    0.79      3873   40.1   2.4219e-02   40.1   254693
  295.3  1614.2   1.26     9.5    0.77     10936   13.6   6.8377e-02   13.6   247586
  318.3  1740.1   1.32     5.5    2.77     11453   19.8   7.1611e-02   19.8   266392
  320.2  1750.3   1.33   100.1    2.77    186084    1.3   1.1635e+00    1.3   247364
  338.3  1849.3   1.29     4.9    1.06      5463   49.3   3.4157e-02   49.3   234173
  346.2  1892.6   1.43     8.3    1.04      9464   19.3   5.9172e-02   19.3   208631
  351.9  1923.9   1.43    16.3    1.04     23441    7.7   1.4657e-01    7.7   208631
  399.7  2184.9   1.35     3.4    0.98      2587   47.4   1.6174e-02   47.4   161933
  511.0  2793.9   2.89   216.1  290.89   4610895    0.4   2.8831e+01    0.4   500415
  583.3  3188.9   1.52    12.8    1.06     13761    9.8   8.6044e-02    9.8   166343
  600.3  3282.2   1.51     3.6    0.72      2443   55.0   1.5276e-02   55.0   178257
  609.3  3331.5   1.56    21.5    1.06     23996    6.9   1.5004e-01    6.9   185473
  727.3  3976.4   1.62     4.8    0.97      5570   20.3   3.4826e-02   20.3   109571
  733.7  4011.3   1.63    12.5    4.18      9763   11.6   6.1045e-02   11.6   102071
  739.3  4042.0   1.64     3.4    4.18      6319   17.3   3.9511e-02   17.3   102071
  742.7  4060.9   1.64     8.3    4.18     32451    5.6   2.0290e-01    5.6   102071
  744.3  4069.6   1.64   204.2    4.18    449354    0.5   2.8097e+00    0.5   108451
  749.6  4098.4   1.65     9.4    4.18      8160   13.5   5.1023e-02   13.5   108451
  768.5  4201.6   1.66     3.9    0.89      1784   56.2   1.1157e-02   56.2    97118
  787.8  4307.3   1.78    17.6    1.26     16726    5.8   1.0458e-01    5.8    96711
  795.1  4347.1   1.79     3.5    1.26      1638   59.7   1.0241e-02   59.7   102400
  810.9  4433.4   1.78    57.0    1.76     65975    2.2   4.1252e-01    2.2    99934
  834.9  4564.9   1.76   139.9    9.97    248868    1.0   1.5561e+00    1.0   159533
  840.0  4592.8   1.76     8.1    9.97     11084   17.8   6.9303e-02   17.8   150670
  834.9  4565.0   1.82   139.9    6.38    262177    1.5   1.6393e+00    1.5   135813
  839.9  4592.2   1.70    14.6   10.42     27706   13.3   1.7324e-01   13.3   116546
  841.7  4602.4   1.70     8.1   10.42     29747   11.8   1.8600e-01   11.8   116546
  843.8  4613.7   1.71    14.3   10.42     85885    4.2   5.3701e-01    4.2   116546
  845.4  4622.2   1.71    15.3   10.42    474689    0.9   2.9681e+00    0.9   116546
  846.9  4630.4   1.71   716.0   10.42   4772865    0.2   2.9843e+01    0.2   116546
  860.2  4703.5   1.73     3.3    1.03      1733   52.4   1.0835e-02   52.4    72168
  896.6  4902.4   1.76     6.7    0.82      3582   25.5   2.2397e-02   25.5    72478
  911.2  4982.1   1.81    11.6    1.10      8346   11.9   5.2184e-02   11.9    78658
  933.8  5105.9   1.79     7.2    4.26     32586    5.3   2.0375e-01    5.3    84243
  935.6  5115.3   1.79   192.7    4.26    377419    0.5   2.3599e+00    0.5    84243
  943.8  5160.6   1.80     3.5    1.00      2167   44.0   1.3552e-02   44.0    78053
  968.9  5297.7   1.90     6.6    1.52      4362   21.0   2.7274e-02   21.0    98172
  977.3  5343.7   1.91    56.1    1.52     62943    1.7   3.9356e-01    1.7    98172
  983.5  5377.5   1.91    29.5    1.52     27908    3.6   1.7450e-01    3.6    98172
  992.9  5429.0   1.84     3.5    1.01      2674   40.5   1.6723e-02   40.5   100099
  996.9  5450.7   1.85     4.9    1.01      4330   24.4   2.7075e-02   24.4   100099
 1012.7  5537.1   1.86     8.5    3.92      8581   14.5   5.3653e-02   14.5   100945
 1017.5  5563.2   1.86     6.2    3.92      5143   24.1   3.2155e-02   24.1   100945
 1020.6  5580.3   1.87     3.3    3.92      6268   19.5   3.9189e-02   19.5   106553
 1023.6  5597.0   1.87     3.4    3.92      4479   29.0   2.8008e-02   29.0   100945
 1035.8  5663.8   1.89     9.3    9.92     41883    4.8   2.6188e-01    4.8    78866
 1037.8  5674.3   1.89   238.2    9.92    565483    0.6   3.5358e+00    0.6    83247
 1063.6  5815.4   1.90     4.5    0.80      1994   44.6   1.2467e-02   44.6    67869
 1089.0  5954.3   1.92     3.4    0.78      1700   39.1   1.0628e-02   39.1    58578
 1099.1  6009.5   1.93     7.0    0.78      4573   14.6   2.8595e-02   14.6    58578
 1115.6  6099.9   2.17     3.7    0.95      2829   28.2   1.7689e-02   28.2    56665
 1120.1  6124.4   2.18    11.6    0.95      8190    9.9   5.1207e-02    9.9    56665
 1140.2  6234.2   1.97     7.9    1.11      4980   15.8   3.1137e-02   15.8    46979
 1159.7  6341.2   1.98     7.1    0.97      3567   21.5   2.2301e-02   21.5    43992
 1174.9  6424.2   2.13    75.7    3.25     85645    1.5   5.3551e-01    1.5    48357
 1198.6  6553.9   2.02     4.1    1.12      1688   45.1   1.0553e-02   45.1    44974
 1238.1  6769.6   2.15   505.8  190.87   2402949    0.5   1.5025e+01    0.5    61335
 1246.1  6813.6   2.38    24.5    1.72     15513    4.5   9.6999e-02    4.5    35107
 1255.0  6861.9   2.39     3.4    1.72      2420   26.2   1.5131e-02   26.2    36633
 1260.1  6889.9   2.39    11.2    1.72      9397    7.3   5.8754e-02    7.3    35107
 1274.0  6965.8   2.08     4.4    1.24      1988   31.2   1.2430e-02   31.2    28350
 1291.4  7061.1   2.10     5.7    1.34      2682   22.7   1.6768e-02   22.7    27150
 1311.9  7173.1   2.28    32.3    1.61     21560    3.4   1.3481e-01    3.4    28528
 1333.5  7291.6   2.56    24.6    2.25     18880    4.5   1.1805e-01    4.5    31927
 1357.3  7421.4   2.21    12.0    8.04     19397    6.1   1.2128e-01    6.1    27266
 1359.9  7435.9   2.22   112.6    8.04    144453    1.1   9.0322e-01    1.1    28564
 1377.5  7531.8   2.17     4.1    0.58      1874   29.8   1.1720e-02   29.8    24712
 1431.7  7828.6   2.18     8.2    4.65     18528    6.0   1.1585e-01    6.0    26705
 1433.8  7840.1   2.19   171.6    4.65    272159    0.6   1.7017e+00    0.6    27977
 1442.7  7888.3   2.19    11.2    4.65      5002   13.5   3.1273e-02   13.5    26705
 1446.6  7909.9   2.20     3.3    4.65      1972   35.7   1.2329e-02   35.7    27977
 1460.5  7986.0   2.43    68.1    1.48     67238    1.3   4.2042e-01    1.3    30116
 1503.9  8223.5   2.27     4.9    1.07      2596   23.7   1.6230e-02   23.7    30714
 1508.7  8249.5   2.28     3.6    1.07      1387   44.5   8.6708e-03   44.5    30714
 1523.4  8329.8   2.29     8.1    2.59      7134   10.7   4.4607e-02   10.7    31723
 1576.0  8617.3   2.75    35.4    1.28     33193    2.3   2.0755e-01    2.3    29793
 1592.1  8705.7   2.35     3.3    1.07      1013   58.1   6.3361e-03   58.1    24638
 1640.1  8968.1   2.39     4.6    0.96      1700   31.7   1.0632e-02   31.7    20525
 1679.3  9182.6   2.42     6.9    1.25      2465   21.6   1.5411e-02   21.6    18665
 1729.2  9455.2   2.46     3.8    0.91      1150   44.9   7.1936e-03   44.9    19756
 1748.7  9562.0   2.98    13.6    1.52     12853    5.3   8.0369e-02    5.3    24681
 1764.0  9645.3   2.37     6.3    3.22      9061    8.3   5.6655e-02    8.3    20694
 1766.4  9658.5   2.37     9.4    3.22      8581    9.0   5.3651e-02    9.0    20694
 1769.1  9673.5   2.37     9.3    3.22     50283    2.0   3.1441e-01    2.0    20694
 1771.1  9684.2   2.37   196.7    3.22    359933    0.5   2.2506e+00    0.5    20694
 1810.3  9898.9   2.62    30.9    1.06     16727    3.7   1.0459e-01    3.7    19566
 1847.3 10100.8   2.56     3.5    0.72      1099   42.6   6.8698e-03   42.6    16504
 1884.0 10301.7   2.85    10.1    0.77      3882   12.8   2.4273e-02   12.8    15918
 1944.5 10632.8   2.65     4.4    0.85      1298   31.5   8.1174e-03   31.5    12309
 1963.2 10735.0   2.85    33.0    1.15     17317    3.0   1.0828e-01    3.0    12876
 1986.9 10864.7   2.68     6.7    1.36      2482   17.1   1.5521e-02   17.1    11469
 2012.6 11005.3   2.54     5.5    2.34      8203    7.3   5.1291e-02    7.3    11821
 2014.8 11017.0   2.54    80.4    2.34     62972    1.2   3.9374e-01    1.2    11348
 2032.1 11111.4   2.61     7.0    4.67     16203    5.3   1.0131e-01    5.3    12161
 2034.3 11123.7   2.61   131.3    4.67    163458    0.7   1.0221e+00    0.7    12161
 2084.8 11399.6   3.26    13.0    1.51     25572    2.6   1.5990e-01    2.6    13869
 2087.2 11413.0   3.27    24.5    1.51     30631    2.1   1.9153e-01    2.1    14316
 2102.9 11499.0   2.79     3.5    1.05      1041   35.1   6.5120e-03   35.1    11280
 2112.5 11551.1   2.80    21.1    1.05      7414    5.5   4.6357e-02    5.5    11714
 2178.9 11914.1   3.41    14.8    1.45      9821    5.6   6.1410e-02    5.6    14095
 2203.7 12049.9   3.11     6.0    1.37      2300   19.0   1.4382e-02   19.0    13943
 2212.3 12097.0   3.12    19.6    1.37      8286    5.7   5.1810e-02    5.7    13943
 2230.6 12196.9   3.35    30.4    1.45     22840    2.6   1.4281e-01    2.6    15111
 2250.1 12304.0   3.39    10.7    0.97      5548    9.6   3.4692e-02    9.6    16289
 2275.2 12441.1   3.44    11.5    0.96      5161   10.9   3.2272e-02   10.9    18244
 2372.5 12973.1   3.01     5.0    1.19      1197   42.6   7.4824e-03   42.6    16864
 2428.2 13277.4   3.05     5.9    1.00      2139   21.0   1.3373e-02   21.0    12729
 2497.5 13656.8   3.11     8.4    0.96      2452   15.3   1.5334e-02   15.3     8825
 2522.5 13793.4   3.13     3.6    0.89       925   38.0   5.7810e-03   38.0     7877
 2591.5 14170.4   2.93    10.1    7.70      8367    7.5   5.2316e-02    7.5     7806
 2594.9 14189.0   2.93    14.1    7.70     32416    2.8   2.0269e-01    2.8     7806
 2597.7 14204.5   2.94   189.6    7.70    275977    0.6   1.7256e+00    0.6     8084
 2613.7 14291.9   3.53    29.7    1.98     11800    9.4   7.3782e-02    9.4     8446
 2656.3 14525.2   3.24     3.7    0.77       537   56.0   3.3562e-03   56.0     5827
 2689.9 14708.8   3.93    21.2    1.28     11137    3.8   6.9634e-02    3.8     7764
 2741.3 14989.8   3.98    32.0    1.80     28140    1.9   1.7595e-01    1.9     8714
 2760.8 15096.5   4.00    12.9    1.16      6482    6.6   4.0532e-02    6.6     8835
 2880.5 15750.9   3.43     5.1    1.06       826   42.4   5.1651e-03   42.4     7380
 2938.9 16070.3   3.48     7.4    1.12      2969   13.6   1.8561e-02   13.6     9200

   indicates the Iterative Peak Width fitting reached a limiting value.
