
                       be used for evaluation purposes
                                                            28-Mar-2019 16:32
                       _________________________________

                       P E A K     F I T     R E P O R T
                       _________________________________

 Spectrum file Analysed: CJ03242019_Ir03_10cm_room131.Chn 
 Sample Title :          Ir03

 Spectrum saved on 24-Mar-2019 at 12:17    Collected on 23-Mar-2019 at 15:39
 Sample  Taken  on 23-Mar-2019 at 15:39    Decayed      0 Days,     0 mins.

            Detector file number used:     7
            Energy     Calibration Performed on  8-Mar-2019 at 12:07
            Peak Shape Calibration Performed on  8-Mar-2019 at 12:08

 

   Datetime:  23-Mar-2019  15:39
   Live:      73337.0 
   Mass:      377
   Shelf:     10
   Detector:      7

   Reported Activity values were rounded     
   FitzPeaks Version: 3.71 23rd January 2014           
                                                                                                     
              


 Peak   Centre   FW@HM         Goodness   Peak      %      Gammas       %      2 Sigma
Energy  Channel  (KeV)  Signif  of Fit    Area   Uncert.  per sec.   Uncert. Background

   35.9   191.0   0.85    43.2    0.29     37810    3.4   5.1556e-01    3.4   105555
   51.2   272.4   1.11    16.6    4.83     43982   24.6   5.9972e-01   24.6   864435
   52.8   281.2   1.11    16.1    4.83     39311   28.2   5.3603e-01   28.2   864435
   54.5   290.0   1.11     5.7    4.83     25659   42.3   3.4987e-01   42.3   943019
   55.9   297.5   1.11     8.0    4.83     20670   52.1   2.8184e-01   52.1   864435
   58.7   312.6   0.93    65.6   34.38    135766    3.7   1.8513e+00    3.7   392814
   61.1   325.2   0.94   565.2   34.38   3526031    0.5   4.8080e+01    0.5   436460
   62.6   333.3   0.94   809.3   34.38   6643825    0.2   9.0593e+01    0.2   392814
   64.5   343.3   0.94   309.6   34.38   1170014    0.6   1.5954e+01    0.6   392814
   66.4   353.6   0.94   137.0   34.38    258066    2.2   3.5189e+00    2.2   392814
   58.7   312.6   0.93    65.6   34.47    135777    3.7   1.8514e+00    3.7   392812
   61.1   325.2   0.94   565.2   34.47   3526165    0.5   4.8082e+01    0.5   436457
   62.6   333.3   0.94   809.3   34.47   6643719    0.2   9.0592e+01    0.2   392812
   64.5   343.3   0.94   309.6   34.47   1169994    0.6   1.5954e+01    0.6   392812
   66.4   353.6   0.94   137.0   34.47    258057    2.2   3.5188e+00    2.2   392812
   58.7   312.6   0.93    65.6   34.47    135777    3.7   1.8514e+00    3.7   392812
   61.1   325.2   0.94   565.2   34.47   3526165    0.5   4.8082e+01    0.5   436457
   62.6   333.3   0.94   809.3   34.47   6643718    0.2   9.0592e+01    0.2   392812
   64.5   343.3   0.94   309.6   34.47   1169994    0.6   1.5954e+01    0.6   392812
   66.4   353.6   0.94   137.0   34.47    258057    2.2   3.5188e+00    2.2   392812
   69.2   368.0   1.01   161.1   21.26    415127    1.6   5.6605e+00    1.6   153498
   70.9   377.3   1.01   401.3   21.26   2071082    0.4   2.8241e+01    0.4   153498
   72.3   385.0   1.01    11.0   21.26    229804    2.3   3.1335e+00    2.3   153498
   73.0   388.5   1.01   230.3   21.26    933716    0.6   1.2732e+01    0.6   168848
   74.5   396.7   1.01   118.3   21.26    396655    1.3   5.4087e+00    1.3   153498
   75.2   400.4   1.02    13.1   21.26    153870    3.2   2.0981e+00    3.2   168848
   77.5   412.5   1.02    20.4   21.26     18904   25.1   2.5777e-01   25.1   168848
   82.0   436.2   1.12    43.9    9.49     48605    4.4   6.6276e-01    4.4   123822
   84.3   448.6   1.12    77.7    9.49    155819    1.5   2.1247e+00    1.5   123822
   86.9   462.3   1.04    36.0    1.92     44054    4.5   6.0070e-01    4.5   119569
   94.7   504.3   0.95    32.0    4.07     32927    4.6   4.4898e-01    4.6   111814
   96.0   511.1   0.95    20.7    4.07     25928    6.0   3.5355e-01    6.0   111814
  121.4   646.2   0.96    44.3    1.90     43780    3.4   5.9697e-01    3.4   135050
  128.7   685.3   1.00    50.3    0.71     58350    2.4   7.9565e-01    2.4   140082
  135.6   722.2   1.07    14.8    1.78     17278    8.6   2.3559e-01    8.6   165489
  137.2   730.3   1.07    11.1    1.78     17278    8.4   2.3560e-01    8.4   165489
  146.3   778.9   0.88    12.5    1.58      9258   14.0   1.2625e-01   14.0   146197
  149.1   793.6   0.88     9.7    1.58      7411   18.1   1.0106e-01   18.1   146197
  163.1   868.5   1.05     7.8    0.70      6181   19.4   8.4278e-02   19.4   165468
  171.3   911.9   1.04    26.0    1.05     25213    5.5   3.4380e-01    5.5   147212
  178.0   947.7   1.07     9.3    1.34      6954   17.8   9.4825e-02   17.8   146490
  179.6   956.5   1.07     3.6    1.34      2388   50.9   3.2555e-02   50.9   146490
  185.7   988.7   1.08   391.5    7.65   1321486    0.3   1.8019e+01    0.3   130281
  189.4  1008.5   1.09     6.6    7.65      3785   40.9   5.1616e-02   40.9   130281
  195.8  1042.8   1.13    65.3    1.09    109976    1.3   1.4996e+00    1.3   109011
  196.9  1048.5   1.13    13.7    1.09     44932    2.9   6.1267e-01    2.9   109011
  198.2  1055.3   1.13     6.1    1.09      5905   21.0   8.0524e-02   21.0   109011
  200.2  1066.0   1.14    22.7    1.09     20673    6.2   2.8188e-01    6.2   118921
  204.7  1089.9   1.13    99.1    3.72    135084    2.6   1.8420e+00    2.6   103359
  206.8  1101.0   1.13    25.0    3.72     31736   10.7   4.3274e-01   10.7   112755
  215.5  1147.4   1.11    38.0    0.95     35104    2.5   4.7867e-01    2.5    83430
  218.2  1162.1   1.11    42.8    0.95     40956    2.1   5.5846e-01    2.1    83430
  222.6  1185.1   1.12    77.2    0.95     86763    1.2   1.1831e+00    1.2    83430
  232.3  1237.1   1.13    22.6    1.09     20059    4.9   2.7352e-01    4.9    73904
  234.2  1247.3   1.13    10.8    1.09      9301    9.7   1.2683e-01    9.7    73904
  243.7  1298.0   1.15   210.0    1.68    387975    0.4   5.2903e+00    0.4    73715
  246.9  1314.8   1.15     7.0    1.68      6579   15.2   8.9712e-02   15.2    67572
  248.2  1322.0   1.15     7.4    1.68      7519   12.8   1.0252e-01   12.8    73715
  256.5  1366.0   1.16     3.4    0.97      2146   35.3   2.9264e-02   35.3    67442
  267.0  1422.1   1.41    12.2    2.06     14933    6.3   2.0363e-01    6.3    73216
  274.4  1461.2   1.16    41.5    0.65     31013    2.7   4.2288e-01    2.7    60231
  281.5  1499.2   1.16    23.7    1.15     15435    4.6   2.1047e-01    4.6    58390
  286.7  1526.7   1.17    29.7    1.15     19836    3.6   2.7048e-01    3.6    58390
  293.1  1560.6   1.19    16.6    4.46    133695    1.3   1.8230e+00    1.3    56128
  294.3  1567.3   1.20   282.3    4.46    852767    0.3   1.1628e+01    0.3    56128
  306.7  1633.4   1.22   296.3    9.46    870443    0.4   1.1869e+01    0.4    45835
  314.7  1676.0   1.23   502.2   33.45   2386519    0.2   3.2542e+01    0.2    41078
  326.7  1739.6   1.27    13.4    1.02      7470    8.4   1.0186e-01    8.4    41552
  336.9  1794.1   1.26     9.0    1.26      3948   14.3   5.3833e-02   14.3    37271
  341.6  1819.4   1.26     3.6    1.26      2069   27.1   2.8216e-02   27.1    40377
  349.2  1859.7   1.27    26.0    0.78     15895    4.1   2.1674e-01    4.1    37483
  357.9  1906.2   1.27     7.8    1.15     31926    2.8   4.3533e-01    2.8    34074
  359.1  1912.2   1.27   132.2    1.15    200651    0.6   2.7360e+00    0.6    34074
  369.1  1965.8   1.30   190.4    3.00    347590    0.5   4.7396e+00    0.5    34837
  372.3  1983.0   1.30    27.9    3.00     18419    3.3   2.5116e-01    3.3    32158
  377.9  2012.3   1.31    41.9    3.00     32067    2.1   4.3725e-01    2.1    34837
  381.1  2029.5   1.31     3.9    3.00      1575   37.4   2.1469e-02   37.4    34837
  388.7  2070.0   1.31     5.7    1.06      2745   20.0   3.7431e-02   20.0    27558
  392.4  2089.5   1.31     3.7    1.06      1696   32.7   2.3125e-02   32.7    29854
  395.1  2104.2   1.32    90.6    1.06     96225    0.8   1.3121e+00    0.8    29854
  404.9  2156.2   1.38   183.2    5.22    409465    0.5   5.5833e+00    0.5    28693
  407.1  2168.2   1.39    29.5    5.22     33928    2.7   4.6264e-01    2.7    28693
  414.1  2205.3   1.34    23.9    1.61     14645    5.5   1.9969e-01    5.5    25814
  418.3  2227.5   1.35    29.5    1.61     18197    4.5   2.4812e-01    4.5    25814
  421.9  2246.8   1.35     3.5    1.61      1641   47.5   2.2379e-02   47.5    25814
  429.2  2285.6   1.42    45.6    1.46     35739    1.8   4.8733e-01    1.8    20579
  431.6  2298.6   1.42     4.3    1.46      2666   19.3   3.6357e-02   19.3    20579
  445.2  2371.1   1.38    56.2    1.30     33800    1.9   4.6088e-01    1.9    17283
  453.8  2417.0   1.38    28.5    0.69     12268    3.7   1.6728e-01    3.7    15925
  465.3  2478.4   1.41   333.0   29.12    986778    0.5   1.3455e+01    0.5    13268
  475.1  2530.2   1.38    43.7    1.66     21921    2.3   2.9891e-01    2.3    12227
  480.1  2557.0   1.45     7.0    1.74      5030    9.0   6.8594e-02    9.0    10650
  481.8  2566.1   1.45    77.4    1.74     69113    0.9   9.4240e-01    0.9    10650
  486.3  2589.7   1.46    16.9    1.74      8311    5.3   1.1333e-01    5.3    10650
  487.9  2598.6   1.46    15.8    1.74      8130    5.4   1.1086e-01    5.4    10650
  499.6  2661.0   1.46    32.8    1.10     14704    2.7   2.0050e-01    2.7     8307
  508.0  2705.6   1.46     7.6    3.16      3585   19.2   4.8890e-02   19.2    10937
  515.5  2745.2   1.48   195.6    9.28    401873    0.6   5.4798e+00    0.6     7060
  535.7  2853.3   1.48    71.4    2.77     46394    1.3   6.3262e-01    1.3     7147
  544.5  2900.1   1.36    10.2    1.36      2013   12.9   2.7444e-02   12.9     5702
  554.7  2954.2   1.51   197.5    7.66    346226    0.5   4.7210e+00    0.5     5603
  559.1  2977.8   1.52    12.2    7.66      3483    8.3   4.7492e-02    8.3     5603
  566.0  3014.2   1.53   186.1    7.66    317031    0.6   4.3229e+00    0.6     5603
  577.7  3076.5   1.54     6.2    2.94      1869   27.5   2.5491e-02   27.5     6833
  585.1  3116.3   1.57    88.4    2.49     76999    0.8   1.0499e+00    0.8     5221
  590.3  3143.7   1.57    14.5    2.49      4238    7.5   5.7785e-02    7.5     5221
  596.8  3178.5   1.73     8.7   36.71      3424   21.8   4.6683e-02   21.8     4431
  601.4  3203.3   1.74   193.6   36.71    575309    0.6   7.8447e+00    0.6     4431
  608.8  3242.6   1.59    97.2    3.89     94452    0.9   1.2879e+00    0.9     5061
  611.7  3258.1   1.59    17.6    3.89      5644    5.4   7.6963e-02    5.4     5399
  616.8  3285.1   1.60     7.1    3.89      1810   16.4   2.4683e-02   16.4     5399
  620.8  3306.5   1.60    20.1    3.89      8359    4.0   1.1398e-01    4.0     5061
  624.9  3328.2   1.61    18.1    3.89      9568    3.4   1.3047e-01    3.4     5399
  627.3  3341.2   1.61    49.8    3.89     35885    1.4   4.8932e-01    1.4     5399
  637.0  3392.6   1.61     3.7    1.33       482   42.5   6.5788e-03   42.5     3454
  652.1  3473.1   1.65    34.1    0.95     11796    2.4   1.6085e-01    2.4     3136
  662.6  3528.8   1.64     7.1    1.68      1539   11.2   2.0984e-02   11.2     2909
  664.2  3537.4   1.64     8.7    1.68      2813    6.6   3.8357e-02    6.6     2909
  673.0  3584.3   1.65     3.7    1.68       872   20.0   1.1894e-02   20.0     2909
  683.6  3640.9   1.65     9.1    0.67      2118    8.6   2.8883e-02    8.6     2570
  686.0  3653.4   1.65    12.4    0.67      2537    7.7   3.4598e-02    7.7     2570
  700.8  3732.6   1.70    10.9    0.97      2069    8.3   2.8216e-02    8.3     2314
  704.7  3753.3   1.70     5.5    0.97       729   22.1   9.9454e-03   22.1     2314
  722.0  3845.3   1.71    61.8    1.45     35138    1.3   4.7913e-01    1.3     1726
  735.8  3919.0   1.72     8.7    0.91      1636    9.3   2.2314e-02    9.3     1727
  739.5  3938.7   1.73     3.5    0.91       279   50.7   3.8020e-03   50.7     1835
  751.2  4001.2   1.74     9.8    1.49      1917    9.0   2.6145e-02    9.0     1813
  764.0  4069.4   1.72    49.3    1.14     20546    1.5   2.8016e-01    1.5     1656
  779.8  4153.1   1.69    30.6    1.31      7818    2.9   1.0660e-01    2.9     1621
  787.1  4192.2   1.70    10.9    1.31      1844    8.1   2.5143e-02    8.1     1621
  805.9  4292.3   1.85    45.2    1.84     17851    1.7   2.4341e-01    1.7     1412
  812.7  4328.7   1.86     3.6    1.84       395   29.2   5.3865e-03   29.2     1412
  816.9  4350.8   1.87    14.1    1.84      2370    6.0   3.2320e-02    6.0     1412
  824.0  4388.6   1.87    58.9    1.84     34058    1.3   4.6441e-01    1.3     1412
  834.1  4442.5   1.84    30.6    1.05      8955    2.2   1.2211e-01    2.2     1155
  841.7  4482.8   1.85     9.3    1.05      1053   10.9   1.4362e-02   10.9     1223
  847.5  4513.8   1.86     3.9    1.05       289   36.0   3.9360e-03   36.0     1223
  858.6  4572.8   1.87     3.9    0.99       375   30.0   5.1184e-03   30.0     1015
  879.2  4682.7   1.91    20.1    1.29      4065    4.1   5.5422e-02    4.1     1061
  884.4  4710.3   1.92     7.0    1.29       983   13.8   1.3410e-02   13.8     1061
  899.1  4789.0   1.92     3.8    0.89       483   24.2   6.5861e-03   24.2     1034
  911.3  4853.7   1.70     6.9    0.93       662   15.4   9.0297e-03   15.4      879
  915.2  4874.2   1.71     8.4    0.93       854   11.9   1.1649e-02   11.9      828
  919.9  4899.7   1.71    10.7    0.93      1075    9.9   1.4657e-02    9.9      879
  929.6  4951.0   1.95     3.3    1.29       256   41.7   3.4878e-03   41.7      751
  942.4  5019.5   1.97     3.8    0.94       405   23.6   5.5157e-03   23.6      668
  946.5  5041.2   1.97     5.9    0.94       683   15.2   9.3109e-03   15.2      668
  949.3  5056.3   1.98     3.7    0.94       507   18.8   6.9104e-03   18.8      668
  970.4  5168.5   1.93    18.0    1.05      2849    4.8   3.8848e-02    4.8      644
 1005.2  5354.0   2.06     4.2    1.21       205   33.3   2.7904e-03   33.3      485
 1009.8  5378.2   2.06     3.5    1.21       285   24.2   3.8891e-03   24.2      485
 1019.6  5430.4   2.07     5.5    1.21       307   22.3   4.1830e-03   22.3      461
 1029.7  5484.6   2.09    45.7    1.21     17208    1.6   2.3464e-01    1.6      485
 1055.2  5620.1   2.10     5.4    1.03       601   14.3   8.1973e-03   14.3      414
 1069.7  5697.7   2.12     9.3    1.01       719   10.8   9.8043e-03   10.8      385
 1081.0  5757.7   2.13     9.3    1.01       696   11.0   9.4964e-03   11.0      385
 1116.7  5947.9   2.22    12.1    1.15      1425    6.6   1.9432e-02    6.6      333
 1126.9  6002.0   2.23    16.0    1.15      2789    4.3   3.8037e-02    4.3      349
 1140.5  6074.6   2.20     7.6    2.20       698   14.6   9.5221e-03   14.6      394
 1155.7  6155.6   2.36    12.8    1.21      1437    7.2   1.9601e-02    7.2      330
 1192.9  6353.7   2.22    16.6    0.73      3014    3.8   4.1093e-02    3.8      229
 1215.5  6474.1   2.29     3.5    1.02       155   38.1   2.1203e-03   38.1      227
 1230.8  6555.4   2.31     6.2    1.21       514   14.2   7.0029e-03   14.2      228
 1316.3  7010.7   2.49    17.6    0.89      3026    3.7   4.1263e-02    3.7      140
 1347.2  7175.6   2.44     6.5    1.07       310   18.8   4.2263e-03   18.8      147
 1378.4  7341.6   2.48     9.1    1.04       852    7.5   1.1621e-02    7.5      116
 1388.6  7395.8   2.49     9.5    1.04       911    7.5   1.2421e-02    7.5      121
 1425.2  7590.8   2.53     3.8    1.10       215   22.1   2.9385e-03   22.1      101
 1451.7  7732.1   2.57     4.0    0.96       204   20.8   2.7856e-03   20.8       80
 1485.7  7913.5   2.61     5.5    1.10       326   13.9   4.4422e-03   13.9       82
 1493.5  7954.6   2.61     3.6    1.10        87   41.7   1.1927e-03   41.7       82
 1760.5  9377.2   2.93     3.4    1.04        92   40.7   1.2516e-03   40.7       68
 2581.7 13750.9   3.89     3.6    0.80        80   32.2   1.0882e-03   32.2       29
 2598.0 13838.1   3.91     4.0    0.80        94   30.2   1.2862e-03   30.2       29

   indicates the Iterative Peak Width fitting reached a limiting value.
