
                       be used for evaluation purposes
                                                             7-Mar-2019 10:52
                       _________________________________

                       P E A K     F I T     R E P O R T
                       _________________________________

 Spectrum file Analysed: 20190214_IDM4_background.Chn     
 Sample Title :                                                  

 Spectrum saved on 14-Feb-2019 at 11:55    Collected on  7-Feb-2019 at 17:43
 Sample  Taken  on  7-Feb-2019 at 17:43    Decayed      0 Days,     0 mins.

            Detector file number used:     6
            Energy     Calibration Performed on  6-Mar-2019 at 18:18
            Peak Shape Calibration Performed on  6-Mar-2019 at 18:19

 

   Datetime:   7-Feb-2019  17:43
   Live:      581747. 
   Mass:      
   Shelf:     
   Detector:      6

   Reported Activity values were rounded     
   FitzPeaks Version: 3.71 23rd January 2014           
                                                                                                     
              


 Peak   Centre   FW@HM         Goodness   Peak      %      Gammas       %      2 Sigma
Energy  Channel  (KeV)  Signif  of Fit    Area   Uncert.  per sec.   Uncert. Background

   63.3   345.3   1.06     6.0    0.98      7231   23.8   1.2430e-02   23.8   291926
   67.0   365.4   1.07    27.2    0.98     36655    4.8   6.3008e-02    4.8   291926
   68.8   375.2   1.07    46.5    0.98     65944    2.8   1.1336e-01    2.8   291926
   74.8   407.9   1.15    34.8    5.52     42962    9.1   7.3850e-02    9.1   386179
   77.4   421.9   1.15    29.9    5.52     55238    7.4   9.4952e-02    7.4   386179
   80.1   437.1   1.15     6.8    5.52      9294   41.0   1.5976e-02   41.0   386179
   84.4   460.3   1.40!    3.7    1.43     11213   34.1   1.9274e-02   34.1   474601
   87.2   475.9   1.40!   10.3    1.43     21438   18.4   3.6851e-02   18.4   474601
   89.9   490.6   1.40!    8.5    1.43     13784   29.3   2.3694e-02   29.3   474601
   92.7   505.9   1.41!   14.0    1.43     32673   11.9   5.6164e-02   11.9   474601
   99.5   543.1   1.26     5.4    1.50     13106   15.6   2.2528e-02   15.6   424710
  103.8   566.5   1.27    10.1    1.50     16716   12.9   2.8734e-02   12.9   460102
  106.0   578.8   1.27    12.2    1.50     21588    9.6   3.7109e-02    9.6   460102
  117.2   639.7   1.19     3.6    1.33      5708   32.6   9.8124e-03   32.6   417999
  122.2   667.1   1.20     3.5    1.33      3762   49.0   6.4666e-03   49.0   417999
  129.1   705.0   1.20     5.8    0.97      7585   27.4   1.3039e-02   27.4   403084
  143.9   785.9   1.22     4.9    0.88      5781   35.7   9.9372e-03   35.7   366651
  154.1   841.7   1.22     3.7    0.63      3406   56.4   5.8546e-03   56.4   366595
  186.0  1015.9   1.28    25.4    1.41     37882    5.2   6.5118e-02    5.2   279086
  209.5  1144.7   1.39    11.1    1.11     17519    9.3   3.0115e-02    9.3   244203
  228.3  1247.1   1.21    18.3    0.65     18500    7.3   3.1801e-02    7.3   180505
  238.7  1304.4   1.18   110.1   10.36    137187    1.7   2.3582e-01    1.7   162674
  241.9  1321.7   1.18    24.5   10.36     32208    7.8   5.5364e-02    7.8   162674
  258.9  1414.9   1.31     3.4    1.24      2407   50.3   4.1383e-03   50.3   143017
  270.3  1477.1   1.58!   10.0    1.19     14445    9.2   2.4831e-02    9.2   161193
  277.7  1517.3   1.23    35.7    0.97     31158    3.8   5.3559e-02    3.8   114493
  295.3  1613.8   1.23    77.5    1.09     73642    1.5   1.2659e-01    1.5    97091
  300.2  1640.3   1.23    15.5    1.09     10937    9.4   1.8800e-02    9.4   105182
  316.1  1727.3   1.36     5.1    1.05      3225   31.2   5.5436e-03   31.2    92848
  328.1  1793.0   1.24    12.3    1.12      8513    9.3   1.4634e-02    9.3    78390
  334.4  1827.4   1.25     6.1    1.12      3637   20.3   6.2526e-03   20.3    84923
  338.4  1849.2   1.25    42.7    1.12     32182    2.6   5.5320e-02    2.6    84923
  352.0  1923.6   1.30   120.5    1.54    140411    0.9   2.4136e-01    0.9    72502
  388.9  2125.3   1.42     3.3    1.09      1502   53.9   2.5824e-03   53.9    64084
  401.8  2196.1   1.25     3.5    0.96      1156   52.1   1.9869e-03   52.1    50789
  405.2  2214.7   1.25     3.3    0.96      1079   55.8   1.8543e-03   55.8    55021
  409.4  2237.9   1.26    11.4    0.96      5290   12.3   9.0931e-03   12.3    50789
  438.7  2398.1   1.46     5.9    0.69      2715   26.9   4.6676e-03   26.9    50346
  463.0  2530.6   1.43    21.7    0.98     12056    6.6   2.0723e-02    6.6    49062
  487.2  2663.0   1.50     3.4    0.68      1306   50.9   2.2455e-03   50.9    41900
  510.9  2792.8   2.51    58.5    3.46    205897    0.9   3.5393e-01    0.9    68831
  562.4  3074.4   1.56     6.6    0.80      1990   26.3   3.4211e-03   26.3    34350
  569.8  3114.8   1.56     7.6    0.80      3930   13.7   6.7548e-03   13.7    36640
  583.1  3187.8   1.49    91.1    1.90     76996    1.2   1.3235e-01    1.2    32973
  609.3  3330.7   1.52   136.2    1.05    148524    0.7   2.5531e-01    0.7    29278
  665.4  3637.7   1.64     9.5    1.08      4570   12.4   7.8565e-03   12.4    27456
  702.9  3842.8   1.67     4.2    1.19      1429   39.7   2.4567e-03   39.7    27687
  719.9  3935.4   1.64     3.5    1.12      1450   32.2   2.4930e-03   32.2    25800
  727.2  3975.7   1.65    34.2    1.12     17569    3.0   3.0201e-02    3.0    24283
  742.4  4058.8   1.70     4.1    1.11      1793   30.6   3.0813e-03   30.6    24683
  755.3  4129.0   1.72     5.8    0.92      2324   23.1   3.9943e-03   23.1    22989
  763.4  4173.6   1.83     4.6    1.68      1389   38.1   2.3878e-03   38.1    24966
  768.2  4200.0   1.83    28.4    1.68     15817    3.8   2.7189e-02    3.8    24966
  772.3  4222.2   1.84     8.3    1.68      3451   15.7   5.9319e-03   15.7    24966
  781.8  4274.0   1.75     4.2    1.03      1340   36.4   2.3034e-03   36.4    23831
  785.7  4295.5   1.75    13.4    1.03      6107    8.3   1.0498e-02    8.3    22507
  794.9  4345.7   1.73    22.9    0.96     10425    5.7   1.7920e-02    5.7    21874
  806.1  4407.2   1.76     9.5    0.90      3877   13.0   6.6643e-03   13.0    21344
  830.7  4541.6   2.05     5.1    1.01      1891   27.1   3.2508e-03   27.1    24299
  835.0  4565.3   2.06    19.0    1.01     11578    4.7   1.9902e-02    4.7    24299
  839.6  4590.5   2.06     5.4    1.01      3561   14.8   6.1204e-03   14.8    25514
  860.5  4704.5   1.75    24.0    0.73     10351    5.3   1.7793e-02    5.3    19928
  889.2  4861.6   1.82     8.1    0.82      3155   15.1   5.4225e-03   15.1    20544
  893.3  4883.8   1.83     3.4    0.82       868   55.0   1.4923e-03   55.0    20544
  904.4  4944.6   1.78     4.0    1.30      1857   24.8   3.1916e-03   24.8    18801
  911.2  4981.6   1.79    81.1    1.30     60102    1.2   1.0331e-01    1.2    18801
  934.1  5106.7   1.83    21.2    0.99      9391    5.7   1.6143e-02    5.7    18787
  949.7  5192.5   1.87     5.0    2.12      2339   22.5   4.0210e-03   22.5    20146
  964.7  5274.4   1.84    25.9    0.98     12282    4.3   2.1112e-02    4.3    18330
  969.0  5297.7   1.84    59.4    0.98     35923    1.7   6.1751e-02    1.7    18330
  983.6  5377.6   1.90     3.5    0.92       927   51.8   1.5943e-03   51.8    18748
 1001.0  5473.0   1.67    12.7    1.22      3562   12.9   6.1227e-03   12.9    15835
 1052.0  5751.5   1.96     3.5    0.76       881   53.4   1.5144e-03   53.4    18257
 1063.7  5815.7   1.92    10.1    0.96      3575   10.5   6.1454e-03   10.5    17749
 1070.0  5850.1   1.93     4.6    0.96       866   40.8   1.4878e-03   40.8    17749
 1078.7  5897.7   1.93     3.8    0.96      1383   25.9   2.3770e-03   25.9    17749
 1120.3  6125.4   2.03    67.9    1.65     47464    1.6   8.1589e-02    1.6    17031
 1155.2  6316.1   2.14    12.3    0.77      4911   10.2   8.4417e-03   10.2    18082
 1173.2  6414.6   2.06     4.4    0.70      1627   24.5   2.7965e-03   24.5    18266
 1181.9  6461.9   2.06     3.3    0.70       667   58.6   1.1466e-03   58.6    18266
 1207.8  6603.5   2.08     4.6    1.02      1426   35.2   2.4511e-03   35.2    19592
 1238.2  6769.8   2.13    33.9    0.92     17528    3.3   3.0130e-02    3.3    19548
 1253.9  6855.9   2.12     3.9    1.18      1081   41.0   1.8585e-03   41.0    14395
 1274.6  6968.9   2.09    79.8    2.04     56823    1.3   9.7677e-02    1.3    12887
 1281.1  7004.3   2.09    10.3    2.04      4076   11.2   7.0068e-03   11.2    13531
 1311.8  7172.5   2.17     5.0    0.97       983   39.6   1.6905e-03   39.6    11227
 1332.4  7285.2   2.19     6.0    0.93      1559   23.8   2.6806e-03   23.8     9857
 1377.7  7532.6   2.22    29.4    0.84     11380    2.9   1.9561e-02    2.9     7419
 1385.4  7574.7   2.23     9.3    0.84      2197   13.4   3.7763e-03   13.4     7772
 1401.5  7663.1   2.25    12.8    0.89      3800    8.1   6.5316e-03    8.1     7310
 1408.0  7698.5   2.25    23.2    0.89      6977    4.7   1.1993e-02    4.7     6978
 1460.8  7987.2   2.27   221.9   25.55    402069    0.9   6.9114e-01    0.9     5872
 1495.9  8179.0   2.31     7.4    1.00      1863   12.3   3.2020e-03   12.3     4572
 1501.6  8210.5   2.32     5.6    1.00       902   24.3   1.5509e-03   24.3     4779
 1509.2  8252.0   2.32    21.6    1.00      5768    4.7   9.9154e-03    4.7     4572
 1538.5  8412.3   2.35     6.9    0.89      1270   15.2   2.1835e-03   15.2     3999
 1543.4  8438.9   2.36     4.4    0.89       842   21.7   1.4474e-03   21.7     3999
 1556.7  8511.7   2.37     3.3    0.89       392   45.2   6.7377e-04   45.2     3999
 1580.4  8641.2   2.66     5.1    1.69      1460   16.5   2.5105e-03   16.5     4054
 1583.3  8657.2   2.66     7.2    1.69      2013   11.9   3.4598e-03   11.9     4054
 1588.2  8683.9   2.67    24.6    1.69      6960    4.3   1.1963e-02    4.3     4054
 1592.4  8707.0   2.67    15.1    1.69      7106    4.0   1.2214e-02    4.0     4054
 1599.2  8744.2   2.68     5.6    1.69      1040   23.7   1.7886e-03   23.7     4054
 1620.7  8861.6   2.20    15.3    1.00      2840    6.6   4.8819e-03    6.6     3084
 1630.6  8915.8   2.21    16.5    1.00      2916    6.2   5.0117e-03    6.2     3231
 1638.5  8958.8   2.22     6.5    1.00       809   20.3   1.3914e-03   20.3     3231
 1661.3  9083.7   2.32    14.0    1.16      2670    8.8   4.5890e-03    8.8     3062
 1684.0  9208.1   2.47     3.8    1.25       482   37.2   8.2892e-04   37.2     3000
 1693.2  9258.0   2.48     3.6    1.25       717   26.4   1.2324e-03   26.4     3000
 1729.6  9457.2   2.54    28.0    1.22      7943    3.5   1.3653e-02    3.5     2709
 1764.5  9647.9   2.51    70.3    3.76     42191    1.3   7.2525e-02    1.3     2512
 1838.5 10052.7   2.67     6.3    1.06       884   20.9   1.5191e-03   20.9     2632
 1847.4 10101.3   2.68    21.5    1.06      5395    4.5   9.2733e-03    4.5     2632
 1873.2 10242.3   2.63     4.2    1.13       456   45.8   7.8306e-04   45.8     2638
 2103.2 11500.2   3.38!   19.1    2.16      9157    3.8   1.5740e-02    3.8     2912
 2118.4 11583.4   2.78    15.8    1.12      2975    7.7   5.1142e-03    7.7     2330
 2203.9 12051.0   2.81    37.2    2.20     12635    2.6   2.1720e-02    2.6     2454
 2293.3 12539.5   2.97     5.4    0.95       922   23.7   1.5854e-03   23.7     2728
 2447.4 13382.3   3.08    17.9    1.26      3831    5.9   6.5846e-03    5.9     1787
 2612.3 14284.3   2.58!    6.3    6.79     13646    3.0   2.3457e-02    3.0      241
 2614.4 14295.8   2.59!   91.4    6.79     54274    1.2   9.3295e-02    1.2      241

 ! indicates the Iterative Peak Width fitting reached a limiting value.
