natCu(d,x)63Zn					
					
					
	fit	fit			
Energy	Pade	Uncert.	Phys. yield	Phys. yield	1 h irrad.
MeV	mb	mb	(MBq/uAh)	(mCi/uAh)	(MBq/uA)
0.0	0.00	0.00	1.07E-01	2.90E-03	6.56E-02
1.0	0.00	0.00	1.07E-01	2.90E-03	6.56E-02
2.0	0.00	0.00	1.07E-01	2.90E-03	6.56E-02
3.0	0.00	0.00	1.07E-01	2.90E-03	6.56E-02
4.0	0.00	0.00	1.07E-01	2.90E-03	6.56E-02
6.5	1.00	0.04	1.07E-01	2.90E-03	6.56E-02
6.6	1.60	0.06	2.80E-01	7.58E-03	1.71E-01
6.7	2.19	0.09	5.20E-01	1.41E-02	3.18E-01
6.8	2.78	0.11	8.28E-01	2.24E-02	5.06E-01
6.9	3.38	0.14	1.21E+00	3.26E-02	7.37E-01
7.0	3.97	0.30	1.65E+00	4.47E-02	1.01E+00
7.1	4.57	0.35	2.17E+00	5.87E-02	1.33E+00
7.2	5.23	0.40	2.77E+00	7.49E-02	1.69E+00
7.3	6.01	0.46	3.47E+00	9.38E-02	2.12E+00
7.4	6.97	0.53	4.28E+00	1.16E-01	2.62E+00
7.5	8.17	0.62	5.25E+00	1.42E-01	3.21E+00
7.6	9.67	0.74	6.40E+00	1.73E-01	3.91E+00
7.7	11.53	0.88	7.78E+00	2.10E-01	4.76E+00
7.8	13.81	1.05	9.45E+00	2.55E-01	5.78E+00
7.9	16.57	1.26	1.15E+01	3.10E-01	7.02E+00
8.0	19.88	1.40	1.39E+01	3.76E-01	8.51E+00
8.1	23.76	1.67	1.69E+01	4.56E-01	1.03E+01
8.2	28.14	1.98	2.04E+01	5.51E-01	1.25E+01
8.3	32.91	2.31	2.46E+01	6.64E-01	1.50E+01
8.4	37.96	2.67	2.94E+01	7.94E-01	1.80E+01
8.5	43.18	3.04	3.49E+01	9.44E-01	2.13E+01
8.6	48.48	3.41	4.12E+01	1.11E+00	2.52E+01
8.7	53.74	3.78	4.82E+01	1.30E+00	2.95E+01
8.8	58.85	4.14	5.59E+01	1.51E+00	3.42E+01
8.9	63.72	4.48	6.44E+01	1.74E+00	3.93E+01
9.0	68.23	4.61	7.35E+01	1.99E+00	4.49E+01
9.1	72.30	4.89	8.32E+01	2.25E+00	5.08E+01
9.2	75.98	5.14	9.35E+01	2.53E+00	5.71E+01
9.3	79.33	5.36	1.04E+02	2.82E+00	6.37E+01
9.4	82.43	5.57	1.16E+02	3.12E+00	7.07E+01
9.5	85.33	5.77	1.27E+02	3.44E+00	7.79E+01
9.6	88.12	5.96	1.40E+02	3.78E+00	8.54E+01
9.7	90.87	6.14	1.52E+02	4.12E+00	9.32E+01
9.8	93.63	6.33	1.66E+02	4.48E+00	1.01E+02
9.9	96.47	6.52	1.79E+02	4.85E+00	1.10E+02
10.0	99.48	5.80	1.94E+02	5.23E+00	1.18E+02
10.1	102.70	5.99	2.09E+02	5.64E+00	1.27E+02
10.2	106.13	6.19	2.24E+02	6.05E+00	1.37E+02
10.3	109.74	6.40	2.40E+02	6.49E+00	1.47E+02
10.4	113.52	6.62	2.57E+02	6.94E+00	1.57E+02
10.5	117.44	6.85	2.74E+02	7.41E+00	1.68E+02
10.6	121.49	7.08	2.92E+02	7.90E+00	1.79E+02
10.7	125.65	7.32	3.11E+02	8.41E+00	1.90E+02
10.8	129.90	7.57	3.31E+02	8.94E+00	2.02E+02
10.9	134.21	7.82	3.51E+02	9.49E+00	2.15E+02
11.0	138.57	7.17	3.72E+02	1.01E+01	2.28E+02
11.1	142.95	7.39	3.94E+02	1.07E+01	2.41E+02
11.2	147.36	7.62	4.17E+02	1.13E+01	2.55E+02
11.3	151.80	7.85	4.41E+02	1.19E+01	2.70E+02
11.4	156.25	8.08	4.66E+02	1.26E+01	2.85E+02
11.5	160.72	8.31	4.91E+02	1.33E+01	3.00E+02
11.6	165.20	8.55	5.17E+02	1.40E+01	3.16E+02
11.7	169.69	8.78	5.44E+02	1.47E+01	3.33E+02
11.8	174.19	9.01	5.72E+02	1.55E+01	3.50E+02
11.9	178.70	9.24	6.01E+02	1.63E+01	3.68E+02
12.0	183.22	9.18	6.31E+02	1.71E+01	3.86E+02
12.1	187.73	9.41	6.62E+02	1.79E+01	4.05E+02
12.2	192.24	9.63	6.94E+02	1.87E+01	4.24E+02
12.3	196.73	9.86	7.26E+02	1.96E+01	4.44E+02
12.4	201.20	10.08	7.60E+02	2.05E+01	4.64E+02
12.5	205.64	10.31	7.94E+02	2.15E+01	4.85E+02
12.6	210.04	10.53	8.30E+02	2.24E+01	5.07E+02
12.7	214.39	10.75	8.66E+02	2.34E+01	5.29E+02
12.8	218.68	10.96	9.03E+02	2.44E+01	5.52E+02
12.9	222.91	11.17	9.41E+02	2.54E+01	5.75E+02
13.0	227.06	11.38	9.80E+02	2.65E+01	5.99E+02
13.1	231.14	11.58	1.02E+03	2.76E+01	6.24E+02
13.2	235.13	11.78	1.06E+03	2.87E+01	6.49E+02
13.3	239.02	11.98	1.10E+03	2.98E+01	6.74E+02
13.4	242.81	12.17	1.15E+03	3.10E+01	7.00E+02
13.5	246.50	12.35	1.19E+03	3.21E+01	7.27E+02
13.6	250.08	12.53	1.23E+03	3.34E+01	7.54E+02
13.7	253.54	12.71	1.28E+03	3.46E+01	7.82E+02
13.8	256.87	12.87	1.33E+03	3.58E+01	8.10E+02
13.9	260.07	13.04	1.37E+03	3.71E+01	8.39E+02
14.0	263.14	13.14	1.42E+03	3.84E+01	8.68E+02
14.1	266.07	13.29	1.47E+03	3.97E+01	8.98E+02
14.2	268.85	13.43	1.52E+03	4.10E+01	9.28E+02
14.3	271.49	13.56	1.57E+03	4.24E+01	9.58E+02
14.4	273.98	13.68	1.62E+03	4.38E+01	9.89E+02
14.5	276.32	13.80	1.67E+03	4.51E+01	1.02E+03
14.6	278.51	13.91	1.72E+03	4.66E+01	1.05E+03
14.7	280.55	14.01	1.78E+03	4.80E+01	1.08E+03
14.8	282.43	14.10	1.83E+03	4.94E+01	1.12E+03
14.9	284.16	14.19	1.88E+03	5.09E+01	1.15E+03
15.0	285.72	14.27	1.94E+03	5.23E+01	1.18E+03
15.1	287.13	14.34	1.99E+03	5.38E+01	1.22E+03
15.2	288.38	14.40	2.05E+03	5.53E+01	1.25E+03
15.3	289.47	14.46	2.10E+03	5.68E+01	1.29E+03
15.4	290.41	14.50	2.16E+03	5.84E+01	1.32E+03
15.5	291.20	14.54	2.22E+03	5.99E+01	1.35E+03
15.6	291.84	14.57	2.27E+03	6.15E+01	1.39E+03
15.7	292.34	14.60	2.33E+03	6.30E+01	1.43E+03
15.8	292.69	14.62	2.39E+03	6.46E+01	1.46E+03
15.9	292.90	14.63	2.45E+03	6.62E+01	1.50E+03
16.0	292.98	14.63	2.51E+03	6.77E+01	1.53E+03
16.1	292.92	14.63	2.56E+03	6.93E+01	1.57E+03
16.2	292.73	14.62	2.62E+03	7.09E+01	1.60E+03
16.3	292.41	14.60	2.68E+03	7.25E+01	1.64E+03
16.4	291.97	14.58	2.74E+03	7.41E+01	1.68E+03
16.5	291.41	14.55	2.80E+03	7.57E+01	1.71E+03
16.6	290.75	14.52	2.86E+03	7.73E+01	1.75E+03
16.7	289.97	14.48	2.92E+03	7.90E+01	1.79E+03
16.8	289.09	14.44	2.98E+03	8.06E+01	1.82E+03
16.9	288.11	14.39	3.04E+03	8.22E+01	1.86E+03
17.0	287.04	14.33	3.10E+03	8.38E+01	1.90E+03
17.1	285.88	14.28	3.16E+03	8.54E+01	1.93E+03
17.2	284.64	14.21	3.22E+03	8.70E+01	1.97E+03
17.3	283.31	14.15	3.28E+03	8.87E+01	2.01E+03
17.4	281.91	14.08	3.34E+03	9.03E+01	2.04E+03
17.5	280.44	14.01	3.40E+03	9.19E+01	2.08E+03
17.6	278.90	13.93	3.46E+03	9.35E+01	2.11E+03
17.7	277.29	13.85	3.52E+03	9.51E+01	2.15E+03
17.8	275.63	13.77	3.58E+03	9.67E+01	2.19E+03
17.9	273.92	13.68	3.64E+03	9.83E+01	2.22E+03
18.0	272.15	12.68	3.70E+03	9.99E+01	2.26E+03
18.1	270.34	12.60	3.76E+03	1.02E+02	2.30E+03
18.2	268.49	12.51	3.82E+03	1.03E+02	2.33E+03
18.3	266.59	12.42	3.87E+03	1.05E+02	2.37E+03
18.4	264.67	12.33	3.93E+03	1.06E+02	2.40E+03
18.5	262.71	12.24	3.99E+03	1.08E+02	2.44E+03
18.6	260.72	12.15	4.05E+03	1.09E+02	2.47E+03
18.7	258.70	12.05	4.11E+03	1.11E+02	2.51E+03
18.8	256.66	11.96	4.16E+03	1.13E+02	2.55E+03
18.9	254.61	11.86	4.22E+03	1.14E+02	2.58E+03
19.0	252.53	11.77	4.28E+03	1.16E+02	2.62E+03
19.1	250.44	11.67	4.34E+03	1.17E+02	2.65E+03
19.2	248.34	11.57	4.39E+03	1.19E+02	2.68E+03
19.3	246.24	11.47	4.45E+03	1.20E+02	2.72E+03
19.4	244.12	11.38	4.50E+03	1.22E+02	2.75E+03
19.5	242.00	11.28	4.56E+03	1.23E+02	2.79E+03
19.6	239.87	11.18	4.62E+03	1.25E+02	2.82E+03
19.7	237.74	11.08	4.67E+03	1.26E+02	2.85E+03
19.8	235.62	10.98	4.73E+03	1.28E+02	2.89E+03
19.9	233.49	10.88	4.78E+03	1.29E+02	2.92E+03
20.0	231.37	10.17	4.83E+03	1.31E+02	2.95E+03
20.1	229.25	10.07	4.89E+03	1.32E+02	2.99E+03
20.2	227.14	9.98	4.94E+03	1.34E+02	3.02E+03
20.3	225.03	9.89	5.00E+03	1.35E+02	3.05E+03
20.4	222.94	9.80	5.05E+03	1.36E+02	3.09E+03
20.5	220.85	9.71	5.10E+03	1.38E+02	3.12E+03
20.6	218.77	9.61	5.15E+03	1.39E+02	3.15E+03
20.7	216.71	9.52	5.21E+03	1.41E+02	3.18E+03
20.8	214.65	9.43	5.26E+03	1.42E+02	3.21E+03
20.9	212.61	9.34	5.31E+03	1.43E+02	3.25E+03
21.0	210.58	9.25	5.36E+03	1.45E+02	3.28E+03
21.1	208.57	9.17	5.41E+03	1.46E+02	3.31E+03
21.2	206.57	9.08	5.46E+03	1.48E+02	3.34E+03
21.3	204.59	8.99	5.51E+03	1.49E+02	3.37E+03
21.4	202.63	8.90	5.56E+03	1.50E+02	3.40E+03
21.5	200.68	8.82	5.61E+03	1.52E+02	3.43E+03
21.6	198.75	8.73	5.66E+03	1.53E+02	3.46E+03
21.7	196.83	8.65	5.71E+03	1.54E+02	3.49E+03
21.8	194.93	8.57	5.76E+03	1.56E+02	3.52E+03
21.9	193.05	8.48	5.81E+03	1.57E+02	3.55E+03
22.0	191.19	8.40	5.86E+03	1.58E+02	3.58E+03
22.1	189.35	8.32	5.90E+03	1.60E+02	3.61E+03
22.2	187.52	8.24	5.95E+03	1.61E+02	3.64E+03
22.3	185.72	8.16	6.00E+03	1.62E+02	3.67E+03
22.4	183.93	8.08	6.05E+03	1.63E+02	3.69E+03
22.5	182.16	8.01	6.09E+03	1.65E+02	3.72E+03
22.6	180.41	7.93	6.14E+03	1.66E+02	3.75E+03
22.7	178.68	7.85	6.18E+03	1.67E+02	3.78E+03
22.8	176.97	7.78	6.23E+03	1.68E+02	3.81E+03
22.9	175.27	7.70	6.28E+03	1.70E+02	3.84E+03
23.0	173.60	7.63	6.32E+03	1.71E+02	3.86E+03
23.1	171.95	7.56	6.37E+03	1.72E+02	3.89E+03
23.2	170.31	7.48	6.41E+03	1.73E+02	3.92E+03
23.3	168.69	7.41	6.45E+03	1.74E+02	3.94E+03
23.4	167.10	7.34	6.50E+03	1.76E+02	3.97E+03
23.5	165.52	7.27	6.54E+03	1.77E+02	4.00E+03
23.6	163.96	7.21	6.59E+03	1.78E+02	4.02E+03
23.7	162.42	7.14	6.63E+03	1.79E+02	4.05E+03
23.8	160.89	7.07	6.67E+03	1.80E+02	4.08E+03
23.9	159.39	7.00	6.71E+03	1.81E+02	4.10E+03
24.0	157.90	6.94	6.76E+03	1.83E+02	4.13E+03
24.1	156.43	6.87	6.80E+03	1.84E+02	4.16E+03
24.2	154.98	6.81	6.84E+03	1.85E+02	4.18E+03
24.3	153.55	6.75	6.88E+03	1.86E+02	4.21E+03
24.4	152.13	6.69	6.92E+03	1.87E+02	4.23E+03
24.5	150.73	6.62	6.96E+03	1.88E+02	4.26E+03
24.6	149.35	6.56	7.01E+03	1.89E+02	4.28E+03
24.7	147.98	6.50	7.05E+03	1.90E+02	4.31E+03
24.8	146.64	6.44	7.09E+03	1.92E+02	4.33E+03
24.9	145.30	6.39	7.13E+03	1.93E+02	4.36E+03
25.0	143.99	6.24	7.17E+03	1.94E+02	4.38E+03
25.1	142.69	6.18	7.21E+03	1.95E+02	4.40E+03
25.2	141.41	6.12	7.24E+03	1.96E+02	4.43E+03
25.3	140.14	6.07	7.28E+03	1.97E+02	4.45E+03
25.4	138.90	6.02	7.32E+03	1.98E+02	4.48E+03
25.5	137.66	5.96	7.36E+03	1.99E+02	4.50E+03
25.6	136.44	5.91	7.40E+03	2.00E+02	4.52E+03
25.7	135.24	5.86	7.44E+03	2.01E+02	4.55E+03
25.8	134.05	5.81	7.48E+03	2.02E+02	4.57E+03
25.9	132.88	5.75	7.51E+03	2.03E+02	4.59E+03
26.0	131.72	5.70	7.55E+03	2.04E+02	4.62E+03
26.1	130.58	5.65	7.59E+03	2.05E+02	4.64E+03
26.2	129.45	5.61	7.63E+03	2.06E+02	4.66E+03
26.3	128.33	5.56	7.66E+03	2.07E+02	4.68E+03
26.4	127.23	5.51	7.70E+03	2.08E+02	4.71E+03
26.5	126.14	5.46	7.74E+03	2.09E+02	4.73E+03
26.6	125.07	5.42	7.77E+03	2.10E+02	4.75E+03
26.7	124.01	5.37	7.81E+03	2.11E+02	4.77E+03
26.8	122.96	5.33	7.84E+03	2.12E+02	4.79E+03
26.9	121.93	5.28	7.88E+03	2.13E+02	4.82E+03
27.0	120.91	5.24	7.92E+03	2.14E+02	4.84E+03
27.1	119.90	5.19	7.95E+03	2.15E+02	4.86E+03
27.2	118.91	5.15	7.99E+03	2.16E+02	4.88E+03
27.3	117.93	5.11	8.02E+03	2.17E+02	4.90E+03
27.4	116.96	5.07	8.06E+03	2.18E+02	4.92E+03
27.5	116.00	5.02	8.09E+03	2.19E+02	4.94E+03
27.6	115.06	4.98	8.12E+03	2.20E+02	4.97E+03
27.7	114.13	4.94	8.16E+03	2.20E+02	4.99E+03
27.8	113.21	4.90	8.19E+03	2.21E+02	5.01E+03
27.9	112.30	4.86	8.23E+03	2.22E+02	5.03E+03
28.0	111.40	4.82	8.26E+03	2.23E+02	5.05E+03
28.1	110.51	4.79	8.29E+03	2.24E+02	5.07E+03
28.2	109.64	4.75	8.33E+03	2.25E+02	5.09E+03
28.3	108.78	4.71	8.36E+03	2.26E+02	5.11E+03
28.4	107.92	4.67	8.39E+03	2.27E+02	5.13E+03
28.5	107.08	4.64	8.42E+03	2.28E+02	5.15E+03
28.6	106.25	4.60	8.46E+03	2.29E+02	5.17E+03
28.7	105.43	4.57	8.49E+03	2.29E+02	5.19E+03
28.8	104.62	4.53	8.52E+03	2.30E+02	5.21E+03
28.9	103.82	4.50	8.55E+03	2.31E+02	5.23E+03
29.0	103.03	4.46	8.58E+03	2.32E+02	5.25E+03
29.1	102.25	4.43	8.62E+03	2.33E+02	5.27E+03
29.2	101.48	4.39	8.65E+03	2.34E+02	5.29E+03
29.3	100.72	4.36	8.68E+03	2.35E+02	5.30E+03
29.4	99.97	4.33	8.71E+03	2.35E+02	5.32E+03
29.5	99.23	4.30	8.74E+03	2.36E+02	5.34E+03
29.6	98.50	4.27	8.77E+03	2.37E+02	5.36E+03
29.7	97.78	4.23	8.80E+03	2.38E+02	5.38E+03
29.8	97.07	4.20	8.83E+03	2.39E+02	5.40E+03
29.9	96.36	4.17	8.86E+03	2.40E+02	5.42E+03
30.0	95.67	4.15	8.89E+03	2.40E+02	5.44E+03
30.1	94.99	4.12	8.92E+03	2.41E+02	5.45E+03
30.2	94.31	4.09	8.95E+03	2.42E+02	5.47E+03
30.3	93.64	4.06	8.98E+03	2.43E+02	5.49E+03
30.4	92.99	4.03	9.01E+03	2.44E+02	5.51E+03
30.5	92.34	4.01	9.04E+03	2.44E+02	5.53E+03
30.6	91.70	3.98	9.07E+03	2.45E+02	5.54E+03
30.7	91.06	3.95	9.10E+03	2.46E+02	5.56E+03
30.8	90.44	3.92	9.13E+03	2.47E+02	5.58E+03
30.9	89.83	3.90	9.15E+03	2.47E+02	5.60E+03
31.0	89.22	3.87	9.18E+03	2.48E+02	5.61E+03
31.1	88.62	3.84	9.21E+03	2.49E+02	5.63E+03
31.2	88.03	3.82	9.24E+03	2.50E+02	5.65E+03
31.3	87.45	3.79	9.27E+03	2.50E+02	5.66E+03
31.4	86.88	3.77	9.29E+03	2.51E+02	5.68E+03
31.5	86.31	3.74	9.32E+03	2.52E+02	5.70E+03
31.6	85.75	3.72	9.35E+03	2.53E+02	5.72E+03
31.7	85.20	3.70	9.38E+03	2.53E+02	5.73E+03
31.8	84.66	3.67	9.41E+03	2.54E+02	5.75E+03
31.9	84.13	3.65	9.43E+03	2.55E+02	5.77E+03
32.0	83.60	3.63	9.46E+03	2.56E+02	5.78E+03
32.1	83.08	3.60	9.49E+03	2.56E+02	5.80E+03
32.2	82.57	3.58	9.51E+03	2.57E+02	5.82E+03
32.3	82.07	3.56	9.54E+03	2.58E+02	5.83E+03
32.4	81.57	3.54	9.57E+03	2.59E+02	5.85E+03
32.5	81.08	3.52	9.59E+03	2.59E+02	5.86E+03
32.6	80.60	3.50	9.62E+03	2.60E+02	5.88E+03
32.7	80.13	3.48	9.65E+03	2.61E+02	5.90E+03
32.8	79.66	3.46	9.67E+03	2.61E+02	5.91E+03
32.9	79.21	3.44	9.70E+03	2.62E+02	5.93E+03
33.0	78.75	3.42	9.73E+03	2.63E+02	5.95E+03
33.1	78.31	3.40	9.75E+03	2.64E+02	5.96E+03
33.2	77.87	3.38	9.78E+03	2.64E+02	5.98E+03
33.3	77.44	3.36	9.81E+03	2.65E+02	5.99E+03
33.4	77.02	3.34	9.83E+03	2.66E+02	6.01E+03
33.5	76.61	3.32	9.86E+03	2.66E+02	6.03E+03
33.6	76.20	3.31	9.88E+03	2.67E+02	6.04E+03
33.7	75.80	3.29	9.91E+03	2.68E+02	6.06E+03
33.8	75.40	3.27	9.94E+03	2.69E+02	6.07E+03
33.9	75.01	3.25	9.96E+03	2.69E+02	6.09E+03
34.0	74.63	3.24	9.99E+03	2.70E+02	6.10E+03
34.1	74.25	3.22	1.00E+04	2.71E+02	6.12E+03
34.2	73.89	3.21	1.00E+04	2.71E+02	6.14E+03
34.3	73.52	3.19	1.01E+04	2.72E+02	6.15E+03
34.4	73.17	3.17	1.01E+04	2.73E+02	6.17E+03
34.5	72.82	3.16	1.01E+04	2.73E+02	6.18E+03
34.6	72.48	3.14	1.01E+04	2.74E+02	6.20E+03
34.7	72.14	3.13	1.02E+04	2.75E+02	6.21E+03
34.8	71.82	3.12	1.02E+04	2.75E+02	6.23E+03
34.9	71.50	3.10	1.02E+04	2.76E+02	6.24E+03
35.0	71.18	3.27	1.02E+04	2.77E+02	6.26E+03
35.1	70.87	3.25	1.03E+04	2.77E+02	6.28E+03
35.2	70.57	3.24	1.03E+04	2.78E+02	6.29E+03
35.3	70.28	3.23	1.03E+04	2.79E+02	6.31E+03
35.4	69.99	3.21	1.03E+04	2.80E+02	6.32E+03
35.5	69.71	3.20	1.04E+04	2.80E+02	6.34E+03
35.6	69.44	3.19	1.04E+04	2.81E+02	6.35E+03
35.7	69.17	3.17	1.04E+04	2.82E+02	6.37E+03
35.8	68.91	3.16	1.04E+04	2.82E+02	6.38E+03
35.9	68.66	3.15	1.05E+04	2.83E+02	6.40E+03
36.0	68.41	3.14	1.05E+04	2.84E+02	6.41E+03
36.1	68.17	3.13	1.05E+04	2.84E+02	6.43E+03
36.2	67.94	3.12	1.05E+04	2.85E+02	6.44E+03
36.3	67.71	3.11	1.06E+04	2.86E+02	6.46E+03
36.4	67.49	3.10	1.06E+04	2.86E+02	6.47E+03
36.5	67.28	3.09	1.06E+04	2.87E+02	6.49E+03
36.6	67.07	3.08	1.06E+04	2.88E+02	6.50E+03
36.7	66.87	3.07	1.07E+04	2.88E+02	6.52E+03
36.8	66.68	3.06	1.07E+04	2.89E+02	6.53E+03
36.9	66.49	3.05	1.07E+04	2.90E+02	6.55E+03
37.0	66.31	3.04	1.07E+04	2.90E+02	6.57E+03
37.1	66.13	3.03	1.08E+04	2.91E+02	6.58E+03
37.2	65.96	3.03	1.08E+04	2.92E+02	6.60E+03
37.3	65.79	3.02	1.08E+04	2.92E+02	6.61E+03
37.4	65.63	3.01	1.08E+04	2.93E+02	6.63E+03
37.5	65.47	3.00	1.09E+04	2.94E+02	6.64E+03
37.6	65.32	3.00	1.09E+04	2.94E+02	6.66E+03
37.7	65.17	2.99	1.09E+04	2.95E+02	6.67E+03
37.8	65.02	2.98	1.09E+04	2.96E+02	6.69E+03
37.9	64.88	2.98	1.10E+04	2.96E+02	6.70E+03
38.0	64.75	2.97	1.10E+04	2.97E+02	6.72E+03
38.1	64.62	2.97	1.10E+04	2.98E+02	6.73E+03
38.2	64.49	2.96	1.10E+04	2.98E+02	6.75E+03
38.3	64.37	2.95	1.11E+04	2.99E+02	6.76E+03
38.4	64.25	2.95	1.11E+04	3.00E+02	6.78E+03
38.5	64.14	2.94	1.11E+04	3.00E+02	6.79E+03
38.6	64.03	2.94	1.11E+04	3.01E+02	6.81E+03
38.7	63.93	2.93	1.12E+04	3.02E+02	6.82E+03
38.8	63.84	2.93	1.12E+04	3.02E+02	6.84E+03
38.9	63.75	2.93	1.12E+04	3.03E+02	6.85E+03
39.0	63.67	2.92	1.12E+04	3.04E+02	6.87E+03
39.1	63.60	2.92	1.13E+04	3.04E+02	6.88E+03
39.2	63.53	2.92	1.13E+04	3.05E+02	6.90E+03
39.3	63.47	2.91	1.13E+04	3.06E+02	6.91E+03
39.4	63.42	2.91	1.13E+04	3.06E+02	6.93E+03
39.5	63.38	2.91	1.14E+04	3.07E+02	6.94E+03
39.6	63.34	2.91	1.14E+04	3.08E+02	6.96E+03
39.7	63.32	2.91	1.14E+04	3.08E+02	6.97E+03
39.8	63.30	2.91	1.14E+04	3.09E+02	6.99E+03
39.9	63.30	2.90	1.15E+04	3.10E+02	7.01E+03
40.0	63.30	3.06	1.15E+04	3.10E+02	7.02E+03
40.1	63.31	3.06	1.15E+04	3.11E+02	7.04E+03
40.2	63.34	3.06	1.15E+04	3.12E+02	7.05E+03
40.3	63.37	3.07	1.16E+04	3.12E+02	7.07E+03
40.4	63.41	3.07	1.16E+04	3.13E+02	7.08E+03
40.5	63.45	3.07	1.16E+04	3.14E+02	7.10E+03
40.6	63.50	3.07	1.16E+04	3.15E+02	7.11E+03
40.7	63.56	3.07	1.17E+04	3.15E+02	7.13E+03
40.8	63.62	3.08	1.17E+04	3.16E+02	7.14E+03
40.9	63.68	3.08	1.17E+04	3.17E+02	7.16E+03
41.0	63.75	3.08	1.17E+04	3.17E+02	7.18E+03
41.1	63.81	3.09	1.18E+04	3.18E+02	7.19E+03
41.2	63.88	3.09	1.18E+04	3.19E+02	7.21E+03
41.3	63.94	3.09	1.18E+04	3.19E+02	7.22E+03
41.4	64.00	3.10	1.18E+04	3.20E+02	7.24E+03
41.5	64.07	3.10	1.19E+04	3.21E+02	7.26E+03
41.6	64.12	3.10	1.19E+04	3.22E+02	7.27E+03
41.7	64.18	3.10	1.19E+04	3.22E+02	7.29E+03
41.8	64.22	3.11	1.19E+04	3.23E+02	7.30E+03
41.9	64.26	3.11	1.20E+04	3.24E+02	7.32E+03
42.0	64.30	3.11	1.20E+04	3.24E+02	7.34E+03
42.1	64.33	3.11	1.20E+04	3.25E+02	7.35E+03
42.2	64.35	3.11	1.21E+04	3.26E+02	7.37E+03
42.3	64.36	3.11	1.21E+04	3.26E+02	7.38E+03
42.4	64.36	3.11	1.21E+04	3.27E+02	7.40E+03
42.5	64.37	3.11	1.21E+04	3.28E+02	7.42E+03
42.6	64.36	3.11	1.22E+04	3.29E+02	7.43E+03
42.7	64.35	3.11	1.22E+04	3.29E+02	7.45E+03
42.8	64.34	3.11	1.22E+04	3.30E+02	7.46E+03
42.9	64.33	3.11	1.22E+04	3.31E+02	7.48E+03
43.0	64.31	3.11	1.23E+04	3.32E+02	7.50E+03
43.1	64.30	3.11	1.23E+04	3.32E+02	7.51E+03
43.2	64.28	3.11	1.23E+04	3.33E+02	7.53E+03
43.3	64.26	3.11	1.23E+04	3.34E+02	7.55E+03
43.4	64.24	3.11	1.24E+04	3.34E+02	7.56E+03
43.5	64.22	3.11	1.24E+04	3.35E+02	7.58E+03
43.6	64.21	3.11	1.24E+04	3.36E+02	7.60E+03
43.7	64.20	3.11	1.25E+04	3.37E+02	7.61E+03
43.8	64.19	3.10	1.25E+04	3.37E+02	7.63E+03
43.9	64.18	3.10	1.25E+04	3.38E+02	7.65E+03
44.0	64.18	3.10	1.25E+04	3.39E+02	7.66E+03
44.1	64.18	3.10	1.26E+04	3.40E+02	7.68E+03
44.2	64.19	3.11	1.26E+04	3.40E+02	7.70E+03
44.3	64.21	3.11	1.26E+04	3.41E+02	7.71E+03
44.4	64.22	3.11	1.26E+04	3.42E+02	7.73E+03
44.5	64.24	3.11	1.27E+04	3.42E+02	7.75E+03
44.6	64.26	3.11	1.27E+04	3.43E+02	7.76E+03
44.7	64.29	3.11	1.27E+04	3.44E+02	7.78E+03
44.8	64.31	3.11	1.28E+04	3.45E+02	7.80E+03
44.9	64.34	3.11	1.28E+04	3.45E+02	7.81E+03
45.0	64.37	3.21	1.28E+04	3.46E+02	7.83E+03
45.1	64.40	3.21	1.28E+04	3.47E+02	7.85E+03
45.2	64.43	3.21	1.29E+04	3.48E+02	7.86E+03
45.3	64.46	3.22	1.29E+04	3.48E+02	7.88E+03
45.4	64.49	3.22	1.29E+04	3.49E+02	7.90E+03
45.5	64.51	3.22	1.29E+04	3.50E+02	7.91E+03
45.6	64.54	3.22	1.30E+04	3.51E+02	7.93E+03
45.7	64.56	3.22	1.30E+04	3.51E+02	7.95E+03
45.8	64.58	3.22	1.30E+04	3.52E+02	7.97E+03
45.9	64.60	3.22	1.31E+04	3.53E+02	7.98E+03
46.0	64.61	3.22	1.31E+04	3.54E+02	8.00E+03
46.1	64.62	3.22	1.31E+04	3.55E+02	8.02E+03
46.2	64.62	3.22	1.31E+04	3.55E+02	8.03E+03
46.3	64.63	3.22	1.32E+04	3.56E+02	8.05E+03
46.4	64.62	3.22	1.32E+04	3.57E+02	8.07E+03
46.5	64.62	3.22	1.32E+04	3.58E+02	8.09E+03
46.6	64.61	3.22	1.33E+04	3.58E+02	8.10E+03
46.7	64.59	3.22	1.33E+04	3.59E+02	8.12E+03
46.8	64.58	3.22	1.33E+04	3.60E+02	8.14E+03
46.9	64.56	3.22	1.33E+04	3.61E+02	8.16E+03
47.0	64.54	3.22	1.34E+04	3.61E+02	8.17E+03
47.1	64.51	3.22	1.34E+04	3.62E+02	8.19E+03
47.2	64.48	3.22	1.34E+04	3.63E+02	8.21E+03
47.3	64.45	3.21	1.35E+04	3.64E+02	8.23E+03
47.4	64.42	3.21	1.35E+04	3.65E+02	8.24E+03
47.5	64.38	3.21	1.35E+04	3.65E+02	8.26E+03
47.6	64.34	3.21	1.35E+04	3.66E+02	8.28E+03
47.7	64.30	3.21	1.36E+04	3.67E+02	8.30E+03
47.8	64.25	3.21	1.36E+04	3.68E+02	8.31E+03
47.9	64.21	3.20	1.36E+04	3.68E+02	8.33E+03
48.0	64.16	3.20	1.37E+04	3.69E+02	8.35E+03
48.1	64.11	3.20	1.37E+04	3.70E+02	8.37E+03
48.2	64.06	3.20	1.37E+04	3.71E+02	8.38E+03
48.3	64.00	3.19	1.37E+04	3.72E+02	8.40E+03
48.4	63.95	3.19	1.38E+04	3.72E+02	8.42E+03
48.5	63.89	3.19	1.38E+04	3.73E+02	8.44E+03
48.6	63.83	3.18	1.38E+04	3.74E+02	8.46E+03
48.7	63.76	3.18	1.39E+04	3.75E+02	8.47E+03
48.8	63.70	3.18	1.39E+04	3.75E+02	8.49E+03
48.9	63.63	3.17	1.39E+04	3.76E+02	8.51E+03
49.0	63.56	3.17	1.39E+04	3.77E+02	8.53E+03
49.1	63.49	3.17	1.40E+04	3.78E+02	8.54E+03
49.2	63.41	3.16	1.40E+04	3.79E+02	8.56E+03
49.3	63.33	3.16	1.40E+04	3.79E+02	8.58E+03
49.4	63.25	3.15	1.41E+04	3.80E+02	8.60E+03
49.5	63.17	3.15	1.41E+04	3.81E+02	8.62E+03
49.6	63.08	3.15	1.41E+04	3.82E+02	8.63E+03
49.7	62.99	3.14	1.42E+04	3.83E+02	8.65E+03
49.8	62.90	3.14	1.42E+04	3.83E+02	8.67E+03
49.9	62.81	3.13	1.42E+04	3.84E+02	8.69E+03
50.0	62.72	4.02	1.42E+04	3.85E+02	8.70E+03
50.1	62.63	4.01	1.43E+04	3.86E+02	8.72E+03
50.2	62.53	4.00	1.43E+04	3.86E+02	8.74E+03
50.3	62.43	4.00	1.43E+04	3.87E+02	8.76E+03
50.4	62.33	3.99	1.44E+04	3.88E+02	8.77E+03
50.5	62.23	3.98	1.44E+04	3.89E+02	8.79E+03
50.6	62.13	3.98	1.44E+04	3.90E+02	8.81E+03
50.7	62.03	3.97	1.44E+04	3.90E+02	8.83E+03
50.8	61.92	3.97	1.45E+04	3.91E+02	8.85E+03
50.9	61.82	3.96	1.45E+04	3.92E+02	8.86E+03
51.0	61.71	3.95	1.45E+04	3.93E+02	8.88E+03
51.1	61.60	3.94	1.46E+04	3.93E+02	8.90E+03
51.2	61.49	3.94	1.46E+04	3.94E+02	8.92E+03
51.3	61.38	3.93	1.46E+04	3.95E+02	8.93E+03
51.4	61.27	3.92	1.46E+04	3.96E+02	8.95E+03
51.5	61.16	3.92	1.47E+04	3.97E+02	8.97E+03
51.6	61.04	3.91	1.47E+04	3.97E+02	8.99E+03
51.7	60.93	3.90	1.47E+04	3.98E+02	9.01E+03
51.8	60.81	3.89	1.48E+04	3.99E+02	9.02E+03
51.9	60.69	3.89	1.48E+04	4.00E+02	9.04E+03
52.0	60.58	3.88	1.48E+04	4.01E+02	9.06E+03
52.1	60.46	3.87	1.48E+04	4.01E+02	9.08E+03
52.2	60.34	3.86	1.49E+04	4.02E+02	9.09E+03
52.3	60.21	3.86	1.49E+04	4.03E+02	9.11E+03
52.4	60.09	3.85	1.49E+04	4.04E+02	9.13E+03
52.5	59.97	3.84	1.50E+04	4.04E+02	9.15E+03
52.6	59.85	3.83	1.50E+04	4.05E+02	9.16E+03
52.7	59.72	3.82	1.50E+04	4.06E+02	9.18E+03
52.8	59.60	3.82	1.51E+04	4.07E+02	9.20E+03
52.9	59.47	3.81	1.51E+04	4.08E+02	9.22E+03
53.0	59.34	3.80	1.51E+04	4.08E+02	9.23E+03
53.1	59.22	3.79	1.51E+04	4.09E+02	9.25E+03
53.2	59.09	3.78	1.52E+04	4.10E+02	9.27E+03
53.3	58.96	3.78	1.52E+04	4.11E+02	9.29E+03
53.4	58.83	3.77	1.52E+04	4.11E+02	9.31E+03
53.5	58.70	3.76	1.53E+04	4.12E+02	9.32E+03
53.6	58.57	3.75	1.53E+04	4.13E+02	9.34E+03
53.7	58.44	3.74	1.53E+04	4.14E+02	9.36E+03
53.8	58.31	3.73	1.53E+04	4.15E+02	9.38E+03
53.9	58.18	3.73	1.54E+04	4.15E+02	9.39E+03
54.0	58.05	3.72	1.54E+04	4.16E+02	9.41E+03
54.1	57.92	3.71	1.54E+04	4.17E+02	9.43E+03
54.2	57.79	3.70	1.55E+04	4.18E+02	9.45E+03
54.3	57.65	3.69	1.55E+04	4.18E+02	9.46E+03
54.4	57.52	3.68	1.55E+04	4.19E+02	9.48E+03
54.5	57.39	3.67	1.55E+04	4.20E+02	9.50E+03
54.6	57.25	3.67	1.56E+04	4.21E+02	9.52E+03
54.7	57.12	3.66	1.56E+04	4.22E+02	9.53E+03
54.8	56.99	3.65	1.56E+04	4.22E+02	9.55E+03
54.9	56.85	3.64	1.57E+04	4.23E+02	9.57E+03
55.0	56.72	3.63	1.57E+04	4.24E+02	9.59E+03
55.1	56.59	3.62	1.57E+04	4.25E+02	9.60E+03
55.2	56.45	3.61	1.57E+04	4.25E+02	9.62E+03
55.3	56.32	3.61	1.58E+04	4.26E+02	9.64E+03
55.4	56.18	3.60	1.58E+04	4.27E+02	9.66E+03
55.5	56.05	3.59	1.58E+04	4.28E+02	9.67E+03
55.6	55.92	3.58	1.59E+04	4.29E+02	9.69E+03
55.7	55.78	3.57	1.59E+04	4.29E+02	9.71E+03
55.8	55.65	3.56	1.59E+04	4.30E+02	9.73E+03
55.9	55.52	3.55	1.59E+04	4.31E+02	9.74E+03
56.0	55.38	3.55	1.60E+04	4.32E+02	9.76E+03
56.1	55.25	3.54	1.60E+04	4.32E+02	9.78E+03
56.2	55.11	3.53	1.60E+04	4.33E+02	9.79E+03
56.3	54.98	3.52	1.61E+04	4.34E+02	9.81E+03
56.4	54.84	3.51	1.61E+04	4.35E+02	9.83E+03
56.5	54.71	3.50	1.61E+04	4.35E+02	9.85E+03
56.6	54.58	3.49	1.61E+04	4.36E+02	9.86E+03
56.7	54.44	3.49	1.62E+04	4.37E+02	9.88E+03
56.8	54.31	3.48	1.62E+04	4.38E+02	9.90E+03
56.9	54.17	3.47	1.62E+04	4.38E+02	9.92E+03
57.0	54.04	3.46	1.63E+04	4.39E+02	9.93E+03
57.1	53.90	3.45	1.63E+04	4.40E+02	9.95E+03
57.2	53.77	3.44	1.63E+04	4.41E+02	9.97E+03
57.3	53.64	3.43	1.63E+04	4.42E+02	9.98E+03
57.4	53.50	3.43	1.64E+04	4.42E+02	1.00E+04
57.5	53.37	3.42	1.64E+04	4.43E+02	1.00E+04
57.6	53.23	3.41	1.64E+04	4.44E+02	1.00E+04
57.7	53.10	3.40	1.64E+04	4.45E+02	1.01E+04
57.8	52.96	3.39	1.65E+04	4.45E+02	1.01E+04
57.9	52.83	3.38	1.65E+04	4.46E+02	1.01E+04
58.0	52.69	3.37	1.65E+04	4.47E+02	1.01E+04
58.1	52.56	3.37	1.66E+04	4.48E+02	1.01E+04
58.2	52.42	3.36	1.66E+04	4.48E+02	1.01E+04
58.3	52.29	3.35	1.66E+04	4.49E+02	1.02E+04
58.4	52.16	3.34	1.66E+04	4.50E+02	1.02E+04
58.5	52.02	3.33	1.67E+04	4.51E+02	1.02E+04
58.6	51.89	3.32	1.67E+04	4.51E+02	1.02E+04
58.7	51.75	3.31	1.67E+04	4.52E+02	1.02E+04
58.8	51.62	3.31	1.68E+04	4.53E+02	1.02E+04
58.9	51.48	3.30	1.68E+04	4.54E+02	1.03E+04
59.0	51.35	3.29	1.68E+04	4.54E+02	1.03E+04
59.1	51.21	3.28	1.68E+04	4.55E+02	1.03E+04
59.2	51.08	3.27	1.69E+04	4.56E+02	1.03E+04
59.3	50.94	3.26	1.69E+04	4.56E+02	1.03E+04
59.4	50.81	3.25	1.69E+04	4.57E+02	1.03E+04
59.5	50.67	3.24	1.69E+04	4.58E+02	1.04E+04
59.6	50.54	3.24	1.70E+04	4.59E+02	1.04E+04
59.7	50.40	3.23	1.70E+04	4.59E+02	1.04E+04
59.8	50.27	3.22	1.70E+04	4.60E+02	1.04E+04
59.9	50.13	3.21	1.71E+04	4.61E+02	1.04E+04
60.0	50.00	3.20	1.71E+04	4.62E+02	1.04E+04
					
					
					
					
					
					
					
					
					
					
					
					
					
					
					
					
					
					
					
					
					
					
					
					
					
					
					
					
					
					
					
					
					
					
					
					
					
					
					
					
					
					
					
					
					
					
					
					
					
					
					
					
					
					
					
					
					
					
					
					
					
					
					
					
					
					
					
					
					
					
					
					
					
					
					
					
					
					
					
					
					
					
					
					
					
					
					
					
					
					
					
					
					
					
					
					
					
					
					
					
					
					
					
					
					
					
					
					
					
					
					
					
					
					
					
					
					
					
					
					
					
					
					
					
					
					
					
					
					
					
					
					
					
					
					
					
					
					
					
					
					
					
					
					
					
					
					
					
					
					
					
					
					
					
					
					
					
					
					
					
					
					
					
					
					
					
					
					
					
					
					
					
					
					
					
					
					
					
					
					
					
					
					
					
					
					
					
					
					
					
					
					
					
					
					
					
					
					
					
					
					
					
					
					
					
					
					
					
					
					
					
					
					
					
					
					
					
					
					
					
					
					
					
					
					
					
					
					
					
					
					
					
					
					
					
					
					
					
					
					
					
					
					
					
					
					
					
					
					
					
					
					
					
					
					
					
					
					
					
					
					
					
					
					
					
					
