# d + 193Ir: Production of 191Ir - Ground state
# Q-value    =-7.71288E+00 mass= 190.960591
# E-threshold= 7.79336E+00
# # energies =    40
#     E          xs      Branching
 1.00000E+00 0.00000E+00 0.00000E+00
 2.00000E+00 0.00000E+00 0.00000E+00
 3.00000E+00 0.00000E+00 0.00000E+00
 4.00000E+00 0.00000E+00 0.00000E+00
 5.00000E+00 0.00000E+00 0.00000E+00
 6.00000E+00 0.00000E+00 0.00000E+00
 7.00000E+00 0.00000E+00 0.00000E+00
 8.00000E+00 0.00000E+00 0.00000E+00
 9.00000E+00 0.00000E+00 0.00000E+00
 1.00000E+01 0.00000E+00 0.00000E+00
 1.10000E+01 0.00000E+00 0.00000E+00
 1.20000E+01 0.00000E+00 0.00000E+00
 1.30000E+01 0.00000E+00 0.00000E+00
 1.40000E+01 0.00000E+00 0.00000E+00
 1.50000E+01 0.00000E+00 0.00000E+00
 1.60000E+01 3.22546E-03 6.21402E-01
 1.70000E+01 1.37305E-02 5.75284E-01
 1.80000E+01 6.36963E-02 6.13550E-01
 1.90000E+01 1.50480E-01 5.78272E-01
 2.00000E+01 3.23014E-01 6.03240E-01
 2.10000E+01 5.79413E-01 5.84658E-01
 2.20000E+01 8.87723E-01 5.68705E-01
 2.30000E+01 1.35250E+00 5.75400E-01
 2.40000E+01 1.97822E+00 5.71834E-01
 2.50000E+01 2.75977E+00 5.60138E-01
 2.60000E+01 3.89162E+00 5.53958E-01
 2.70000E+01 5.55953E+00 5.66141E-01
 2.80000E+01 7.94996E+00 5.62444E-01
 2.90000E+01 1.10973E+01 5.55284E-01
 3.00000E+01 1.52436E+01 5.52080E-01
 3.10000E+01 1.99603E+01 5.54828E-01
 3.20000E+01 2.56569E+01 5.66652E-01
 3.30000E+01 3.26125E+01 5.65976E-01
 3.40000E+01 4.10463E+01 5.63235E-01
 3.50000E+01 5.12386E+01 5.60090E-01
 3.60000E+01 6.24375E+01 5.61244E-01
 3.70000E+01 7.35113E+01 5.64196E-01
 3.80000E+01 8.56061E+01 5.69710E-01
 3.90000E+01 9.84757E+01 5.73563E-01
 4.00000E+01 1.11328E+02 5.71968E-01
