# d + 191Ir: Production of 192Ir - Level  3     0.05672 MeV
# Q-value    = 3.91684E+00 mass= 191.962602
# E-threshold= 0.00000E+00
# # energies =    40
#     E          xs      Branching
 1.00000E+00 0.00000E+00 0.00000E+00
 2.00000E+00 0.00000E+00 0.00000E+00
 3.00000E+00 0.00000E+00 0.00000E+00
 4.00000E+00 9.47881E-11 0.00000E+00
 5.00000E+00 4.70500E-04 1.97797E-01
 6.00000E+00 1.18964E-02 1.86763E-01
 7.00000E+00 1.33602E-01 1.75428E-01
 8.00000E+00 8.20893E-01 1.63193E-01
 9.00000E+00 2.95925E+00 1.45893E-01
 1.00000E+01 6.85635E+00 1.28263E-01
 1.10000E+01 1.04919E+01 1.10510E-01
 1.20000E+01 1.21289E+01 9.75957E-02
 1.30000E+01 9.53095E+00 8.17642E-02
 1.40000E+01 8.33563E+00 7.70651E-02
 1.50000E+01 6.48009E+00 6.71457E-02
 1.60000E+01 5.47855E+00 6.07776E-02
 1.70000E+01 4.76209E+00 6.08608E-02
 1.80000E+01 3.84322E+00 5.60812E-02
 1.90000E+01 3.29102E+00 5.26671E-02
 2.00000E+01 2.94741E+00 5.36540E-02
 2.10000E+01 2.59802E+00 5.53248E-02
 2.20000E+01 2.25868E+00 5.45560E-02
 2.30000E+01 2.03085E+00 5.31855E-02
 2.40000E+01 1.86369E+00 5.43782E-02
 2.50000E+01 1.71302E+00 5.82935E-02
 2.60000E+01 1.57073E+00 6.04308E-02
 2.70000E+01 1.42589E+00 6.05439E-02
 2.80000E+01 1.31858E+00 6.23141E-02
 2.90000E+01 1.23374E+00 6.42557E-02
 3.00000E+01 1.16285E+00 6.79448E-02
 3.10000E+01 1.10477E+00 7.33851E-02
 3.20000E+01 1.05282E+00 7.83005E-02
 3.30000E+01 9.96134E-01 7.95002E-02
 3.40000E+01 9.36076E-01 8.01971E-02
 3.50000E+01 8.90713E-01 8.17251E-02
 3.60000E+01 8.50231E-01 8.56908E-02
 3.70000E+01 7.86949E-01 8.89159E-02
 3.80000E+01 7.40673E-01 9.25066E-02
 3.90000E+01 7.36893E-01 1.00136E-01
 4.00000E+01 7.04907E-01 1.01420E-01
