# d + 191Ir: Production of 189Os - Level  1     0.03081 MeV
# Q-value    = 1.29580E+01 mass= 188.958146
# E-threshold= 0.00000E+00
# # energies =    40
#     E          xs      Branching
 1.00000E+00 0.00000E+00 0.00000E+00
 2.00000E+00 0.00000E+00 0.00000E+00
 3.00000E+00 0.00000E+00 0.00000E+00
 4.00000E+00 1.37717E-15 0.00000E+00
 5.00000E+00 5.54079E-13 0.00000E+00
 6.00000E+00 3.93965E-11 0.00000E+00
 7.00000E+00 8.33983E-10 0.00000E+00
 8.00000E+00 2.16358E-03 4.56397E-01
 9.00000E+00 1.68038E-02 4.60257E-01
 1.00000E+01 8.02833E-02 4.61510E-01
 1.10000E+01 2.35489E-01 4.62172E-01
 1.20000E+01 4.65475E-01 4.62148E-01
 1.30000E+01 6.17492E-01 4.62098E-01
 1.40000E+01 7.57242E-01 4.62139E-01
 1.50000E+01 8.70634E-01 4.60535E-01
 1.60000E+01 9.55120E-01 4.58325E-01
 1.70000E+01 1.01006E+00 4.55388E-01
 1.80000E+01 1.04171E+00 4.53126E-01
 1.90000E+01 1.05276E+00 4.53123E-01
 2.00000E+01 1.04779E+00 4.52191E-01
 2.10000E+01 1.03381E+00 4.51017E-01
 2.20000E+01 1.00941E+00 4.49759E-01
 2.30000E+01 9.81270E-01 4.47849E-01
 2.40000E+01 9.50722E-01 4.46469E-01
 2.50000E+01 9.13194E-01 4.46418E-01
 2.60000E+01 8.86262E-01 4.52751E-01
 2.70000E+01 8.46319E-01 4.52451E-01
 2.80000E+01 8.14240E-01 4.52061E-01
 2.90000E+01 8.05879E-01 4.50811E-01
 3.00000E+01 7.61522E-01 4.50988E-01
 3.10000E+01 7.63854E-01 4.49091E-01
 3.20000E+01 7.40265E-01 4.50342E-01
 3.30000E+01 7.61505E-01 4.50911E-01
 3.40000E+01 7.54423E-01 4.52393E-01
 3.50000E+01 7.78982E-01 4.51984E-01
 3.60000E+01 7.84220E-01 4.52498E-01
 3.70000E+01 8.23055E-01 4.52848E-01
 3.80000E+01 9.20587E-01 4.54432E-01
 3.90000E+01 8.80367E-01 4.54483E-01
 4.00000E+01 8.86134E-01 4.53784E-01
