# d + 191Ir: Production of 183W  - Level  7     0.36079 MeV
# Q-value    = 1.43928E+00 mass= 182.950224
# E-threshold= 0.00000E+00
# # energies =    40
#     E          xs      Branching
 1.00000E+00 0.00000E+00 0.00000E+00
 2.00000E+00 0.00000E+00 0.00000E+00
 3.00000E+00 0.00000E+00 0.00000E+00
 4.00000E+00 0.00000E+00 0.00000E+00
 5.00000E+00 0.00000E+00 0.00000E+00
 6.00000E+00 0.00000E+00 0.00000E+00
 7.00000E+00 0.00000E+00 0.00000E+00
 8.00000E+00 0.00000E+00 0.00000E+00
 9.00000E+00 0.00000E+00 0.00000E+00
 1.00000E+01 0.00000E+00 0.00000E+00
 1.10000E+01 0.00000E+00 0.00000E+00
 1.20000E+01 0.00000E+00 0.00000E+00
 1.30000E+01 0.00000E+00 0.00000E+00
 1.40000E+01 0.00000E+00 0.00000E+00
 1.50000E+01 0.00000E+00 0.00000E+00
 1.60000E+01 0.00000E+00 0.00000E+00
 1.70000E+01 0.00000E+00 0.00000E+00
 1.80000E+01 0.00000E+00 0.00000E+00
 1.90000E+01 0.00000E+00 0.00000E+00
 2.00000E+01 5.50318E-14 0.00000E+00
 2.10000E+01 3.86959E-13 0.00000E+00
 2.20000E+01 1.72556E-12 0.00000E+00
 2.30000E+01 5.97654E-12 0.00000E+00
 2.40000E+01 1.48620E-11 0.00000E+00
 2.50000E+01 1.04324E-10 0.00000E+00
 2.60000E+01 2.66236E-10 0.00000E+00
 2.70000E+01 6.95657E-10 0.00000E+00
 2.80000E+01 1.34555E-09 0.00000E+00
 2.90000E+01 2.41400E-09 0.00000E+00
 3.00000E+01 4.36187E-09 0.00000E+00
 3.10000E+01 6.16760E-09 0.00000E+00
 3.20000E+01 7.83508E-09 0.00000E+00
 3.30000E+01 9.14233E-09 0.00000E+00
 3.40000E+01 9.71746E-09 0.00000E+00
 3.50000E+01 9.83265E-09 0.00000E+00
 3.60000E+01 9.87180E-09 0.00000E+00
 3.70000E+01 9.81677E-09 0.00000E+00
 3.80000E+01 9.31226E-09 0.00000E+00
 3.90000E+01 9.16087E-09 0.00000E+00
 4.00000E+01 8.73532E-09 0.00000E+00
