# d + 193Ir: Production of 191Ir - Level 10     2.20100 MeV
# Q-value    =-9.91388E+00 mass= 190.960591
# E-threshold= 1.00173E+01
# # energies =    40
#     E          xs      Branching
 1.00000E+00 0.00000E+00 0.00000E+00
 2.00000E+00 0.00000E+00 0.00000E+00
 3.00000E+00 0.00000E+00 0.00000E+00
 4.00000E+00 0.00000E+00 0.00000E+00
 5.00000E+00 0.00000E+00 0.00000E+00
 6.00000E+00 0.00000E+00 0.00000E+00
 7.00000E+00 0.00000E+00 0.00000E+00
 8.00000E+00 0.00000E+00 0.00000E+00
 9.00000E+00 0.00000E+00 0.00000E+00
 1.00000E+01 0.00000E+00 0.00000E+00
 1.10000E+01 0.00000E+00 0.00000E+00
 1.20000E+01 0.00000E+00 0.00000E+00
 1.30000E+01 0.00000E+00 0.00000E+00
 1.40000E+01 0.00000E+00 0.00000E+00
 1.50000E+01 0.00000E+00 0.00000E+00
 1.60000E+01 6.69103E-07 1.28906E-04
 1.70000E+01 1.95942E-05 8.20960E-04
 1.80000E+01 2.17883E-04 2.09874E-03
 1.90000E+01 1.10038E-03 4.22857E-03
 2.00000E+01 5.74449E-03 1.07280E-02
 2.10000E+01 1.30868E-02 1.32053E-02
 2.20000E+01 2.88583E-02 1.84876E-02
 2.30000E+01 5.48864E-02 2.33505E-02
 2.40000E+01 8.21841E-02 2.37566E-02
 2.50000E+01 1.20693E-01 2.44964E-02
 2.60000E+01 1.89073E-01 2.69139E-02
 2.70000E+01 2.77714E-01 2.82803E-02
 2.80000E+01 4.03645E-01 2.85571E-02
 2.90000E+01 5.96439E-01 2.98446E-02
 3.00000E+01 9.04525E-01 3.27592E-02
 3.10000E+01 1.26512E+00 3.51660E-02
 3.20000E+01 1.65039E+00 3.64500E-02
 3.30000E+01 2.06966E+00 3.59181E-02
 3.40000E+01 2.66644E+00 3.65888E-02
 3.50000E+01 3.51711E+00 3.84456E-02
 3.60000E+01 4.50683E+00 4.05115E-02
 3.70000E+01 5.46508E+00 4.19443E-02
 3.80000E+01 6.44924E+00 4.29198E-02
 3.90000E+01 7.45700E+00 4.34327E-02
 4.00000E+01 8.45533E+00 4.34410E-02
