 Ebeam  Z   A   Total    grnd st  isomer1 isomer2  isomer1  isomer2  didl nolevs
  (MeV)           cs.      cs.      cs.     cs.     to total to total
  7.00  78 195 9.63E-08 2.43E-08 7.20E-08          7.48E-01            0   2
  9.00  78 195 3.33E-06 2.34E-07 3.09E-06          9.30E-01            0   2
 11.00  78 195 8.76E-06 3.67E-07 8.40E-06          9.58E-01            0   2
 13.00  78 195 8.25E-06 1.81E-07 8.07E-06          9.78E-01            0   2
 15.00  78 195 5.75E-06 8.35E-08 5.66E-06          9.85E-01            0   2
 17.00  78 195 3.66E-06 3.96E-08 3.62E-06          9.89E-01            0   2
 19.00  78 195 1.61E-06 1.32E-08 1.60E-06          9.92E-01            0   2
 21.00  78 195 1.09E-06 7.54E-09 1.08E-06          9.93E-01            0   2
 23.00  78 195 6.69E-07 4.08E-09 6.65E-07          9.94E-01            0   2
 25.00  78 195 4.17E-07 1.99E-09 4.15E-07          9.95E-01            0   2
 27.00  78 195 2.59E-07 1.28E-09 2.57E-07          9.95E-01            0   2
  7.00  78 194 1.49E-01                                                    1
  9.00  78 194 9.89E+00                                                    1
 11.00  78 194 4.60E+01                                                    1
 13.00  78 194 8.12E+01                                                    1
 15.00  78 194 1.06E+02                                                    1
 17.00  78 194 1.17E+02                                                    1
 19.00  78 194 1.23E+02                                                    1
 21.00  78 194 1.24E+02                                                    1
 23.00  78 194 1.23E+02                                                    1
 25.00  78 194 1.22E+02                                                    1
 27.00  78 194 1.20E+02                                                    1
 29.00  78 194 1.17E+02                                                    1
 31.00  78 194 1.14E+02                                                    1
 33.00  78 194 1.12E+02                                                    1
 35.00  78 194 1.10E+02                                                    1
 37.00  78 194 1.09E+02                                                    1
 39.00  78 194 1.04E+02                                                    1
  7.00  78 193 3.88E-01 1.90E-01 1.98E-01          5.11E-01            0   2
  9.00  78 193 3.60E+01 9.36E+00 2.66E+01          7.40E-01            0   2
 11.00  78 193 1.88E+02 3.72E+01 1.51E+02          8.03E-01            0   2
 13.00  78 193 2.25E+02 3.37E+01 1.91E+02          8.50E-01            0   2
 15.00  78 193 1.65E+02 1.87E+01 1.46E+02          8.87E-01            0   2
 17.00  78 193 1.36E+02 1.04E+01 1.26E+02          9.24E-01            0   2
 19.00  78 193 1.28E+02 8.11E+00 1.20E+02          9.37E-01            0   2
 21.00  78 193 1.26E+02 6.72E+00 1.19E+02          9.47E-01            0   2
 23.00  78 193 1.24E+02 5.90E+00 1.18E+02          9.52E-01            0   2
 25.00  78 193 1.20E+02 5.19E+00 1.15E+02          9.57E-01            0   2
 27.00  78 193 1.16E+02 4.15E+00 1.12E+02          9.64E-01            0   2
 29.00  78 193 1.09E+02 4.17E+00 1.04E+02          9.62E-01            0   2
 31.00  78 193 1.08E+02 3.45E+00 1.05E+02          9.68E-01            0   2
 33.00  78 193 1.03E+02 3.37E+00 9.96E+01          9.67E-01            0   2
 35.00  78 193 9.96E+01 2.84E+00 9.67E+01          9.71E-01            0   2
 37.00  78 193 9.48E+01 2.95E+00 9.19E+01          9.69E-01            0   2
 39.00  78 193 9.57E+01 2.50E+00 9.32E+01          9.74E-01            0   2
  7.00  78 192 1.16E-01                                                    1
  9.00  78 192 6.36E+00                                                    1
 11.00  78 192 3.70E+01                                                    1
 13.00  78 192 2.23E+02                                                    1
 15.00  78 192 4.57E+02                                                    1
 17.00  78 192 6.21E+02                                                    1
 19.00  78 192 7.22E+02                                                    1
 21.00  78 192 7.69E+02                                                    1
 23.00  78 192 6.53E+02                                                    1
 25.00  78 192 4.72E+02                                                    1
 27.00  78 192 3.47E+02                                                    1
 29.00  78 192 2.83E+02                                                    1
 31.00  78 192 2.47E+02                                                    1
 33.00  78 192 2.25E+02                                                    1
 35.00  78 192 2.16E+02                                                    1
 37.00  78 192 2.04E+02                                                    1
 39.00  78 192 1.94E+02                                                    1
  7.00  78 191 1.91E-01                                                    1
  9.00  78 191 2.01E+01                                                    1
 11.00  78 191 1.12E+02                                                    1
 13.00  78 191 1.88E+02                                                    1
 15.00  78 191 1.39E+02                                                    1
 17.00  78 191 1.00E+02                                                    1
 19.00  78 191 8.44E+01                                                    1
 21.00  78 191 1.08E+02                                                    1
 23.00  78 191 2.79E+02                                                    1
 25.00  78 191 4.99E+02                                                    1
 27.00  78 191 6.57E+02                                                    1
 29.00  78 191 7.18E+02                                                    1
 31.00  78 191 6.41E+02                                                    1
 33.00  78 191 4.94E+02                                                    1
 35.00  78 191 3.51E+02                                                    1
 37.00  78 191 2.59E+02                                                    1
 39.00  78 191 2.08E+02                                                    1
 13.00  78 190 3.99E+01                                                    1
 15.00  78 190 1.83E+02                                                    1
 17.00  78 190 2.94E+02                                                    1
 19.00  78 190 3.64E+02                                                    1
 21.00  78 190 4.09E+02                                                    1
 23.00  78 190 4.07E+02                                                    1
 25.00  78 190 3.12E+02                                                    1
 27.00  78 190 2.13E+02                                                    1
 29.00  78 190 1.84E+02                                                    1
 31.00  78 190 2.76E+02                                                    1
 33.00  78 190 4.42E+02                                                    1
 35.00  78 190 5.92E+02                                                    1
 37.00  78 190 6.93E+02                                                    1
 39.00  78 190 7.42E+02                                                    1
 21.00  78 189 3.69E-01                                                    1
 23.00  78 189 3.62E+01                                                    1
 25.00  78 189 1.59E+02                                                    1
 27.00  78 189 2.82E+02                                                    1
 29.00  78 189 3.58E+02                                                    1
 31.00  78 189 3.79E+02                                                    1
 33.00  78 189 3.30E+02                                                    1
 35.00  78 189 2.41E+02                                                    1
 37.00  78 189 1.66E+02                                                    1
 39.00  78 189 1.25E+02                                                    1
 29.00  78 188 1.08E+00                                                    1
 31.00  78 188 2.50E+01                                                    1
 33.00  78 188 1.04E+02                                                    1
 35.00  78 188 2.05E+02                                                    1
 37.00  78 188 2.93E+02                                                    1
 39.00  78 188 3.51E+02                                                    1
 39.00  78 187 2.45E-01                                                    1
  7.00  77 194 2.04E-03 0.00E+00 2.04E-03 0.00E+00 1.00E+00 0.00E+00   1   3
  9.00  77 194 5.28E-01 0.00E+00 5.28E-01 0.00E+00 1.00E+00 0.00E+00   1   3
 11.00  77 194 5.17E+00 0.00E+00 5.16E+00 1.18E-02 9.98E-01 2.29E-03   1   3
 13.00  77 194 1.58E+01 0.00E+00 1.57E+01 1.50E-01 9.91E-01 9.48E-03   1   3
 15.00  77 194 2.85E+01 0.00E+00 2.78E+01 7.33E-01 9.74E-01 2.57E-02   1   3
 17.00  77 194 3.70E+01 0.00E+00 3.52E+01 1.88E+00 9.49E-01 5.08E-02   1   3
 19.00  77 194 4.54E+01 0.00E+00 4.15E+01 3.95E+00 9.13E-01 8.70E-02   1   3
 21.00  77 194 5.20E+01 0.00E+00 4.45E+01 7.57E+00 8.54E-01 1.46E-01   1   3
 23.00  77 194 5.59E+01 0.00E+00 4.53E+01 1.05E+01 8.11E-01 1.89E-01   1   3
 25.00  77 194 5.76E+01 0.00E+00 4.37E+01 1.40E+01 7.58E-01 2.42E-01   1   3
 27.00  77 194 5.93E+01 0.00E+00 4.25E+01 1.67E+01 7.18E-01 2.82E-01   1   3
 29.00  77 194 6.17E+01 0.00E+00 4.21E+01 1.95E+01 6.83E-01 3.17E-01   1   3
 31.00  77 194 6.10E+01 0.00E+00 3.85E+01 2.26E+01 6.30E-01 3.70E-01   1   3
 33.00  77 194 6.08E+01 0.00E+00 3.53E+01 2.55E+01 5.81E-01 4.19E-01   1   3
 35.00  77 194 6.13E+01 0.00E+00 3.36E+01 2.77E+01 5.48E-01 4.52E-01   1   3
 37.00  77 194 6.07E+01 0.00E+00 3.20E+01 2.87E+01 5.27E-01 4.73E-01   1   3
 39.00  77 194 6.17E+01 0.00E+00 2.94E+01 3.23E+01 4.76E-01 5.24E-01   1   3
 11.00  77 193 5.13E-02 7.89E-03 4.34E-02          8.46E-01            0   2
 13.00  77 193 1.01E+00 1.38E-01 8.71E-01          8.63E-01            0   2
 15.00  77 193 4.64E+00 4.66E-01 4.17E+00          9.00E-01            0   2
 17.00  77 193 1.22E+01 1.03E+00 1.12E+01          9.16E-01            0   2
 19.00  77 193 2.44E+01 1.44E+00 2.30E+01          9.41E-01            0   2
 21.00  77 193 3.82E+01 2.36E+00 3.58E+01          9.38E-01            0   2
 23.00  77 193 5.28E+01 2.61E+00 5.02E+01          9.51E-01            0   2
 25.00  77 193 6.54E+01 3.11E+00 6.22E+01          9.52E-01            0   2
 27.00  77 193 7.36E+01 3.27E+00 7.03E+01          9.56E-01            0   2
 29.00  77 193 8.39E+01 3.50E+00 8.04E+01          9.58E-01            0   2
 31.00  77 193 9.46E+01 3.71E+00 9.09E+01          9.61E-01            0   2
 33.00  77 193 9.90E+01 3.28E+00 9.57E+01          9.67E-01            0   2
 35.00  77 193 1.07E+02 4.20E+00 1.03E+02          9.61E-01            0   2
 37.00  77 193 1.12E+02 3.45E+00 1.08E+02          9.69E-01            0   2
 39.00  77 193 1.18E+02 3.96E+00 1.14E+02          9.67E-01            0   2
  7.00  77 192 1.66E-03 1.66E-03 0.00E+00 0.00E+00 0.00E+00 0.00E+00   1   3
  9.00  77 192 3.40E-01 3.39E-01 0.00E+00 1.44E-03 0.00E+00 4.23E-03   1   3
 11.00  77 192 3.68E+00 3.62E+00 0.00E+00 5.81E-02 0.00E+00 1.58E-02   1   3
 13.00  77 192 1.04E+01 9.99E+00 0.00E+00 4.52E-01 0.00E+00 4.33E-02   1   3
 15.00  77 192 1.89E+01 1.70E+01 0.00E+00 1.84E+00 0.00E+00 9.73E-02   1   3
 17.00  77 192 2.52E+01 2.08E+01 0.00E+00 4.41E+00 0.00E+00 1.75E-01   1   3
 19.00  77 192 3.03E+01 2.22E+01 0.00E+00 8.15E+00 0.00E+00 2.69E-01   1   3
 21.00  77 192 3.28E+01 2.09E+01 0.00E+00 1.20E+01 0.00E+00 3.64E-01   1   3
 23.00  77 192 3.77E+01 2.16E+01 0.00E+00 1.61E+01 0.00E+00 4.27E-01   1   3
 25.00  77 192 4.29E+01 2.07E+01 0.00E+00 2.23E+01 0.00E+00 5.19E-01   1   3
 27.00  77 192 5.15E+01 2.15E+01 0.00E+00 3.00E+01 0.00E+00 5.83E-01   1   3
 29.00  77 192 5.71E+01 2.01E+01 2.05E-02 3.69E+01 3.59E-04 6.47E-01   1   3
 31.00  77 192 6.46E+01 2.07E+01 0.00E+00 4.39E+01 0.00E+00 6.79E-01   1   3
 33.00  77 192 6.99E+01 2.08E+01 0.00E+00 4.92E+01 0.00E+00 7.03E-01   1   3
 35.00  77 192 7.78E+01 2.06E+01 0.00E+00 5.71E+01 0.00E+00 7.35E-01   1   3
 37.00  77 192 7.97E+01 1.89E+01 0.00E+00 6.09E+01 0.00E+00 7.63E-01   1   3
 39.00  77 192 8.04E+01 1.88E+01 0.00E+00 6.16E+01 0.00E+00 7.66E-01   1   3
 11.00  77 191 2.71E-02 7.75E-03 1.94E-02 0.00E+00 7.14E-01 0.00E+00   1   3
 13.00  77 191 6.16E-01 9.36E-02 5.19E-01 3.90E-03 8.42E-01 6.33E-03   1   3
 15.00  77 191 3.21E+00 3.52E-01 2.75E+00 1.10E-01 8.56E-01 3.42E-02   1   3
 17.00  77 191 7.96E+00 4.70E-01 7.03E+00 4.57E-01 8.83E-01 5.74E-02   1   3
 19.00  77 191 1.70E+01 1.19E+00 1.43E+01 1.52E+00 8.40E-01 8.96E-02   1   3
 21.00  77 191 2.55E+01 1.16E+00 2.02E+01 4.08E+00 7.94E-01 1.60E-01   1   3
 23.00  77 191 3.37E+01 1.65E+00 2.56E+01 6.46E+00 7.59E-01 1.92E-01   1   3
 25.00  77 191 4.43E+01 2.00E+00 3.29E+01 9.35E+00 7.44E-01 2.11E-01   1   3
 27.00  77 191 4.88E+01 1.89E+00 3.63E+01 1.06E+01 7.44E-01 2.17E-01   1   3
 29.00  77 191 5.50E+01 2.06E+00 4.06E+01 1.23E+01 7.38E-01 2.24E-01   1   3
 31.00  77 191 6.39E+01 2.44E+00 4.82E+01 1.32E+01 7.55E-01 2.07E-01   1   3
 33.00  77 191 7.12E+01 2.36E+00 5.25E+01 1.64E+01 7.37E-01 2.30E-01   1   3
 35.00  77 191 8.33E+01 2.95E+00 6.01E+01 2.03E+01 7.21E-01 2.44E-01   1   3
 37.00  77 191 9.78E+01 3.20E+00 6.67E+01 2.79E+01 6.82E-01 2.85E-01   1   3
 39.00  77 191 1.07E+02 3.87E+00 7.04E+01 3.28E+01 6.58E-01 3.06E-01   1   3
 19.00  77 190 1.53E-02 0.00E+00 1.53E-02 0.00E+00 1.00E+00 0.00E+00   0   3
 21.00  77 190 1.01E-01 1.68E-02 8.39E-02 0.00E+00 8.33E-01 0.00E+00   0   3
 23.00  77 190 1.49E+00 2.43E-01 1.25E+00 0.00E+00 8.37E-01 0.00E+00   0   3
 25.00  77 190 3.80E+00 5.58E-01 3.24E+00 0.00E+00 8.53E-01 0.00E+00   0   3
 27.00  77 190 8.16E+00 1.10E+00 7.05E+00 0.00E+00 8.65E-01 0.00E+00   0   3
 29.00  77 190 1.40E+01 1.76E+00 1.22E+01 0.00E+00 8.74E-01 0.00E+00   0   3
 31.00  77 190 1.85E+01 1.84E+00 1.67E+01 0.00E+00 9.01E-01 0.00E+00   0   3
 33.00  77 190 2.24E+01 1.92E+00 2.05E+01 0.00E+00 9.14E-01 0.00E+00   0   3
 35.00  77 190 2.51E+01 2.75E+00 2.24E+01 0.00E+00 8.91E-01 0.00E+00   0   3
 37.00  77 190 2.71E+01 2.87E+00 2.42E+01 0.00E+00 8.94E-01 0.00E+00   0   3
 39.00  77 190 2.90E+01 2.79E+00 2.62E+01 0.00E+00 9.04E-01 0.00E+00   0   3
 27.00  77 189 5.91E-02 0.00E+00 5.91E-02 0.00E+00 1.00E+00 0.00E+00   0   3
 29.00  77 189 4.68E-01 2.04E-02 4.27E-01 2.04E-02 9.13E-01 4.35E-02   0   3
 31.00  77 189 1.80E+00 7.32E-02 1.56E+00 1.67E-01 8.66E-01 9.30E-02   0   3
 33.00  77 189 4.74E+00 3.31E-01 3.02E+00 1.39E+00 6.37E-01 2.93E-01   0   3
 35.00  77 189 9.05E+00 3.48E-01 5.65E+00 3.04E+00 6.25E-01 3.36E-01   0   3
 37.00  77 189 1.53E+01 5.63E-01 8.45E+00 6.34E+00 5.50E-01 4.13E-01   0   3
 39.00  77 189 2.05E+01 6.93E-01 1.02E+01 9.64E+00 4.97E-01 4.69E-01   0   3
 37.00  77 188 1.99E-01                                                    1
 39.00  77 188 9.60E-01                                                    1
 31.00  76 193 2.10E-02                                                    1
 33.00  76 193 2.15E-02                                                    1
 35.00  76 193 2.19E-02                                                    1
 39.00  76 193 4.50E-02                                                    1
 33.00  76 192 2.15E-02 0.00E+00 2.15E-02          1.00E+00            0   2
 37.00  76 192 2.22E-02 0.00E+00 2.22E-02          1.00E+00            0   2
 39.00  76 192 2.25E-02 0.00E+00 2.25E-02          1.00E+00            0   2
 31.00  76 191 2.09E-02 2.09E-02 0.00E+00          0.00E+00            0   2
 35.00  76 191 2.17E-02 2.17E-02 0.00E+00          0.00E+00            0   2
 37.00  76 191 4.42E-02 4.42E-02 0.00E+00          0.00E+00            0   2
 39.00  76 191 4.47E-02 4.47E-02 0.00E+00          0.00E+00            0   2
 15.00  76 190 1.11E-02 0.00E+00 1.11E-02          1.00E+00            0   2
 17.00  76 190 2.71E-02 0.00E+00 2.71E-02          1.00E+00            0   2
 19.00  76 190 1.54E-01 0.00E+00 1.54E-01          1.00E+00            0   2
 21.00  76 190 3.38E-02 0.00E+00 3.38E-02          1.00E+00            0   2
 33.00  76 190 2.15E-02 0.00E+00 2.15E-02          1.00E+00            0   2
 35.00  76 190 2.17E-02 0.00E+00 2.17E-02          1.00E+00            0   2
 37.00  76 190 2.21E-02 0.00E+00 2.21E-02          1.00E+00            0   2
 19.00  76 189 1.54E-02 0.00E+00 1.54E-02          1.00E+00            0   2
 21.00  76 189 3.38E-02 1.69E-02 1.69E-02          5.00E-01            0   2
 23.00  76 189 1.27E-01 5.42E-02 7.23E-02          5.71E-01            0   2
 25.00  76 189 3.23E-01 9.51E-02 2.28E-01          7.06E-01            0   2
 27.00  76 189 2.77E-01 9.91E-02 1.78E-01          6.43E-01            0   2
 29.00  76 189 2.46E-01 2.05E-02 2.25E-01          9.17E-01            0   2
 31.00  76 189 2.94E-01 6.30E-02 2.31E-01          7.86E-01            0   2
 33.00  76 189 8.58E-02 0.00E+00 8.58E-02          1.00E+00            0   2
 35.00  76 189 6.55E-02 0.00E+00 6.55E-02          1.00E+00            0   2
 37.00  76 189 6.66E-02 0.00E+00 6.66E-02          1.00E+00            0   2
 13.00  76 188 1.56E-02                                                    1
 17.00  76 188 9.41E-02                                                    1
 19.00  76 188 1.07E-01                                                    1
 21.00  76 188 3.36E-02                                                    1
 23.00  76 188 1.80E-02                                                    1
 25.00  76 188 5.67E-02                                                    1
 27.00  76 188 3.95E-02                                                    1
 29.00  76 188 1.84E-01                                                    1
 31.00  76 188 4.20E-01                                                    1
 33.00  76 188 6.22E-01                                                    1
 35.00  76 188 9.39E-01                                                    1
 37.00  76 188 1.29E+00                                                    1
 39.00  76 188 1.12E+00                                                    1
 21.00  76 187 8.39E-02                                                    1
 23.00  76 187 1.80E-01                                                    1
 25.00  76 187 5.11E-01                                                    1
 27.00  76 187 6.30E-01                                                    1
 29.00  76 187 5.09E-01                                                    1
 31.00  76 187 4.18E-01                                                    1
 33.00  76 187 1.71E-01                                                    1
 35.00  76 187 1.96E-01                                                    1
 37.00  76 187 3.54E-01                                                    1
 39.00  76 187 6.29E-01                                                    1
 27.00  76 186 3.94E-02                                                    1
 29.00  76 186 2.44E-01                                                    1
 31.00  76 186 9.19E-01                                                    1
 33.00  76 186 1.00E+00                                                    1
 35.00  76 186 1.54E+00                                                    1
 37.00  76 186 1.96E+00                                                    1
 39.00  76 186 2.07E+00                                                    1
 35.00  76 185 4.33E-02                                                    1
 37.00  76 185 2.86E-01                                                    1
 39.00  76 185 6.02E-01                                                    1
 39.00  75 189 2.25E-02                                                    1
  Ebeam =   1.0000000000000000      sumcs=   0.0000000000000000     
  Ebeam =   3.0000000000000000      sumcs=   0.0000000000000000     
  Ebeam =   5.0000000000000000      sumcs=   0.0000000000000000     
  Ebeam =   7.0000000000000000      sumcs=  0.84743191010725771     
  Ebeam =   9.0000000000000000      sumcs=   73.239474434825908     
  Ebeam =   11.000000000000000      sumcs=   391.90134068947424     
  Ebeam =   13.000000000000000      sumcs=   785.22748133760274     
  Ebeam =   15.000000000000000      sumcs=   1106.3141297972013     
  Ebeam =   17.000000000000000      sumcs=   1350.7542351883380     
  Ebeam =   19.000000000000000      sumcs=   1538.6539357338447     
  Ebeam =   21.000000000000000      sumcs=   1685.7041836011654     
  Ebeam =   23.000000000000000      sumcs=   1803.4336263989783     
  Ebeam =   25.000000000000000      sumcs=   1898.7856821036676     
  Ebeam =   27.000000000000000      sumcs=   1977.1238245536783     
  Ebeam =   29.000000000000000      sumcs=   2042.3037198145305     
  Ebeam =   31.000000000000000      sumcs=   2096.7697670176781     
  Ebeam =   33.000000000000000      sumcs=   2141.2644136898916     
  Ebeam =   35.000000000000000      sumcs=   2180.7598844131853     
  Ebeam =   37.000000000000000      sumcs=   2214.4439653080203     
  Ebeam =   39.000000000000000      sumcs=   2242.1120416788058     
