  Ebeam  Z   A   Total    grnd st  isomer1 isomer2  isomer1  isomer2  didl nolevs
  (MeV)           cs.      cs.      cs.     cs.     to total to total
  3.00  29  65 1.30E-01                                                    1
  5.00  29  65 3.33E+00                                                    1
  7.00  29  65 5.55E+00                                                    1
  9.00  29  65 4.81E+00                                                    1
 11.00  29  65 3.72E+00                                                    1
 13.00  29  65 2.98E+00                                                    1
 15.00  29  65 2.89E+00                                                    1
 17.00  29  65 2.59E+00                                                    1
 19.00  29  65 2.91E+00                                                    1
 21.00  29  65 2.72E+00                                                    1
 23.00  29  65 2.52E+00                                                    1
 25.00  29  65 2.49E+00                                                    1
 27.00  29  65 2.16E+00                                                    1
 29.00  29  65 2.16E+00                                                    1
 31.00  29  65 1.95E+00                                                    1
 33.00  29  65 1.97E+00                                                    1
 35.00  29  65 1.94E+00                                                    1
 37.00  29  65 1.72E+00                                                    1
 39.00  29  65 1.77E+00                                                    1
  7.00  29  64 1.52E+00                                                    1
  9.00  29  64 3.84E+00                                                    1
 11.00  29  64 6.08E+00                                                    1
 13.00  29  64 6.68E+00                                                    1
 15.00  29  64 7.11E+00                                                    1
 17.00  29  64 6.25E+00                                                    1
 19.00  29  64 4.86E+00                                                    1
 21.00  29  64 3.35E+00                                                    1
 23.00  29  64 2.88E+00                                                    1
 25.00  29  64 2.12E+00                                                    1
 27.00  29  64 1.94E+00                                                    1
 29.00  29  64 1.66E+00                                                    1
 31.00  29  64 1.85E+00                                                    1
 33.00  29  64 1.75E+00                                                    1
 35.00  29  64 1.30E+00                                                    1
 37.00  29  64 1.59E+00                                                    1
 39.00  29  64 1.28E+00                                                    1
  3.00  29  63 4.57E-01                                                    1
  5.00  29  63 1.17E+01                                                    1
  7.00  29  63 1.89E+01                                                    1
  9.00  29  63 1.53E+01                                                    1
 11.00  29  63 1.34E+01                                                    1
 13.00  29  63 1.18E+01                                                    1
 15.00  29  63 1.10E+01                                                    1
 17.00  29  63 1.11E+01                                                    1
 19.00  29  63 1.11E+01                                                    1
 21.00  29  63 1.26E+01                                                    1
 23.00  29  63 1.18E+01                                                    1
 25.00  29  63 1.23E+01                                                    1
 27.00  29  63 1.22E+01                                                    1
 29.00  29  63 1.17E+01                                                    1
 31.00  29  63 1.03E+01                                                    1
 33.00  29  63 9.36E+00                                                    1
 35.00  29  63 8.34E+00                                                    1
 37.00  29  63 8.48E+00                                                    1
 39.00  29  63 7.53E+00                                                    1
  3.00  29  62 8.71E-02                                                    1
  5.00  29  62 2.42E+00                                                    1
  7.00  29  62 4.22E+00                                                    1
  9.00  29  62 4.05E+00                                                    1
 11.00  29  62 6.96E+00                                                    1
 13.00  29  62 1.09E+01                                                    1
 15.00  29  62 1.40E+01                                                    1
 17.00  29  62 1.59E+01                                                    1
 19.00  29  62 1.53E+01                                                    1
 21.00  29  62 1.26E+01                                                    1
 23.00  29  62 1.06E+01                                                    1
 25.00  29  62 8.55E+00                                                    1
 27.00  29  62 7.85E+00                                                    1
 29.00  29  62 5.90E+00                                                    1
 31.00  29  62 6.42E+00                                                    1
 33.00  29  62 5.57E+00                                                    1
 35.00  29  62 4.97E+00                                                    1
 37.00  29  62 5.72E+00                                                    1
 39.00  29  62 5.64E+00                                                    1
  3.00  29  61 2.45E+00                                                    1
  5.00  29  61 6.51E+01                                                    1
  7.00  29  61 1.03E+02                                                    1
  9.00  29  61 8.85E+01                                                    1
 11.00  29  61 7.71E+01                                                    1
 13.00  29  61 7.10E+01                                                    1
 15.00  29  61 6.75E+01                                                    1
 17.00  29  61 6.44E+01                                                    1
 19.00  29  61 6.15E+01                                                    1
 21.00  29  61 5.82E+01                                                    1
 23.00  29  61 5.90E+01                                                    1
 25.00  29  61 5.77E+01                                                    1
 27.00  29  61 5.44E+01                                                    1
 29.00  29  61 5.21E+01                                                    1
 31.00  29  61 5.01E+01                                                    1
 33.00  29  61 4.73E+01                                                    1
 35.00  29  61 4.45E+01                                                    1
 37.00  29  61 4.46E+01                                                    1
 39.00  29  61 4.09E+01                                                    1
 11.00  29  60 1.80E-01                                                    1
 13.00  29  60 3.42E+00                                                    1
 15.00  29  60 1.09E+01                                                    1
 17.00  29  60 1.98E+01                                                    1
 19.00  29  60 2.76E+01                                                    1
 21.00  29  60 2.62E+01                                                    1
 23.00  29  60 2.08E+01                                                    1
 25.00  29  60 1.65E+01                                                    1
 27.00  29  60 1.27E+01                                                    1
 29.00  29  60 1.08E+01                                                    1
 31.00  29  60 9.66E+00                                                    1
 33.00  29  60 8.70E+00                                                    1
 35.00  29  60 7.73E+00                                                    1
 37.00  29  60 7.82E+00                                                    1
 39.00  29  60 7.21E+00                                                    1
  3.00  29  59 2.43E+00                                                    1
  5.00  29  59 8.50E+01                                                    1
  7.00  29  59 1.59E+02                                                    1
  9.00  29  59 1.49E+02                                                    1
 11.00  29  59 1.38E+02                                                    1
 13.00  29  59 1.31E+02                                                    1
 15.00  29  59 1.27E+02                                                    1
 17.00  29  59 1.22E+02                                                    1
 19.00  29  59 1.15E+02                                                    1
 21.00  29  59 1.13E+02                                                    1
 23.00  29  59 1.07E+02                                                    1
 25.00  29  59 1.03E+02                                                    1
 27.00  29  59 1.02E+02                                                    1
 29.00  29  59 1.01E+02                                                    1
 31.00  29  59 9.84E+01                                                    1
 33.00  29  59 9.44E+01                                                    1
 35.00  29  59 8.98E+01                                                    1
 37.00  29  59 9.10E+01                                                    1
 39.00  29  59 8.41E+01                                                    1
 13.00  29  58 2.75E-02                                                    1
 15.00  29  58 8.99E-01                                                    1
 17.00  29  58 4.08E+00                                                    1
 19.00  29  58 1.12E+01                                                    1
 21.00  29  58 1.47E+01                                                    1
 23.00  29  58 1.49E+01                                                    1
 25.00  29  58 1.17E+01                                                    1
 27.00  29  58 8.93E+00                                                    1
 29.00  29  58 6.94E+00                                                    1
 31.00  29  58 7.00E+00                                                    1
 33.00  29  58 5.90E+00                                                    1
 35.00  29  58 5.31E+00                                                    1
 37.00  29  58 4.87E+00                                                    1
 39.00  29  58 5.12E+00                                                    1
 27.00  29  57 3.24E-02                                                    1
 29.00  29  57 2.93E-01                                                    1
 31.00  29  57 1.53E+00                                                    1
 33.00  29  57 3.89E+00                                                    1
 35.00  29  57 5.47E+00                                                    1
 37.00  29  57 5.39E+00                                                    1
 39.00  29  57 5.48E+00                                                    1
  3.00  28  65 5.12E-03                                                    1
  5.00  28  65 2.55E-01                                                    1
  7.00  28  65 7.14E-01                                                    1
  9.00  28  65 1.36E+00                                                    1
 11.00  28  65 1.27E+00                                                    1
 13.00  28  65 1.65E+00                                                    1
 15.00  28  65 1.55E+00                                                    1
 17.00  28  65 1.68E+00                                                    1
 19.00  28  65 1.30E+00                                                    1
 21.00  28  65 1.47E+00                                                    1
 23.00  28  65 1.31E+00                                                    1
 25.00  28  65 1.29E+00                                                    1
 27.00  28  65 1.15E+00                                                    1
 29.00  28  65 1.20E+00                                                    1
 31.00  28  65 1.21E+00                                                    1
 33.00  28  65 1.02E+00                                                    1
 35.00  28  65 1.12E+00                                                    1
 37.00  28  65 1.09E+00                                                    1
 39.00  28  65 9.73E-01                                                    1
  7.00  28  64 1.55E-01                                                    1
  9.00  28  64 5.74E-01                                                    1
 11.00  28  64 1.10E+00                                                    1
 13.00  28  64 1.93E+00                                                    1
 15.00  28  64 2.01E+00                                                    1
 17.00  28  64 2.53E+00                                                    1
 19.00  28  64 3.10E+00                                                    1
 21.00  28  64 3.17E+00                                                    1
 23.00  28  64 3.44E+00                                                    1
 25.00  28  64 3.53E+00                                                    1
 27.00  28  64 3.08E+00                                                    1
 29.00  28  64 2.99E+00                                                    1
 31.00  28  64 2.84E+00                                                    1
 33.00  28  64 2.77E+00                                                    1
 35.00  28  64 3.44E+00                                                    1
 37.00  28  64 2.83E+00                                                    1
 39.00  28  64 3.00E+00                                                    1
  3.00  28  63 4.34E-02                                                    1
  5.00  28  63 1.77E+00                                                    1
  7.00  28  63 4.57E+00                                                    1
  9.00  28  63 6.40E+00                                                    1
 11.00  28  63 7.01E+00                                                    1
 13.00  28  63 6.69E+00                                                    1
 15.00  28  63 6.23E+00                                                    1
 17.00  28  63 6.76E+00                                                    1
 19.00  28  63 6.60E+00                                                    1
 21.00  28  63 6.40E+00                                                    1
 23.00  28  63 6.60E+00                                                    1
 25.00  28  63 6.57E+00                                                    1
 27.00  28  63 7.19E+00                                                    1
 29.00  28  63 6.85E+00                                                    1
 31.00  28  63 7.00E+00                                                    1
 33.00  28  63 7.42E+00                                                    1
 35.00  28  63 6.46E+00                                                    1
 37.00  28  63 5.53E+00                                                    1
 39.00  28  63 5.58E+00                                                    1
  3.00  28  62 5.90E-02                                                    1
  5.00  28  62 1.57E+00                                                    1
  7.00  28  62 1.00E+01                                                    1
  9.00  28  62 2.15E+01                                                    1
 11.00  28  62 2.60E+01                                                    1
 13.00  28  62 2.69E+01                                                    1
 15.00  28  62 2.69E+01                                                    1
 17.00  28  62 2.66E+01                                                    1
 19.00  28  62 2.72E+01                                                    1
 21.00  28  62 2.66E+01                                                    1
 23.00  28  62 2.63E+01                                                    1
 25.00  28  62 2.39E+01                                                    1
 27.00  28  62 2.20E+01                                                    1
 29.00  28  62 2.06E+01                                                    1
 31.00  28  62 2.20E+01                                                    1
 33.00  28  62 2.17E+01                                                    1
 35.00  28  62 2.19E+01                                                    1
 37.00  28  62 2.22E+01                                                    1
 39.00  28  62 2.27E+01                                                    1
  3.00  28  61 9.33E-01                                                    1
  5.00  28  61 2.80E+01                                                    1
  7.00  28  61 6.54E+01                                                    1
  9.00  28  61 7.37E+01                                                    1
 11.00  28  61 6.97E+01                                                    1
 13.00  28  61 6.75E+01                                                    1
 15.00  28  61 6.48E+01                                                    1
 17.00  28  61 6.39E+01                                                    1
 19.00  28  61 6.05E+01                                                    1
 21.00  28  61 6.26E+01                                                    1
 23.00  28  61 5.99E+01                                                    1
 25.00  28  61 6.00E+01                                                    1
 27.00  28  61 6.13E+01                                                    1
 29.00  28  61 6.12E+01                                                    1
 31.00  28  61 5.96E+01                                                    1
 33.00  28  61 5.81E+01                                                    1
 35.00  28  61 5.40E+01                                                    1
 37.00  28  61 5.09E+01                                                    1
 39.00  28  61 4.93E+01                                                    1
  5.00  28  60 3.60E-03                                                    1
  7.00  28  60 4.37E+01                                                    1
  9.00  28  60 1.27E+02                                                    1
 11.00  28  60 1.87E+02                                                    1
 13.00  28  60 2.21E+02                                                    1
 15.00  28  60 2.37E+02                                                    1
 17.00  28  60 2.42E+02                                                    1
 19.00  28  60 2.46E+02                                                    1
 21.00  28  60 2.40E+02                                                    1
 23.00  28  60 2.22E+02                                                    1
 25.00  28  60 2.06E+02                                                    1
 27.00  28  60 1.88E+02                                                    1
 29.00  28  60 1.74E+02                                                    1
 31.00  28  60 1.67E+02                                                    1
 33.00  28  60 1.66E+02                                                    1
 35.00  28  60 1.62E+02                                                    1
 37.00  28  60 1.59E+02                                                    1
 39.00  28  60 1.56E+02                                                    1
  3.00  28  59 5.77E+00                                                    1
  5.00  28  59 1.46E+02                                                    1
  7.00  28  59 2.96E+02                                                    1
  9.00  28  59 2.93E+02                                                    1
 11.00  28  59 2.45E+02                                                    1
 13.00  28  59 2.16E+02                                                    1
 15.00  28  59 1.96E+02                                                    1
 17.00  28  59 1.87E+02                                                    1
 19.00  28  59 1.79E+02                                                    1
 21.00  28  59 1.81E+02                                                    1
 23.00  28  59 2.04E+02                                                    1
 25.00  28  59 2.20E+02                                                    1
 27.00  28  59 2.28E+02                                                    1
 29.00  28  59 2.34E+02                                                    1
 31.00  28  59 2.26E+02                                                    1
 33.00  28  59 2.15E+02                                                    1
 35.00  28  59 2.11E+02                                                    1
 37.00  28  59 1.96E+02                                                    1
 39.00  28  59 1.85E+02                                                    1
  7.00  28  58 7.67E+01                                                    1
  9.00  28  58 2.75E+02                                                    1
 11.00  28  58 4.50E+02                                                    1
 13.00  28  58 5.52E+02                                                    1
 15.00  28  58 6.07E+02                                                    1
 17.00  28  58 6.33E+02                                                    1
 19.00  28  58 6.37E+02                                                    1
 21.00  28  58 6.02E+02                                                    1
 23.00  28  58 5.44E+02                                                    1
 25.00  28  58 4.90E+02                                                    1
 27.00  28  58 4.49E+02                                                    1
 29.00  28  58 4.15E+02                                                    1
 31.00  28  58 3.96E+02                                                    1
 33.00  28  58 3.95E+02                                                    1
 35.00  28  58 3.88E+02                                                    1
 37.00  28  58 3.93E+02                                                    1
 39.00  28  58 4.01E+02                                                    1
 19.00  28  57 1.70E-01                                                    1
 21.00  28  57 5.81E+00                                                    1
 23.00  28  57 2.26E+01                                                    1
 25.00  28  57 4.83E+01                                                    1
 27.00  28  57 7.60E+01                                                    1
 29.00  28  57 1.00E+02                                                    1
 31.00  28  57 1.17E+02                                                    1
 33.00  28  57 1.24E+02                                                    1
 35.00  28  57 1.25E+02                                                    1
 37.00  28  57 1.15E+02                                                    1
 39.00  28  57 1.01E+02                                                    1
 31.00  28  56 2.28E-01                                                    1
 33.00  28  56 2.98E+00                                                    1
 35.00  28  56 1.26E+01                                                    1
 37.00  28  56 2.54E+01                                                    1
 39.00  28  56 4.27E+01                                                    1
 29.00  27  64 1.69E-02                                                    1
 25.00  27  63 1.67E-02                                                    1
 31.00  27  63 3.40E-02                                                    1
 33.00  27  63 1.70E-02                                                    1
 35.00  27  63 1.70E-02                                                    1
 37.00  27  63 3.41E-02                                                    1
 39.00  27  63 1.02E-01                                                    1
  7.00  27  62 2.58E-02 8.60E-03 1.72E-02          6.67E-01            0   2
  9.00  27  62 5.74E-02 0.00E+00 5.74E-02          1.00E+00            0   2
 11.00  27  62 5.30E-02 2.65E-02 2.65E-02          5.00E-01            0   2
 15.00  27  62 6.06E-02 1.51E-02 4.54E-02          7.50E-01            0   2
 17.00  27  62 1.57E-02 0.00E+00 1.57E-02          1.00E+00            0   2
 21.00  27  62 1.61E-02 0.00E+00 1.61E-02          1.00E+00            0   2
 23.00  27  62 3.27E-02 0.00E+00 3.27E-02          1.00E+00            0   2
 25.00  27  62 4.95E-02 1.65E-02 3.30E-02          6.67E-01            0   2
 27.00  27  62 6.67E-02 0.00E+00 6.67E-02          1.00E+00            0   2
 29.00  27  62 8.35E-02 0.00E+00 8.35E-02          1.00E+00            0   2
 31.00  27  62 1.51E-01 0.00E+00 1.51E-01          1.00E+00            0   2
 33.00  27  62 5.04E-02 0.00E+00 5.04E-02          1.00E+00            0   2
 35.00  27  62 8.41E-02 0.00E+00 8.41E-02          1.00E+00            0   2
 37.00  27  62 5.08E-02 0.00E+00 5.08E-02          1.00E+00            0   2
 39.00  27  62 8.45E-02 3.37E-02 5.08E-02          6.01E-01            0   2
 11.00  27  61 3.97E-02                                                    1
 13.00  27  61 7.19E-02                                                    1
 15.00  27  61 2.58E-01                                                    1
 17.00  27  61 3.91E-01                                                    1
 19.00  27  61 4.81E-01                                                    1
 21.00  27  61 6.86E-01                                                    1
 23.00  27  61 4.29E-01                                                    1
 25.00  27  61 5.99E-01                                                    1
 27.00  27  61 6.03E-01                                                    1
 29.00  27  61 5.86E-01                                                    1
 31.00  27  61 6.04E-01                                                    1
 33.00  27  61 7.24E-01                                                    1
 35.00  27  61 9.43E-01                                                    1
 37.00  27  61 1.01E+00                                                    1
 39.00  27  61 1.30E+00                                                    1
  3.00  27  60 4.13E-04 0.00E+00 4.13E-04          1.00E+00            0   2
  5.00  27  60 6.35E-02 1.12E-02 5.23E-02          8.24E-01            0   2
  7.00  27  60 2.10E-01 1.26E-01 8.41E-02          4.00E-01            0   2
  9.00  27  60 5.75E-01 4.40E-01 1.35E-01          2.35E-01            0   2
 11.00  27  60 5.61E-01 4.30E-01 1.30E-01          2.33E-01            0   2
 13.00  27  60 4.67E-01 4.39E-01 2.81E-02          6.02E-02            0   2
 15.00  27  60 6.08E-01 5.49E-01 5.89E-02          9.69E-02            0   2
 17.00  27  60 7.34E-01 7.04E-01 3.07E-02          4.19E-02            0   2
 19.00  27  60 1.55E+00 1.36E+00 1.88E-01          1.21E-01            0   2
 21.00  27  60 2.69E+00 2.42E+00 2.71E-01          1.01E-01            0   2
 23.00  27  60 4.07E+00 3.87E+00 1.93E-01          4.76E-02            0   2
 25.00  27  60 4.06E+00 3.73E+00 3.34E-01          8.22E-02            0   2
 27.00  27  60 4.24E+00 3.90E+00 3.45E-01          8.13E-02            0   2
 29.00  27  60 4.47E+00 4.13E+00 3.39E-01          7.58E-02            0   2
 31.00  27  60 3.73E+00 3.35E+00 3.74E-01          1.00E-01            0   2
 33.00  27  60 3.32E+00 3.02E+00 2.99E-01          9.01E-02            0   2
 35.00  27  60 3.02E+00 2.81E+00 2.16E-01          7.16E-02            0   2
 37.00  27  60 3.01E+00 2.88E+00 1.33E-01          4.44E-02            0   2
 39.00  27  60 2.82E+00 2.66E+00 1.67E-01          5.89E-02            0   2
  3.00  27  59 6.29E-03                                                    1
  5.00  27  59 1.87E-01                                                    1
  7.00  27  59 4.33E-01                                                    1
  9.00  27  59 6.15E-01                                                    1
 11.00  27  59 4.67E-01                                                    1
 13.00  27  59 1.09E+00                                                    1
 15.00  27  59 1.75E+00                                                    1
 17.00  27  59 2.57E+00                                                    1
 19.00  27  59 3.36E+00                                                    1
 21.00  27  59 3.45E+00                                                    1
 23.00  27  59 4.19E+00                                                    1
 25.00  27  59 7.31E+00                                                    1
 27.00  27  59 1.23E+01                                                    1
 29.00  27  59 1.67E+01                                                    1
 31.00  27  59 2.13E+01                                                    1
 33.00  27  59 2.46E+01                                                    1
 35.00  27  59 2.87E+01                                                    1
 37.00  27  59 2.86E+01                                                    1
 39.00  27  59 2.80E+01                                                    1
  3.00  27  58 1.92E-02 1.92E-02 0.00E+00          0.00E+00            0   2
  5.00  27  58 1.46E+00 1.03E+00 4.29E-01          2.93E-01            0   2
  7.00  27  58 5.08E+00 1.97E+00 3.11E+00          6.12E-01            0   2
  9.00  27  58 6.97E+00 1.84E+00 5.12E+00          7.35E-01            0   2
 11.00  27  58 1.09E+01 2.08E+00 8.78E+00          8.09E-01            0   2
 13.00  27  58 1.49E+01 2.45E+00 1.24E+01          8.35E-01            0   2
 15.00  27  58 2.47E+01 3.59E+00 2.12E+01          8.55E-01            0   2
 17.00  27  58 3.73E+01 5.03E+00 3.23E+01          8.65E-01            0   2
 19.00  27  58 4.98E+01 5.64E+00 4.41E+01          8.87E-01            0   2
 21.00  27  58 5.78E+01 5.74E+00 5.21E+01          9.01E-01            0   2
 23.00  27  58 5.58E+01 6.14E+00 4.97E+01          8.90E-01            0   2
 25.00  27  58 5.00E+01 4.92E+00 4.51E+01          9.02E-01            0   2
 27.00  27  58 4.17E+01 3.81E+00 3.79E+01          9.09E-01            0   2
 29.00  27  58 3.61E+01 3.09E+00 3.30E+01          9.14E-01            0   2
 31.00  27  58 3.11E+01 2.78E+00 2.83E+01          9.10E-01            0   2
 33.00  27  58 2.89E+01 2.76E+00 2.61E+01          9.04E-01            0   2
 35.00  27  58 2.50E+01 2.28E+00 2.27E+01          9.09E-01            0   2
 37.00  27  58 2.50E+01 2.11E+00 2.29E+01          9.15E-01            0   2
 39.00  27  58 2.55E+01 2.24E+00 2.32E+01          9.12E-01            0   2
 11.00  27  57 6.80E-01                                                    1
 13.00  27  57 5.53E+00                                                    1
 15.00  27  57 1.18E+01                                                    1
 17.00  27  57 1.69E+01                                                    1
 19.00  27  57 2.88E+01                                                    1
 21.00  27  57 7.02E+01                                                    1
 23.00  27  57 1.32E+02                                                    1
 25.00  27  57 1.79E+02                                                    1
 27.00  27  57 2.12E+02                                                    1
 29.00  27  57 2.30E+02                                                    1
 31.00  27  57 2.35E+02                                                    1
 33.00  27  57 2.26E+02                                                    1
 35.00  27  57 2.11E+02                                                    1
 37.00  27  57 1.92E+02                                                    1
 39.00  27  57 1.73E+02                                                    1
  3.00  27  56 1.18E-01                                                    1
  5.00  27  56 5.47E+00                                                    1
  7.00  27  56 1.52E+01                                                    1
  9.00  27  56 2.28E+01                                                    1
 11.00  27  56 1.90E+01                                                    1
 13.00  27  56 1.20E+01                                                    1
 15.00  27  56 5.29E+00                                                    1
 17.00  27  56 2.17E+00                                                    1
 19.00  27  56 1.02E+00                                                    1
 21.00  27  56 2.67E-01                                                    1
 23.00  27  56 1.11E-01                                                    1
 25.00  27  56 1.62E-01                                                    1
 27.00  27  56 4.10E-01                                                    1
 29.00  27  56 1.15E+00                                                    1
 31.00  27  56 2.79E+00                                                    1
 33.00  27  56 5.54E+00                                                    1
 35.00  27  56 1.13E+01                                                    1
 37.00  27  56 1.58E+01                                                    1
 39.00  27  56 2.25E+01                                                    1
 13.00  27  55 1.06E+00                                                    1
 15.00  27  55 4.31E+00                                                    1
 17.00  27  55 9.11E+00                                                    1
 19.00  27  55 1.37E+01                                                    1
 21.00  27  55 1.63E+01                                                    1
 23.00  27  55 1.60E+01                                                    1
 25.00  27  55 1.32E+01                                                    1
 27.00  27  55 1.00E+01                                                    1
 29.00  27  55 7.30E+00                                                    1
 31.00  27  55 5.84E+00                                                    1
 33.00  27  55 4.50E+00                                                    1
 35.00  27  55 3.31E+00                                                    1
 37.00  27  55 2.95E+00                                                    1
 39.00  27  55 2.99E+00                                                    1
 29.00  27  54 6.50E-02 0.00E+00 6.50E-02          1.00E+00            0   2
 31.00  27  54 2.61E-01 0.00E+00 2.61E-01          1.00E+00            0   2
 33.00  27  54 3.76E-01 1.64E-02 3.60E-01          9.57E-01            0   2
 35.00  27  54 1.03E+00 4.92E-02 9.83E-01          9.52E-01            0   2
 37.00  27  54 1.62E+00 3.28E-02 1.59E+00          9.80E-01            0   2
 39.00  27  54 1.66E+00 2.46E-02 1.63E+00          9.85E-01            0   2
 25.00  26  61 1.67E-02                                                    1
 27.00  26  61 1.68E-02                                                    1
 31.00  26  61 1.70E-02                                                    1
 35.00  26  61 1.70E-02                                                    1
 39.00  26  61 1.71E-02                                                    1
 27.00  26  60 6.74E-02                                                    1
 29.00  26  60 3.38E-02                                                    1
 31.00  26  60 5.09E-02                                                    1
 33.00  26  60 6.81E-02                                                    1
 35.00  26  60 3.92E-01                                                    1
 37.00  26  60 2.39E-01                                                    1
 39.00  26  60 3.41E-01                                                    1
 17.00  26  59 1.55E-02                                                    1
 19.00  26  59 6.35E-02                                                    1
 21.00  26  59 1.13E-01                                                    1
 23.00  26  59 4.08E-01                                                    1
 25.00  26  59 2.97E-01                                                    1
 27.00  26  59 2.82E-01                                                    1
 29.00  26  59 5.17E-01                                                    1
 31.00  26  59 3.67E-01                                                    1
 33.00  26  59 5.68E-01                                                    1
 35.00  26  59 7.50E-01                                                    1
 37.00  26  59 1.03E+00                                                    1
 39.00  26  59 1.27E+00                                                    1
 11.00  26  58 1.16E-01                                                    1
 13.00  26  58 2.53E-01                                                    1
 15.00  26  58 3.71E-01                                                    1
 17.00  26  58 2.92E-01                                                    1
 19.00  26  58 2.84E-01                                                    1
 21.00  26  58 5.46E-01                                                    1
 23.00  26  58 4.40E-01                                                    1
 25.00  26  58 1.02E+00                                                    1
 27.00  26  58 1.21E+00                                                    1
 29.00  26  58 2.22E+00                                                    1
 31.00  26  58 2.65E+00                                                    1
 33.00  26  58 3.39E+00                                                    1
 35.00  26  58 3.98E+00                                                    1
 37.00  26  58 6.10E+00                                                    1
 39.00  26  58 7.20E+00                                                    1
 13.00  26  57 5.58E-02                                                    1
 15.00  26  57 7.07E-01                                                    1
 17.00  26  57 2.37E+00                                                    1
 19.00  26  57 4.33E+00                                                    1
 21.00  26  57 7.64E+00                                                    1
 23.00  26  57 8.89E+00                                                    1
 25.00  26  57 1.15E+01                                                    1
 27.00  26  57 1.30E+01                                                    1
 29.00  26  57 1.54E+01                                                    1
 31.00  26  57 1.94E+01                                                    1
 33.00  26  57 2.13E+01                                                    1
 35.00  26  57 2.43E+01                                                    1
 37.00  26  57 2.50E+01                                                    1
 39.00  26  57 2.45E+01                                                    1
 21.00  26  56 1.05E+00                                                    1
 23.00  26  56 5.03E+00                                                    1
 25.00  26  56 1.27E+01                                                    1
 27.00  26  56 2.17E+01                                                    1
 29.00  26  56 3.02E+01                                                    1
 31.00  26  56 4.16E+01                                                    1
 33.00  26  56 5.38E+01                                                    1
 35.00  26  56 7.80E+01                                                    1
 37.00  26  56 9.89E+01                                                    1
 39.00  26  56 1.21E+02                                                    1
  9.00  26  55 1.63E-01                                                    1
 11.00  26  55 4.10E+00                                                    1
 13.00  26  55 1.50E+01                                                    1
 15.00  26  55 2.53E+01                                                    1
 17.00  26  55 3.04E+01                                                    1
 19.00  26  55 3.65E+01                                                    1
 21.00  26  55 4.45E+01                                                    1
 23.00  26  55 4.39E+01                                                    1
 25.00  26  55 4.05E+01                                                    1
 27.00  26  55 3.39E+01                                                    1
 29.00  26  55 2.60E+01                                                    1
 31.00  26  55 2.10E+01                                                    1
 33.00  26  55 1.65E+01                                                    1
 35.00  26  55 1.46E+01                                                    1
 37.00  26  55 1.37E+01                                                    1
 39.00  26  55 1.58E+01                                                    1
 19.00  26  54 4.63E-02                                                    1
 21.00  26  54 7.23E-01                                                    1
 23.00  26  54 6.34E+00                                                    1
 25.00  26  54 1.87E+01                                                    1
 27.00  26  54 3.48E+01                                                    1
 29.00  26  54 5.16E+01                                                    1
 31.00  26  54 6.36E+01                                                    1
 33.00  26  54 7.40E+01                                                    1
 35.00  26  54 7.50E+01                                                    1
 37.00  26  54 7.49E+01                                                    1
 39.00  26  54 7.01E+01                                                    1
 35.00  26  53 1.64E-02 1.64E-02 0.00E+00          0.00E+00            0   2
 37.00  26  53 8.20E-02 8.20E-02 0.00E+00          0.00E+00            0   2
 39.00  26  53 6.07E-01 6.07E-01 0.00E+00          0.00E+00            0   2
 33.00  25  58 3.40E-02 3.40E-02 0.00E+00          0.00E+00            0   2
 37.00  25  58 1.68E-02 1.68E-02 0.00E+00          0.00E+00            0   2
 33.00  25  57 1.70E-02                                                    1
 35.00  25  57 1.70E-02                                                    1
 37.00  25  57 1.02E-01                                                    1
 39.00  25  57 3.41E-02                                                    1
 21.00  25  56 1.61E-02                                                    1
 23.00  25  56 3.27E-02                                                    1
 25.00  25  56 1.65E-02                                                    1
 27.00  25  56 4.99E-02                                                    1
 29.00  25  56 1.67E-02                                                    1
 31.00  25  56 6.64E-02                                                    1
 33.00  25  56 1.16E-01                                                    1
 35.00  25  56 2.49E-01                                                    1
 37.00  25  56 4.99E-01                                                    1
 39.00  25  56 6.32E-01                                                    1
 23.00  25  55 1.62E-02                                                    1
 25.00  25  55 3.28E-02                                                    1
 27.00  25  55 1.65E-02                                                    1
 29.00  25  55 3.33E-02                                                    1
 31.00  25  55 1.17E-01                                                    1
 33.00  25  55 8.39E-02                                                    1
 35.00  25  55 1.51E-01                                                    1
 37.00  25  55 3.20E-01                                                    1
 39.00  25  55 4.87E-01                                                    1
 19.00  25  54 3.13E-02                                                    1
 21.00  25  54 1.27E-01                                                    1
 23.00  25  54 2.58E-01                                                    1
 25.00  25  54 3.91E-01                                                    1
 27.00  25  54 6.36E-01                                                    1
 29.00  25  54 1.18E+00                                                    1
 31.00  25  54 1.98E+00                                                    1
 33.00  25  54 3.50E+00                                                    1
 35.00  25  54 6.10E+00                                                    1
 37.00  25  54 8.56E+00                                                    1
 39.00  25  54 1.04E+01                                                    1
 27.00  25  53 1.64E-02                                                    1
 29.00  25  53 1.32E-01                                                    1
 31.00  25  53 2.65E-01                                                    1
 33.00  25  53 5.30E-01                                                    1
 35.00  25  53 1.14E+00                                                    1
 37.00  25  53 2.44E+00                                                    1
 39.00  25  53 6.13E+00                                                    1
 17.00  25  52 1.50E-02 1.50E-02 0.00E+00          0.00E+00            0   2
 19.00  25  52 4.63E-02 3.09E-02 1.54E-02          3.33E-01            0   2
 21.00  25  52 1.88E-01 1.88E-01 0.00E+00          0.00E+00            0   2
 23.00  25  52 4.13E-01 3.42E-01 7.15E-02          1.73E-01            0   2
 25.00  25  52 8.83E-01 7.79E-01 1.04E-01          1.18E-01            0   2
 27.00  25  52 1.21E+00 1.14E+00 7.28E-02          6.00E-02            0   2
 29.00  25  52 1.30E+00 1.17E+00 1.30E-01          1.00E-01            0   2
 31.00  25  52 1.32E+00 1.26E+00 6.53E-02          4.94E-02            0   2
 33.00  25  52 1.05E+00 9.97E-01 4.91E-02          4.69E-02            0   2
 35.00  25  52 7.87E-01 7.21E-01 6.55E-02          8.33E-02            0   2
 37.00  25  52 5.57E-01 5.16E-01 4.10E-02          7.35E-02            0   2
 39.00  25  52 1.97E-01 1.97E-01 0.00E+00          0.00E+00            0   2
 29.00  25  51 1.63E-02                                                    1
 31.00  25  51 8.16E-02                                                    1
 33.00  25  51 3.11E-01                                                    1
 35.00  25  51 6.88E-01                                                    1
 37.00  25  51 1.41E+00                                                    1
 39.00  25  51 1.79E+00                                                    1
 37.00  24  55 1.68E-02                                                    1
 39.00  24  55 1.68E-02                                                    1
 33.00  24  54 3.34E-02                                                    1
 35.00  24  54 3.34E-02                                                    1
 39.00  24  54 1.67E-02                                                    1
 33.00  24  53 4.97E-02                                                    1
 35.00  24  53 9.97E-02                                                    1
 37.00  24  53 1.99E-01                                                    1
 39.00  24  53 4.49E-01                                                    1
 39.00  24  52 4.99E-02                                                    1
 27.00  24  51 3.24E-02                                                    1
 29.00  24  51 1.30E-01                                                    1
 31.00  24  51 3.75E-01                                                    1
 33.00  24  51 9.48E-01                                                    1
 35.00  24  51 1.51E+00                                                    1
 37.00  24  51 2.16E+00                                                    1
 39.00  24  51 3.08E+00                                                    1
 39.00  24  50 6.56E-02                                                    1
 39.00  23  48 1.64E-02                                                    1
  Ebeam =   1.0000000000000000      sumcs=   0.0000000000000000     
  Ebeam =   3.0000000000000000      sumcs=   12.511209903080953     
  Ebeam =   5.0000000000000000      sumcs=   352.16485919899770     
  Ebeam =   7.0000000000000000      sumcs=   810.26834306433614     
  Ebeam =   9.0000000000000000      sumcs=   1094.7880961584910     
  Ebeam =   11.000000000000000      sumcs=   1269.4589524057756     
  Ebeam =   13.000000000000000      sumcs=   1381.7983497531354     
  Ebeam =   15.000000000000000      sumcs=   1458.2936980224106     
  Ebeam =   17.000000000000000      sumcs=   1512.1646250528177     
  Ebeam =   19.000000000000000      sumcs=   1550.9896391110160     
  Ebeam =   21.000000000000000      sumcs=   1579.1184674705576     
  Ebeam =   23.000000000000000      sumcs=   1598.2813142532757     
  Ebeam =   25.000000000000000      sumcs=   1614.1800627708521     
  Ebeam =   27.000000000000000      sumcs=   1626.1027620686762     
  Ebeam =   29.000000000000000      sumcs=   1633.5867802495927     
  Ebeam =   31.000000000000000      sumcs=   1640.2686152613194     
  Ebeam =   33.000000000000000      sumcs=   1643.5622599568408     
  Ebeam =   35.000000000000000      sumcs=   1646.9700546335873     
  Ebeam =   37.000000000000000      sumcs=   1648.1311094147318     
  Ebeam =   39.000000000000000      sumcs=   1649.1229587241862     
