
  An isotopic target is assumed:
  At# Mass# % abundance % uncertainty
  26  54 Fe    5.845000  0.035000
  26  56 Fe   91.754000  0.036000
  26  57 Fe    2.119000  0.010000
  26  58 Fe    0.282000  0.004000
  ldopt set internally =           1
 Kataria-Ramamurthy shell dependent ld

   1.0000000000000000        2.0000000000000000        26.000000000000000        58.000000000000000                1           0  ZP,AP,ZT,AT,ISOT,LEVNO
 
 
1Deuterions on Iron                                                              
  Ebeam  Rx.cs used  Rx. cs algo fiss cs (mb) capture cs (mb)
   1.00  0.000E+00    0.00E+00    0.00E+00    0.00E+00
   2.00  0.000E+00    0.00E+00    0.00E+00    0.00E+00
   3.00  2.306E+01    0.00E+00    0.00E+00    2.16E-03
   4.00  1.712E+02    0.00E+00    0.00E+00    1.24E-02
   5.00  4.258E+02    0.00E+00    0.00E+00    2.34E-02
   6.00  6.696E+02    0.00E+00    0.00E+00    3.00E-02
   7.00  8.640E+02    0.00E+00    0.00E+00    2.33E-02
   8.00  1.009E+03    0.00E+00    0.00E+00    2.12E-02
   9.00  1.124E+03    0.00E+00    0.00E+00    1.96E-02
  10.00  1.213E+03    0.00E+00    0.00E+00    1.67E-02
  11.00  1.282E+03    0.00E+00    0.00E+00    1.46E-02
  12.00  1.339E+03    0.00E+00    0.00E+00    1.24E-02
  13.00  1.383E+03    0.00E+00    0.00E+00    1.03E-02
  14.00  1.421E+03    0.00E+00    0.00E+00    8.88E-03
  15.00  1.451E+03    0.00E+00    0.00E+00    7.52E-03
  16.00  1.477E+03    0.00E+00    0.00E+00    6.16E-03
  17.00  1.498E+03    0.00E+00    0.00E+00    5.24E-03
  18.00  1.515E+03    0.00E+00    0.00E+00    4.48E-03
  19.00  1.532E+03    0.00E+00    0.00E+00    3.78E-03
  20.00  1.544E+03    0.00E+00    0.00E+00    3.19E-03
  21.00  1.554E+03    0.00E+00    0.00E+00    2.31E-03
  22.00  1.565E+03    0.00E+00    0.00E+00    1.93E-03
  23.00  1.573E+03    0.00E+00    0.00E+00    1.67E-03
  24.00  1.579E+03    0.00E+00    0.00E+00    1.43E-03
  25.00  1.586E+03    0.00E+00    0.00E+00    1.20E-03
  26.00  1.590E+03    0.00E+00    0.00E+00    1.03E-03
  27.00  1.594E+03    0.00E+00    0.00E+00    8.83E-04
  28.00  1.599E+03    0.00E+00    0.00E+00    7.51E-04
  29.00  1.601E+03    0.00E+00    0.00E+00    0.00E+00
  30.00  1.603E+03    0.00E+00    0.00E+00    0.00E+00
  31.00  1.606E+03    0.00E+00    0.00E+00    0.00E+00
  32.00  1.607E+03    0.00E+00    0.00E+00    0.00E+00
  33.00  1.608E+03    0.00E+00    0.00E+00    0.00E+00
  34.00  1.609E+03    0.00E+00    0.00E+00    0.00E+00
  35.00  1.611E+03    0.00E+00    0.00E+00    0.00E+00
  36.00  1.611E+03    0.00E+00    0.00E+00    0.00E+00
  37.00  1.610E+03    0.00E+00    0.00E+00    0.00E+00
  38.00  1.611E+03    0.00E+00    0.00E+00    0.00E+00
  39.00  1.611E+03    0.00E+00    0.00E+00    0.00E+00
 Ebeam (MeV) Rx cs (mb) fiss cs (mb) capture cs (mb)

  Ebeam  Z   A   Total    grnd st  isomer1 isomer2  isomer1  isomer2  didl nolevs
  (MeV)           cs.      cs.      cs.     cs.     to total to total
  3.00  27  60 2.16E-03 0.00E+00 0.00E+00          0.00E+00            0   2
  4.00  27  60 1.24E-02 0.00E+00 0.00E+00          0.00E+00            0   2
  5.00  27  60 2.34E-02 0.00E+00 0.00E+00          0.00E+00            0   2
  6.00  27  60 3.00E-02 0.00E+00 0.00E+00          0.00E+00            0   2
  7.00  27  60 2.33E-02 0.00E+00 0.00E+00          0.00E+00            0   2
  8.00  27  60 2.12E-02 0.00E+00 0.00E+00          0.00E+00            0   2
  9.00  27  60 1.96E-02 0.00E+00 0.00E+00          0.00E+00            0   2
 10.00  27  60 1.67E-02 0.00E+00 0.00E+00          0.00E+00            0   2
 11.00  27  60 1.46E-02 0.00E+00 0.00E+00          0.00E+00            0   2
 12.00  27  60 1.24E-02 0.00E+00 0.00E+00          0.00E+00            0   2
 13.00  27  60 1.03E-02 0.00E+00 0.00E+00          0.00E+00            0   2
 14.00  27  60 8.88E-03 0.00E+00 0.00E+00          0.00E+00            0   2
 15.00  27  60 7.52E-03 0.00E+00 0.00E+00          0.00E+00            0   2
 16.00  27  60 6.16E-03 0.00E+00 0.00E+00          0.00E+00            0   2
 17.00  27  60 5.24E-03 0.00E+00 0.00E+00          0.00E+00            0   2
 18.00  27  60 4.48E-03 0.00E+00 0.00E+00          0.00E+00            0   2
 19.00  27  60 3.78E-03 0.00E+00 0.00E+00          0.00E+00            0   2
 20.00  27  60 3.19E-03 0.00E+00 0.00E+00          0.00E+00            0   2
 21.00  27  60 2.31E-03 0.00E+00 0.00E+00          0.00E+00            0   2
 22.00  27  60 1.93E-03 0.00E+00 0.00E+00          0.00E+00            0   2
 23.00  27  60 1.67E-03 0.00E+00 0.00E+00          0.00E+00            0   2
 24.00  27  60 1.43E-03 0.00E+00 0.00E+00          0.00E+00            0   2
 25.00  27  60 1.20E-03 0.00E+00 0.00E+00          0.00E+00            0   2
 26.00  27  60 1.03E-03 0.00E+00 0.00E+00          0.00E+00            0   2
 27.00  27  60 8.83E-04 0.00E+00 0.00E+00          0.00E+00            0   2
 28.00  27  60 7.51E-04 0.00E+00 0.00E+00          0.00E+00            0   2
  3.00  27  59 2.23E+01                                                    1
  4.00  27  59 1.58E+02                                                    1
  5.00  27  59 3.72E+02                                                    1
  6.00  27  59 5.42E+02                                                    1
  7.00  27  59 5.71E+02                                                    1
  8.00  27  59 5.21E+02                                                    1
  9.00  27  59 4.65E+02                                                    1
 10.00  27  59 4.21E+02                                                    1
 11.00  27  59 3.85E+02                                                    1
 12.00  27  59 3.63E+02                                                    1
 13.00  27  59 3.42E+02                                                    1
 14.00  27  59 3.25E+02                                                    1
 15.00  27  59 3.15E+02                                                    1
 16.00  27  59 3.06E+02                                                    1
 17.00  27  59 2.97E+02                                                    1
 18.00  27  59 2.83E+02                                                    1
 19.00  27  59 2.77E+02                                                    1
 20.00  27  59 2.71E+02                                                    1
 21.00  27  59 2.65E+02                                                    1
 22.00  27  59 2.58E+02                                                    1
 23.00  27  59 2.51E+02                                                    1
 24.00  27  59 2.44E+02                                                    1
 25.00  27  59 2.37E+02                                                    1
 26.00  27  59 2.30E+02                                                    1
 27.00  27  59 2.23E+02                                                    1
 28.00  27  59 2.17E+02                                                    1
 29.00  27  59 2.13E+02                                                    1
 30.00  27  59 2.08E+02                                                    1
 31.00  27  59 2.03E+02                                                    1
 32.00  27  59 1.98E+02                                                    1
 33.00  27  59 1.94E+02                                                    1
 34.00  27  59 1.89E+02                                                    1
 35.00  27  59 1.84E+02                                                    1
 36.00  27  59 1.82E+02                                                    1
 37.00  27  59 1.76E+02                                                    1
 38.00  27  59 1.75E+02                                                    1
 39.00  27  59 1.72E+02                                                    1
  4.00  27  58 8.29E-02 0.00E+00 0.00E+00          0.00E+00            0   2
  5.00  27  58 7.98E-01 0.00E+00 0.00E+00          0.00E+00            0   2
  6.00  27  58 2.55E+00 0.00E+00 0.00E+00          0.00E+00            0   2
  7.00  27  58 2.53E+01 0.00E+00 0.00E+00          0.00E+00            0   2
  8.00  27  58 9.56E+01 0.00E+00 0.00E+00          0.00E+00            0   2
  9.00  27  58 1.79E+02 0.00E+00 0.00E+00          0.00E+00            0   2
 10.00  27  58 2.42E+02 0.00E+00 0.00E+00          0.00E+00            0   2
 11.00  27  58 2.84E+02 0.00E+00 0.00E+00          0.00E+00            0   2
 12.00  27  58 3.14E+02 0.00E+00 0.00E+00          0.00E+00            0   2
 13.00  27  58 3.31E+02 0.00E+00 0.00E+00          0.00E+00            0   2
 14.00  27  58 3.35E+02 0.00E+00 0.00E+00          0.00E+00            0   2
 15.00  27  58 3.46E+02 0.00E+00 0.00E+00          0.00E+00            0   2
 16.00  27  58 3.38E+02 0.00E+00 0.00E+00          0.00E+00            0   2
 17.00  27  58 3.30E+02 0.00E+00 0.00E+00          0.00E+00            0   2
 18.00  27  58 3.16E+02 0.00E+00 0.00E+00          0.00E+00            0   2
 19.00  27  58 2.91E+02 0.00E+00 0.00E+00          0.00E+00            0   2
 20.00  27  58 2.59E+02 0.00E+00 0.00E+00          0.00E+00            0   2
 21.00  27  58 2.33E+02 0.00E+00 0.00E+00          0.00E+00            0   2
 22.00  27  58 2.06E+02 0.00E+00 0.00E+00          0.00E+00            0   2
 23.00  27  58 1.86E+02 0.00E+00 0.00E+00          0.00E+00            0   2
 24.00  27  58 1.67E+02 0.00E+00 0.00E+00          0.00E+00            0   2
 25.00  27  58 1.53E+02 0.00E+00 0.00E+00          0.00E+00            0   2
 26.00  27  58 1.43E+02 0.00E+00 0.00E+00          0.00E+00            0   2
 27.00  27  58 1.33E+02 0.00E+00 0.00E+00          0.00E+00            0   2
 28.00  27  58 1.25E+02 0.00E+00 0.00E+00          0.00E+00            0   2
 29.00  27  58 1.19E+02 0.00E+00 0.00E+00          0.00E+00            0   2
 30.00  27  58 1.14E+02 0.00E+00 0.00E+00          0.00E+00            0   2
 31.00  27  58 1.07E+02 0.00E+00 0.00E+00          0.00E+00            0   2
 32.00  27  58 1.07E+02 0.00E+00 0.00E+00          0.00E+00            0   2
 33.00  27  58 1.01E+02 0.00E+00 0.00E+00          0.00E+00            0   2
 34.00  27  58 9.79E+01 0.00E+00 0.00E+00          0.00E+00            0   2
 35.00  27  58 9.62E+01 0.00E+00 0.00E+00          0.00E+00            0   2
 36.00  27  58 9.25E+01 0.00E+00 0.00E+00          0.00E+00            0   2
 37.00  27  58 9.06E+01 0.00E+00 0.00E+00          0.00E+00            0   2
 38.00  27  58 8.80E+01 0.00E+00 0.00E+00          0.00E+00            0   2
 39.00  27  58 8.53E+01 0.00E+00 0.00E+00          0.00E+00            0   2
 14.00  27  57 8.73E-02                                                    1
 15.00  27  57 4.90E-01                                                    1
 16.00  27  57 1.64E+00                                                    1
 17.00  27  57 8.00E+00                                                    1
 18.00  27  57 2.43E+01                                                    1
 19.00  27  57 4.90E+01                                                    1
 20.00  27  57 7.14E+01                                                    1
 21.00  27  57 9.54E+01                                                    1
 22.00  27  57 1.14E+02                                                    1
 23.00  27  57 1.25E+02                                                    1
 24.00  27  57 1.34E+02                                                    1
 25.00  27  57 1.43E+02                                                    1
 26.00  27  57 1.45E+02                                                    1
 27.00  27  57 1.48E+02                                                    1
 28.00  27  57 1.45E+02                                                    1
 29.00  27  57 1.40E+02                                                    1
 30.00  27  57 1.33E+02                                                    1
 31.00  27  57 1.25E+02                                                    1
 32.00  27  57 1.19E+02                                                    1
 33.00  27  57 1.08E+02                                                    1
 34.00  27  57 1.01E+02                                                    1
 35.00  27  57 9.34E+01                                                    1
 36.00  27  57 8.84E+01                                                    1
 37.00  27  57 8.29E+01                                                    1
 38.00  27  57 7.73E+01                                                    1
 39.00  27  57 7.26E+01                                                    1
 30.00  27  56 1.63E-02                                                    1
 31.00  27  56 1.30E-01                                                    1
 32.00  27  56 3.42E-01                                                    1
 33.00  27  56 6.20E-01                                                    1
 34.00  27  56 1.26E+00                                                    1
 35.00  27  56 1.58E+00                                                    1
 36.00  27  56 2.07E+00                                                    1
 37.00  27  56 2.58E+00                                                    1
 38.00  27  56 3.14E+00                                                    1
 39.00  27  56 4.24E+00                                                    1
  3.00  26  59 2.01E+00                                                    1
  4.00  26  59 2.01E+01                                                    1
  5.00  26  59 6.27E+01                                                    1
  6.00  26  59 1.14E+02                                                    1
  7.00  26  59 1.62E+02                                                    1
  8.00  26  59 1.92E+02                                                    1
  9.00  26  59 1.99E+02                                                    1
 10.00  26  59 2.01E+02                                                    1
 11.00  26  59 2.00E+02                                                    1
 12.00  26  59 1.96E+02                                                    1
 13.00  26  59 1.91E+02                                                    1
 14.00  26  59 1.92E+02                                                    1
 15.00  26  59 1.84E+02                                                    1
 16.00  26  59 1.81E+02                                                    1
 17.00  26  59 1.80E+02                                                    1
 18.00  26  59 1.76E+02                                                    1
 19.00  26  59 1.71E+02                                                    1
 20.00  26  59 1.68E+02                                                    1
 21.00  26  59 1.65E+02                                                    1
 22.00  26  59 1.63E+02                                                    1
 23.00  26  59 1.56E+02                                                    1
 24.00  26  59 1.56E+02                                                    1
 25.00  26  59 1.47E+02                                                    1
 26.00  26  59 1.46E+02                                                    1
 27.00  26  59 1.42E+02                                                    1
 28.00  26  59 1.38E+02                                                    1
 29.00  26  59 1.35E+02                                                    1
 30.00  26  59 1.31E+02                                                    1
 31.00  26  59 1.27E+02                                                    1
 32.00  26  59 1.26E+02                                                    1
 33.00  26  59 1.25E+02                                                    1
 34.00  26  59 1.24E+02                                                    1
 35.00  26  59 1.19E+02                                                    1
 36.00  26  59 1.17E+02                                                    1
 37.00  26  59 1.15E+02                                                    1
 38.00  26  59 1.12E+02                                                    1
 39.00  26  59 1.11E+02                                                    1
  3.00  26  58 9.05E-03                                                    1
  4.00  26  58 4.66E-01                                                    1
  5.00  26  58 1.79E+00                                                    1
  6.00  26  58 2.31E+01                                                    1
  7.00  26  58 1.14E+02                                                    1
  8.00  26  58 2.06E+02                                                    1
  9.00  26  58 2.80E+02                                                    1
 10.00  26  58 3.44E+02                                                    1
 11.00  26  58 4.00E+02                                                    1
 12.00  26  58 4.47E+02                                                    1
 13.00  26  58 4.94E+02                                                    1
 14.00  26  58 5.37E+02                                                    1
 15.00  26  58 5.63E+02                                                    1
 16.00  26  58 5.99E+02                                                    1
 17.00  26  58 6.22E+02                                                    1
 18.00  26  58 6.44E+02                                                    1
 19.00  26  58 6.50E+02                                                    1
 20.00  26  58 6.47E+02                                                    1
 21.00  26  58 6.31E+02                                                    1
 22.00  26  58 6.09E+02                                                    1
 23.00  26  58 5.85E+02                                                    1
 24.00  26  58 5.60E+02                                                    1
 25.00  26  58 5.36E+02                                                    1
 26.00  26  58 5.14E+02                                                    1
 27.00  26  58 4.98E+02                                                    1
 28.00  26  58 4.80E+02                                                    1
 29.00  26  58 4.65E+02                                                    1
 30.00  26  58 4.58E+02                                                    1
 31.00  26  58 4.53E+02                                                    1
 32.00  26  58 4.42E+02                                                    1
 33.00  26  58 4.37E+02                                                    1
 34.00  26  58 4.34E+02                                                    1
 35.00  26  58 4.28E+02                                                    1
 36.00  26  58 4.28E+02                                                    1
 37.00  26  58 4.24E+02                                                    1
 38.00  26  58 4.21E+02                                                    1
 39.00  26  58 4.17E+02                                                    1
  5.00  26  57 4.41E-03                                                    1
  6.00  26  57 1.38E-02                                                    1
  7.00  26  57 1.77E-02                                                    1
  8.00  26  57 1.03E-01                                                    1
  9.00  26  57 1.49E-01                                                    1
 10.00  26  57 4.94E-01                                                    1
 11.00  26  57 4.56E-01                                                    1
 12.00  26  57 9.13E-01                                                    1
 13.00  26  57 1.26E+00                                                    1
 14.00  26  57 1.16E+00                                                    1
 15.00  26  57 2.45E+00                                                    1
 16.00  26  57 2.64E+00                                                    1
 17.00  26  57 5.78E+00                                                    1
 18.00  26  57 9.91E+00                                                    1
 19.00  26  57 2.54E+01                                                    1
 20.00  26  57 5.26E+01                                                    1
 21.00  26  57 8.80E+01                                                    1
 22.00  26  57 1.32E+02                                                    1
 23.00  26  57 1.81E+02                                                    1
 24.00  26  57 2.25E+02                                                    1
 25.00  26  57 2.70E+02                                                    1
 26.00  26  57 3.02E+02                                                    1
 27.00  26  57 3.35E+02                                                    1
 28.00  26  57 3.62E+02                                                    1
 29.00  26  57 3.73E+02                                                    1
 30.00  26  57 3.83E+02                                                    1
 31.00  26  57 3.80E+02                                                    1
 32.00  26  57 3.69E+02                                                    1
 33.00  26  57 3.58E+02                                                    1
 34.00  26  57 3.38E+02                                                    1
 35.00  26  57 3.23E+02                                                    1
 36.00  26  57 3.00E+02                                                    1
 37.00  26  57 2.83E+02                                                    1
 38.00  26  57 2.69E+02                                                    1
 39.00  26  57 2.53E+02                                                    1
 13.00  26  56 2.81E-02                                                    1
 14.00  26  56 1.44E-02                                                    1
 15.00  26  56 1.47E-02                                                    1
 16.00  26  56 4.50E-02                                                    1
 17.00  26  56 4.56E-02                                                    1
 18.00  26  56 6.15E-02                                                    1
 19.00  26  56 1.71E-01                                                    1
 20.00  26  56 4.07E-01                                                    1
 21.00  26  56 3.48E-01                                                    1
 22.00  26  56 5.08E-01                                                    1
 23.00  26  56 7.50E-01                                                    1
 24.00  26  56 1.17E+00                                                    1
 25.00  26  56 1.55E+00                                                    1
 26.00  26  56 2.31E+00                                                    1
 27.00  26  56 5.57E+00                                                    1
 28.00  26  56 1.26E+01                                                    1
 29.00  26  56 2.30E+01                                                    1
 30.00  26  56 4.15E+01                                                    1
 31.00  26  56 6.43E+01                                                    1
 32.00  26  56 9.21E+01                                                    1
 33.00  26  56 1.20E+02                                                    1
 34.00  26  56 1.54E+02                                                    1
 35.00  26  56 1.81E+02                                                    1
 36.00  26  56 2.06E+02                                                    1
 37.00  26  56 2.30E+02                                                    1
 38.00  26  56 2.51E+02                                                    1
 39.00  26  56 2.69E+02                                                    1
 29.00  26  55 1.62E-02                                                    1
 30.00  26  55 1.63E-02                                                    1
 31.00  26  55 6.52E-02                                                    1
 32.00  26  55 1.30E-01                                                    1
 33.00  26  55 9.79E-02                                                    1
 34.00  26  55 2.12E-01                                                    1
 35.00  26  55 4.24E-01                                                    1
 36.00  26  55 3.75E-01                                                    1
 37.00  26  55 7.35E-01                                                    1
 38.00  26  55 6.86E-01                                                    1
 39.00  26  55 1.04E+00                                                    1
 17.00  25  58 4.56E-02 0.00E+00 0.00E+00          0.00E+00            0   2
 18.00  25  58 3.08E-02 0.00E+00 0.00E+00          0.00E+00            0   2
 19.00  25  58 1.09E-01 0.00E+00 0.00E+00          0.00E+00            0   2
 20.00  25  58 2.19E-01 0.00E+00 0.00E+00          0.00E+00            0   2
 21.00  25  58 3.94E-01 0.00E+00 0.00E+00          0.00E+00            0   2
 22.00  25  58 6.50E-01 0.00E+00 0.00E+00          0.00E+00            0   2
 23.00  25  58 1.31E+00 0.00E+00 0.00E+00          0.00E+00            0   2
 24.00  25  58 1.57E+00 0.00E+00 0.00E+00          0.00E+00            0   2
 25.00  25  58 1.86E+00 0.00E+00 0.00E+00          0.00E+00            0   2
 26.00  25  58 2.05E+00 0.00E+00 0.00E+00          0.00E+00            0   2
 27.00  25  58 1.80E+00 0.00E+00 0.00E+00          0.00E+00            0   2
 28.00  25  58 2.04E+00 0.00E+00 0.00E+00          0.00E+00            0   2
 29.00  25  58 2.40E+00 0.00E+00 0.00E+00          0.00E+00            0   2
 30.00  25  58 2.06E+00 0.00E+00 0.00E+00          0.00E+00            0   2
 31.00  25  58 2.26E+00 0.00E+00 0.00E+00          0.00E+00            0   2
 32.00  25  58 1.92E+00 0.00E+00 0.00E+00          0.00E+00            0   2
 33.00  25  58 1.84E+00 0.00E+00 0.00E+00          0.00E+00            0   2
 34.00  25  58 1.53E+00 0.00E+00 0.00E+00          0.00E+00            0   2
 35.00  25  58 1.70E+00 0.00E+00 0.00E+00          0.00E+00            0   2
 36.00  25  58 1.55E+00 0.00E+00 0.00E+00          0.00E+00            0   2
 37.00  25  58 1.37E+00 0.00E+00 0.00E+00          0.00E+00            0   2
 38.00  25  58 1.09E+00 0.00E+00 0.00E+00          0.00E+00            0   2
 39.00  25  58 1.27E+00 0.00E+00 0.00E+00          0.00E+00            0   2
  6.00  25  57 2.06E-02                                                    1
  7.00  25  57 1.75E-02                                                    1
  8.00  25  57 5.16E-02                                                    1
  9.00  25  57 1.60E-01                                                    1
 10.00  25  57 2.72E-01                                                    1
 11.00  25  57 3.78E-01                                                    1
 12.00  25  57 7.21E-01                                                    1
 13.00  25  57 1.04E+00                                                    1
 14.00  25  57 1.04E+00                                                    1
 15.00  25  57 1.55E+00                                                    1
 16.00  25  57 1.77E+00                                                    1
 17.00  25  57 2.19E+00                                                    1
 18.00  25  57 2.31E+00                                                    1
 19.00  25  57 2.84E+00                                                    1
 20.00  25  57 3.51E+00                                                    1
 21.00  25  57 3.85E+00                                                    1
 22.00  25  57 3.97E+00                                                    1
 23.00  25  57 4.64E+00                                                    1
 24.00  25  57 5.66E+00                                                    1
 25.00  25  57 6.13E+00                                                    1
 26.00  25  57 7.79E+00                                                    1
 27.00  25  57 8.62E+00                                                    1
 28.00  25  57 1.01E+01                                                    1
 29.00  25  57 1.36E+01                                                    1
 30.00  25  57 1.48E+01                                                    1
 31.00  25  57 1.79E+01                                                    1
 32.00  25  57 2.04E+01                                                    1
 33.00  25  57 2.44E+01                                                    1
 34.00  25  57 2.53E+01                                                    1
 35.00  25  57 3.07E+01                                                    1
 36.00  25  57 3.51E+01                                                    1
 37.00  25  57 3.52E+01                                                    1
 38.00  25  57 3.49E+01                                                    1
 39.00  25  57 3.85E+01                                                    1
  3.00  25  56 3.97E-02                                                    1
  4.00  25  56 6.13E-01                                                    1
  5.00  25  56 2.68E+00                                                    1
  6.00  25  56 6.16E+00                                                    1
  7.00  25  56 1.09E+01                                                    1
  8.00  25  56 1.58E+01                                                    1
  9.00  25  56 1.99E+01                                                    1
 10.00  25  56 2.27E+01                                                    1
 11.00  25  56 2.38E+01                                                    1
 12.00  25  56 1.95E+01                                                    1
 13.00  25  56 1.48E+01                                                    1
 14.00  25  56 1.14E+01                                                    1
 15.00  25  56 7.61E+00                                                    1
 16.00  25  56 5.47E+00                                                    1
 17.00  25  56 4.04E+00                                                    1
 18.00  25  56 2.60E+00                                                    1
 19.00  25  56 1.77E+00                                                    1
 20.00  25  56 1.29E+00                                                    1
 21.00  25  56 8.84E-01                                                    1
 22.00  25  56 7.78E-01                                                    1
 23.00  25  56 8.93E-01                                                    1
 24.00  25  56 8.01E-01                                                    1
 25.00  25  56 1.16E+00                                                    1
 26.00  25  56 9.68E-01                                                    1
 27.00  25  56 1.41E+00                                                    1
 28.00  25  56 1.72E+00                                                    1
 29.00  25  56 1.88E+00                                                    1
 30.00  25  56 2.19E+00                                                    1
 31.00  25  56 3.16E+00                                                    1
 32.00  25  56 3.76E+00                                                    1
 33.00  25  56 3.83E+00                                                    1
 34.00  25  56 4.59E+00                                                    1
 35.00  25  56 5.94E+00                                                    1
 36.00  25  56 7.67E+00                                                    1
 37.00  25  56 9.71E+00                                                    1
 38.00  25  56 1.29E+01                                                    1
 39.00  25  56 1.59E+01                                                    1
  7.00  25  55 4.47E-02                                                    1
  8.00  25  55 2.09E-01                                                    1
  9.00  25  55 6.20E-01                                                    1
 10.00  25  55 2.69E+00                                                    1
 11.00  25  55 8.55E+00                                                    1
 12.00  25  55 1.88E+01                                                    1
 13.00  25  55 2.89E+01                                                    1
 14.00  25  55 4.04E+01                                                    1
 15.00  25  55 5.21E+01                                                    1
 16.00  25  55 6.21E+01                                                    1
 17.00  25  55 6.98E+01                                                    1
 18.00  25  55 7.69E+01                                                    1
 19.00  25  55 8.39E+01                                                    1
 20.00  25  55 8.88E+01                                                    1
 21.00  25  55 9.06E+01                                                    1
 22.00  25  55 9.10E+01                                                    1
 23.00  25  55 8.83E+01                                                    1
 24.00  25  55 8.32E+01                                                    1
 25.00  25  55 7.72E+01                                                    1
 26.00  25  55 7.00E+01                                                    1
 27.00  25  55 5.83E+01                                                    1
 28.00  25  55 5.27E+01                                                    1
 29.00  25  55 4.53E+01                                                    1
 30.00  25  55 3.89E+01                                                    1
 31.00  25  55 3.33E+01                                                    1
 32.00  25  55 2.80E+01                                                    1
 33.00  25  55 2.50E+01                                                    1
 34.00  25  55 2.26E+01                                                    1
 35.00  25  55 1.95E+01                                                    1
 36.00  25  55 1.85E+01                                                    1
 37.00  25  55 1.84E+01                                                    1
 38.00  25  55 1.69E+01                                                    1
 39.00  25  55 1.65E+01                                                    1
 19.00  25  54 9.39E-02                                                    1
 20.00  25  54 9.45E-02                                                    1
 21.00  25  54 4.44E-01                                                    1
 22.00  25  54 2.07E+00                                                    1
 23.00  25  54 5.79E+00                                                    1
 24.00  25  54 1.16E+01                                                    1
 25.00  25  54 1.83E+01                                                    1
 26.00  25  54 2.79E+01                                                    1
 27.00  25  54 3.55E+01                                                    1
 28.00  25  54 4.06E+01                                                    1
 29.00  25  54 4.87E+01                                                    1
 30.00  25  54 4.92E+01                                                    1
 31.00  25  54 5.55E+01                                                    1
 32.00  25  54 5.78E+01                                                    1
 33.00  25  54 5.82E+01                                                    1
 34.00  25  54 5.80E+01                                                    1
 35.00  25  54 5.59E+01                                                    1
 36.00  25  54 5.49E+01                                                    1
 37.00  25  54 5.16E+01                                                    1
 38.00  25  54 4.87E+01                                                    1
 39.00  25  54 4.54E+01                                                    1
 30.00  25  53 4.92E-02                                                    1
 31.00  25  53 4.90E-02                                                    1
 32.00  25  53 2.94E-01                                                    1
 33.00  25  53 7.34E-01                                                    1
 34.00  25  53 1.60E+00                                                    1
 35.00  25  53 3.54E+00                                                    1
 36.00  25  53 4.42E+00                                                    1
 37.00  25  53 7.33E+00                                                    1
 38.00  25  53 1.07E+01                                                    1
 39.00  25  53 1.34E+01                                                    1
 35.00  24  57 1.63E-02                                                    1
 36.00  24  57 4.90E-02                                                    1
 37.00  24  57 3.27E-02                                                    1
 38.00  24  57 8.17E-02                                                    1
 39.00  24  57 4.90E-02                                                    1
 19.00  24  56 1.53E-02                                                    1
 20.00  24  56 1.57E-02                                                    1
 21.00  24  56 1.58E-02                                                    1
 22.00  24  56 1.59E-02                                                    1
 23.00  24  56 1.60E-02                                                    1
 24.00  24  56 3.21E-02                                                    1
 25.00  24  56 1.45E-01                                                    1
 26.00  24  56 1.13E-01                                                    1
 27.00  24  56 9.71E-02                                                    1
 28.00  24  56 1.62E-01                                                    1
 29.00  24  56 2.60E-01                                                    1
 30.00  24  56 2.43E-01                                                    1
 31.00  24  56 3.91E-01                                                    1
 32.00  24  56 3.42E-01                                                    1
 33.00  24  56 2.93E-01                                                    1
 34.00  24  56 3.42E-01                                                    1
 35.00  24  56 3.59E-01                                                    1
 36.00  24  56 5.22E-01                                                    1
 37.00  24  56 4.90E-01                                                    1
 38.00  24  56 5.06E-01                                                    1
 39.00  24  56 8.33E-01                                                    1
  8.00  24  55 1.03E-02                                                    1
  9.00  24  55 1.15E-02                                                    1
 10.00  24  55 4.94E-02                                                    1
 11.00  24  55 1.04E-01                                                    1
 12.00  24  55 5.42E-02                                                    1
 13.00  24  55 1.97E-01                                                    1
 14.00  24  55 2.31E-01                                                    1
 15.00  24  55 3.24E-01                                                    1
 16.00  24  55 5.40E-01                                                    1
 17.00  24  55 8.66E-01                                                    1
 18.00  24  55 8.76E-01                                                    1
 19.00  24  55 1.74E+00                                                    1
 20.00  24  55 2.79E+00                                                    1
 21.00  24  55 3.97E+00                                                    1
 22.00  24  55 5.22E+00                                                    1
 23.00  24  55 6.76E+00                                                    1
 24.00  24  55 8.52E+00                                                    1
 25.00  24  55 9.79E+00                                                    1
 26.00  24  55 1.05E+01                                                    1
 27.00  24  55 1.07E+01                                                    1
 28.00  24  55 1.04E+01                                                    1
 29.00  24  55 9.64E+00                                                    1
 30.00  24  55 9.33E+00                                                    1
 31.00  24  55 8.08E+00                                                    1
 32.00  24  55 8.05E+00                                                    1
 33.00  24  55 7.19E+00                                                    1
 34.00  24  55 7.18E+00                                                    1
 35.00  24  55 6.69E+00                                                    1
 36.00  24  55 6.35E+00                                                    1
 37.00  24  55 6.12E+00                                                    1
 38.00  24  55 6.70E+00                                                    1
 39.00  24  55 6.40E+00                                                    1
 16.00  24  54 1.50E-02                                                    1
 17.00  24  54 1.52E-02                                                    1
 18.00  24  54 3.08E-02                                                    1
 19.00  24  54 7.78E-02                                                    1
 20.00  24  54 1.41E-01                                                    1
 21.00  24  54 1.74E-01                                                    1
 22.00  24  54 5.72E-01                                                    1
 23.00  24  54 1.02E+00                                                    1
 24.00  24  54 3.10E+00                                                    1
 25.00  24  54 5.37E+00                                                    1
 26.00  24  54 9.98E+00                                                    1
 27.00  24  54 1.53E+01                                                    1
 28.00  24  54 2.14E+01                                                    1
 29.00  24  54 3.05E+01                                                    1
 30.00  24  54 3.82E+01                                                    1
 31.00  24  54 4.55E+01                                                    1
 32.00  24  54 5.29E+01                                                    1
 33.00  24  54 6.10E+01                                                    1
 34.00  24  54 6.78E+01                                                    1
 35.00  24  54 7.57E+01                                                    1
 36.00  24  54 8.00E+01                                                    1
 37.00  24  54 8.44E+01                                                    1
 38.00  24  54 8.62E+01                                                    1
 39.00  24  54 8.68E+01                                                    1
 25.00  24  53 1.61E-02                                                    1
 26.00  24  53 3.24E-02                                                    1
 27.00  24  53 1.62E-02                                                    1
 29.00  24  53 3.25E-02                                                    1
 30.00  24  53 4.86E-02                                                    1
 31.00  24  53 8.18E-02                                                    1
 32.00  24  53 4.90E-02                                                    1
 33.00  24  53 2.29E-01                                                    1
 34.00  24  53 5.72E-01                                                    1
 35.00  24  53 1.53E+00                                                    1
 36.00  24  53 3.02E+00                                                    1
 37.00  24  53 6.61E+00                                                    1
 38.00  24  53 1.20E+01                                                    1
 39.00  24  53 1.67E+01                                                    1
 33.00  24  52 1.63E-02                                                    1
 35.00  24  52 1.63E-02                                                    1
 36.00  24  52 3.27E-02                                                    1
 37.00  24  52 4.90E-02                                                    1
 38.00  24  52 3.27E-02                                                    1
 39.00  24  52 6.51E-02                                                    1
 26.00  23  54 1.59E-02                                                    1
 32.00  23  54 3.27E-02                                                    1
 36.00  23  54 6.53E-02                                                    1
 37.00  23  54 4.90E-02                                                    1
 38.00  23  54 9.78E-02                                                    1
 39.00  23  54 8.15E-02                                                    1
 26.00  23  53 1.61E-02                                                    1
 35.00  23  53 1.63E-02                                                    1
 36.00  23  53 1.63E-02                                                    1
 37.00  23  53 3.27E-02                                                    1
 38.00  23  53 3.28E-02                                                    1
 19.00  23  52 1.56E-02                                                    1
 20.00  23  52 4.71E-02                                                    1
 21.00  23  52 6.32E-02                                                    1
 22.00  23  52 9.54E-02                                                    1
 23.00  23  52 2.08E-01                                                    1
 24.00  23  52 4.49E-01                                                    1
 25.00  23  52 5.31E-01                                                    1
 26.00  23  52 8.38E-01                                                    1
 27.00  23  52 8.25E-01                                                    1
 28.00  23  52 1.22E+00                                                    1
 29.00  23  52 1.19E+00                                                    1
 30.00  23  52 1.20E+00                                                    1
 31.00  23  52 1.16E+00                                                    1
 32.00  23  52 1.17E+00                                                    1
 33.00  23  52 9.29E-01                                                    1
 34.00  23  52 8.17E-01                                                    1
 35.00  23  52 7.19E-01                                                    1
 36.00  23  52 5.06E-01                                                    1
 37.00  23  52 3.26E-01                                                    1
 38.00  23  52 6.37E-01                                                    1
 39.00  23  52 4.57E-01                                                    1
 24.00  23  51 1.62E-02                                                    1
 25.00  23  51 1.61E-02                                                    1
 26.00  23  51 1.61E-02                                                    1
 27.00  23  51 4.87E-02                                                    1
 28.00  23  51 1.62E-01                                                    1
 29.00  23  51 4.54E-01                                                    1
 30.00  23  51 7.16E-01                                                    1
 31.00  23  51 9.61E-01                                                    1
 32.00  23  51 1.56E+00                                                    1
 33.00  23  51 1.89E+00                                                    1
 34.00  23  51 2.61E+00                                                    1
 35.00  23  51 3.15E+00                                                    1
 36.00  23  51 3.38E+00                                                    1
 37.00  23  51 4.33E+00                                                    1
 38.00  23  51 4.35E+00                                                    1
 39.00  23  51 4.88E+00                                                    1
 39.00  23  50 4.91E-02                                                    1
 35.00  22  51 1.61E-02                                                    1
 36.00  22  51 8.12E-02                                                    1
 37.00  22  51 1.47E-01                                                    1
 38.00  22  51 1.30E-01                                                    1
 39.00  22  51 4.90E-01                                                    1
 36.00  22  50 1.65E-02                                                    1
 39.00  22  50 6.55E-02                                                    1
  Ebeam =   1.0000000000000000      sumcs=   0.0000000000000000     
  Ebeam =   2.0000000000000000      sumcs=   0.0000000000000000     
  Ebeam =   3.0000000000000000      sumcs=   24.366876380767060     
  Ebeam =   4.0000000000000000      sumcs=   179.40030884978688     
  Ebeam =   5.0000000000000000      sumcs=   440.33147625651912     
  Ebeam =   6.0000000000000000      sumcs=   687.41851812994787     
  Ebeam =   7.0000000000000000      sumcs=   883.48345556140225     
  Ebeam =   8.0000000000000000      sumcs=   1030.8987722543477     
  Ebeam =   9.0000000000000000      sumcs=   1144.5692281021825     
  Ebeam =   10.000000000000000      sumcs=   1234.3001549001885     
  Ebeam =   11.000000000000000      sumcs=   1303.0562891389304     
  Ebeam =   12.000000000000000      sumcs=   1360.1491407860715     
  Ebeam =   13.000000000000000      sumcs=   1404.2681924949563     
  Ebeam =   14.000000000000000      sumcs=   1442.6448818403746     
  Ebeam =   15.000000000000000      sumcs=   1472.4598047128909     
  Ebeam =   16.000000000000000      sumcs=   1499.1522554250364     
  Ebeam =   17.000000000000000      sumcs=   1519.9927414077174     
  Ebeam =   18.000000000000000      sumcs=   1537.2167822624574     
  Ebeam =   19.000000000000000      sumcs=   1554.0706914873406     
  Ebeam =   20.000000000000000      sumcs=   1566.4592210204646     
  Ebeam =   21.000000000000000      sumcs=   1578.4823350430436     
  Ebeam =   22.000000000000000      sumcs=   1587.4580739149224     
  Ebeam =   23.000000000000000      sumcs=   1594.7337959156962     
  Ebeam =   24.000000000000000      sumcs=   1602.4857332928784     
  Ebeam =   25.000000000000000      sumcs=   1607.9200587266573     
  Ebeam =   26.000000000000000      sumcs=   1612.2849681666896     
  Ebeam =   27.000000000000000      sumcs=   1617.4582613573414     
  Ebeam =   28.000000000000000      sumcs=   1620.7287008657649     
  Ebeam =   29.000000000000000      sumcs=   1623.2284135350376     
  Ebeam =   30.000000000000000      sumcs=   1625.1260992375585     
  Ebeam =   31.000000000000000      sumcs=   1628.3527729969135     
  Ebeam =   32.000000000000000      sumcs=   1629.5567147359372     
  Ebeam =   33.000000000000000      sumcs=   1630.3128583665446     
  Ebeam =   34.000000000000000      sumcs=   1632.2001502777657     
  Ebeam =   35.000000000000000      sumcs=   1632.5918357265484     
  Ebeam =   36.000000000000000      sumcs=   1632.5787539172636     
  Ebeam =   37.000000000000000      sumcs=   1632.2735155823032     
  Ebeam =   38.000000000000000      sumcs=   1633.3029849148775     
  Ebeam =   39.000000000000000      sumcs=   1632.7658495197650     
