  1.00  78 194 0.0                                                         1
  2.00  78 194 0.0                                                         1
  3.00  78 194 0.0							   1
  4.00  78 194 0.0							   1
  5.00  78 194 0.0                                                         1
  6.00  78 194 0.0                                                         1
  7.00  78 194 2.41E-01                                                    1
  8.00  78 194 4.05E+00                                                    1
  9.00  78 194 1.58E+01                                                    1
 10.00  78 194 4.14E+01                                                    1
 11.00  78 194 7.36E+01                                                    1
 12.00  78 194 1.04E+02                                                    1
 13.00  78 194 1.31E+02                                                    1
 14.00  78 194 1.50E+02                                                    1
 15.00  78 194 1.66E+02                                                    1
 16.00  78 194 1.76E+02                                                    1
 17.00  78 194 1.89E+02                                                    1
 18.00  78 194 1.92E+02                                                    1
 19.00  78 194 1.95E+02                                                    1
 20.00  78 194 1.95E+02                                                    1
 21.00  78 194 1.98E+02                                                    1
 22.00  78 194 1.98E+02                                                    1
 23.00  78 194 1.97E+02                                                    1
 24.00  78 194 1.97E+02                                                    1
 25.00  78 194 1.95E+02                                                    1
 26.00  78 194 1.93E+02                                                    1
 27.00  78 194 1.89E+02                                                    1
 28.00  78 194 1.88E+02                                                    1
 29.00  78 194 1.86E+02                                                    1
 30.00  78 194 1.83E+02                                                    1
 31.00  78 194 1.79E+02                                                    1
 32.00  78 194 1.76E+02                                                    1
 33.00  78 194 1.77E+02                                                    1
 34.00  78 194 1.72E+02                                                    1
 35.00  78 194 1.69E+02                                                    1
 36.00  78 194 1.67E+02                                                    1
 37.00  78 194 1.65E+02                                                    1
 38.00  78 194 1.60E+02                                                    1
 39.00  78 194 1.59E+02                                                    1
  7.00  78 193 6.15E-01 2.99E-01 3.16E-01          5.14E-01            0   2
  8.00  78 193 1.31E+01 3.69E+00 9.39E+00          7.18E-01            0   2
  9.00  78 193 5.74E+01 1.49E+01 4.26E+01          7.41E-01            0   2
 10.00  78 193 1.61E+02 3.68E+01 1.24E+02          7.71E-01            0   2
 11.00  78 193 2.99E+02 5.89E+01 2.41E+02          8.03E-01            0   2
 12.00  78 193 3.73E+02 6.49E+01 3.08E+02          8.26E-01            0   2
 13.00  78 193 3.58E+02 5.48E+01 3.03E+02          8.47E-01            0   2
 14.00  78 193 3.10E+02 4.27E+01 2.67E+02          8.62E-01            0   2
 15.00  78 193 2.66E+02 2.95E+01 2.36E+02          8.89E-01            0   2
 16.00  78 193 2.39E+02 2.20E+01 2.17E+02          9.08E-01            0   2
 17.00  78 193 2.21E+02 1.75E+01 2.03E+02          9.21E-01            0   2
 18.00  78 193 2.11E+02 1.52E+01 1.96E+02          9.28E-01            0   2
 19.00  78 193 2.03E+02 1.31E+01 1.90E+02          9.36E-01            0   2
 20.00  78 193 2.04E+02 1.24E+01 1.92E+02          9.39E-01            0   2
 21.00  78 193 1.98E+02 1.09E+01 1.87E+02          9.45E-01            0   2
 22.00  78 193 1.96E+02 9.83E+00 1.86E+02          9.50E-01            0   2
 23.00  78 193 1.95E+02 8.80E+00 1.86E+02          9.55E-01            0   2
 24.00  78 193 1.89E+02 7.82E+00 1.81E+02          9.59E-01            0   2
 25.00  78 193 1.86E+02 8.27E+00 1.77E+02          9.55E-01            0   2
 26.00  78 193 1.85E+02 7.71E+00 1.77E+02          9.58E-01            0   2
 27.00  78 193 1.85E+02 7.42E+00 1.77E+02          9.60E-01            0   2
 28.00  78 193 1.78E+02 6.95E+00 1.71E+02          9.61E-01            0   2
 29.00  78 193 1.75E+02 6.70E+00 1.68E+02          9.62E-01            0   2
 30.00  78 193 1.71E+02 6.07E+00 1.65E+02          9.65E-01            0   2
 31.00  78 193 1.67E+02 5.49E+00 1.62E+02          9.67E-01            0   2
 32.00  78 193 1.66E+02 5.71E+00 1.61E+02          9.66E-01            0   2
 33.00  78 193 1.60E+02 5.05E+00 1.55E+02          9.68E-01            0   2
 34.00  78 193 1.61E+02 5.23E+00 1.55E+02          9.67E-01            0   2
 35.00  78 193 1.60E+02 5.08E+00 1.54E+02          9.68E-01            0   2
 36.00  78 193 1.53E+02 4.62E+00 1.49E+02          9.70E-01            0   2
 37.00  78 193 1.47E+02 4.33E+00 1.43E+02          9.71E-01            0   2
 38.00  78 193 1.50E+02 4.12E+00 1.46E+02          9.73E-01            0   2
 39.00  78 193 1.45E+02 4.75E+00 1.40E+02          9.67E-01            0   2
  1.00  78 192 0.0                                                         1
  2.00  78 192 0.0                                                         1
  3.00  78 192 0.0                                                         1
  4.00  78 192 0.0                                                         1
  5.00  78 192 0.0                                                         1
  6.00  78 192 0.0                                                         1
  7.00  78 192 0.0                                                         1
  8.00  78 192 0.0                                                         1
  9.00  78 192 0.0                                                         1
 10.00  78 192 2.06E-03                                                    1
 11.00  78 192 1.29E+01                                                    1
 12.00  78 192 1.04E+02                                                    1
 13.00  78 192 2.72E+02                                                    1
 14.00  78 192 4.59E+02                                                    1
 15.00  78 192 6.24E+02                                                    1
 16.00  78 192 7.58E+02                                                    1
 17.00  78 192 8.60E+02                                                    1
 18.00  78 192 9.51E+02                                                    1
 19.00  78 192 1.03E+03                                                    1
 20.00  78 192 1.08E+03                                                    1
 21.00  78 192 1.10E+03                                                    1
 22.00  78 192 1.04E+03                                                    1
 23.00  78 192 9.15E+02                                                    1
 24.00  78 192 7.68E+02                                                    1
 25.00  78 192 6.33E+02                                                    1
 26.00  78 192 5.17E+02                                                    1
 27.00  78 192 4.29E+02                                                    1
 28.00  78 192 3.67E+02                                                    1
 29.00  78 192 3.29E+02                                                    1
 30.00  78 192 2.98E+02                                                    1
 31.00  78 192 2.74E+02                                                    1
 32.00  78 192 2.58E+02                                                    1
 33.00  78 192 2.49E+02                                                    1
 34.00  78 192 2.42E+02                                                    1
 35.00  78 192 2.28E+02                                                    1
 36.00  78 192 2.26E+02                                                    1
 37.00  78 192 2.19E+02                                                    1
 38.00  78 192 2.15E+02                                                    1
 39.00  78 192 2.08E+02                                                    1
  1.00  78 191 0.0 							   1
  2.00  78 191 0.0 							   1
  3.00  78 191 0.0 							   1
  4.00  78 191 0.0 							   1
  5.00  78 191 0.0 							   1
  6.00  78 191 0.0 							   1
  7.00  78 191 0.0 							   1
  8.00  78 191 0.0 							   1
  9.00  78 191 0.0 							   1
 10.00  78 191 0.0 							   1
 11.00  78 191 0.0 							   1
 12.00  78 191 0.0 							   1
 13.00  78 191 0.0 							   1
 14.00  78 191 0.0 							   1
 15.00  78 191 0.0 							   1
 16.00  78 191 0.0 							   1
 17.00  78 191 0.0 							   1
 18.00  78 191 0.0 							   1
 19.00  78 191 0.0 							   1
 20.00  78 191 4.57E+00                                                    1
 21.00  78 191 4.36E+01                                                    1
 22.00  78 191 1.52E+02                                                    1
 23.00  78 191 3.12E+02                                                    1
 24.00  78 191 4.99E+02                                                    1
 25.00  78 191 6.69E+02                                                    1
 26.00  78 191 8.11E+02                                                    1
 27.00  78 191 9.19E+02                                                    1
 28.00  78 191 9.95E+02                                                    1
 29.00  78 191 1.01E+03                                                    1
 30.00  78 191 9.77E+02                                                    1
 31.00  78 191 9.02E+02                                                    1
 32.00  78 191 7.85E+02                                                    1
 33.00  78 191 6.62E+02                                                    1
 34.00  78 191 5.48E+02                                                    1
 35.00  78 191 4.48E+02                                                    1
 36.00  78 191 3.73E+02                                                    1
 37.00  78 191 3.12E+02                                                    1
 38.00  78 191 2.69E+02                                                    1
 39.00  78 191 2.34E+02                                                    1
  1.00  78 190 0.0 							   1
  2.00  78 190 0.0 							   1
  3.00  78 190 0.0 							   1
  4.00  78 190 0.0 							   1
  5.00  78 190 0.0 							   1
  6.00  78 190 0.0 							   1
  7.00  78 190 0.0 							   1
  8.00  78 190 0.0 							   1
  9.00  78 190 0.0 							   1
 10.00  78 190 0.0 							   1
 11.00  78 190 0.0 							   1
 12.00  78 190 0.0 							   1
 13.00  78 190 0.0 							   1
 14.00  78 190 0.0 							   1
 15.00  78 190 0.0 							   1
 16.00  78 190 0.0 							   1
 17.00  78 190 0.0 							   1
 18.00  78 190 0.0 							   1
 19.00  78 190 0.0 							   1 
 20.00  78 190 0.0 							   1 
 21.00  78 190 0.0 							   1 
 22.00  78 190 0.0 							   1 
 23.00  78 190 0.0 							   1 
 24.00  78 190 0.0 							   1 
 25.00  78 190 0.0 							   1 
 26.00  78 190 1.94E-02                                                    1
 27.00  78 190 1.37E+00                                                    1
 28.00  78 190 1.32E+01                                                    1
 29.00  78 190 5.21E+01                                                    1
 30.00  78 190 1.38E+02                                                    1
 31.00  78 190 2.54E+02                                                    1
 32.00  78 190 3.93E+02                                                    1
 33.00  78 190 5.33E+02                                                    1
 34.00  78 190 6.65E+02                                                    1
 35.00  78 190 7.87E+02                                                    1
 36.00  78 190 8.72E+02                                                    1
 37.00  78 190 9.47E+02                                                    1
 38.00  78 190 9.90E+02                                                    1
 39.00  78 190 1.02E+03                                                    1
 36.00  78 189 4.40E-02                                                    1
 37.00  78 189 8.87E-01                                                    1
 38.00  78 189 5.29E+00                                                    1
 39.00  78 189 1.77E+01                                                    1
  1.00  77 194 0.0      0.0      0.0      0.0      0.0      0.0        1   3    
  2.00  77 194 0.0      0.00E+00 0.0      0.00E+00 1.00E+00 0.0        1   3  
  3.00  77 194 0.0      0.00E+00 0.0      0.00E+00 1.00E+00 0.00E+00   1   3
  4.00  77 194 0.0      0.00E+00 0.0      0.00E+00 1.00E+00 0.00E+00   1   3    
  5.00  77 194 0.0      0.00E+00 0.0      0.00E+00 1.00E+00 0.00E+00   1   3    
  6.00  77 194 0.0      0.00E+00 0.0      0.00E+00 1.00E+00 0.00E+00   1   3    
  7.00  77 194 0.0      0.00E+00 0.0      0.00E+00 1.00E+00 0.00E+00   1   3    
  8.00  77 194 1.24E-01 0.00E+00 1.24E-01 0.00E+00 1.00E+00 0.00E+00   1   3
  9.00  77 194 8.10E-01 0.00E+00 8.06E-01 3.70E-03 9.95E-01 4.57E-03   1   3
 10.00  77 194 3.51E+00 0.00E+00 3.50E+00 4.11E-03 9.99E-01 1.17E-03   1   3
 11.00  77 194 8.37E+00 0.00E+00 8.35E+00 2.37E-02 9.97E-01 2.83E-03   1   3
 12.00  77 194 1.56E+01 0.00E+00 1.56E+01 4.77E-02 9.97E-01 3.05E-03   1   3
 13.00  77 194 2.53E+01 0.00E+00 2.51E+01 2.05E-01 9.92E-01 8.09E-03   1   3
 14.00  77 194 3.68E+01 0.00E+00 3.63E+01 5.18E-01 9.86E-01 1.41E-02   1   3
 15.00  77 194 4.46E+01 0.00E+00 4.36E+01 9.43E-01 9.79E-01 2.12E-02   1   3
 16.00  77 194 5.10E+01 0.00E+00 4.92E+01 1.76E+00 9.65E-01 3.45E-02   1   3
 17.00  77 194 6.21E+01 0.00E+00 5.88E+01 3.28E+00 9.47E-01 5.28E-02   1   3
 18.00  77 194 6.97E+01 0.00E+00 6.53E+01 4.42E+00 9.36E-01 6.35E-02   1   3
 19.00  77 194 7.26E+01 0.00E+00 6.55E+01 7.11E+00 9.02E-01 9.80E-02   1   3
 20.00  77 194 7.95E+01 0.00E+00 7.07E+01 8.82E+00 8.89E-01 1.11E-01   1   3
 21.00  77 194 8.04E+01 0.00E+00 6.94E+01 1.10E+01 8.63E-01 1.37E-01   1   3
 22.00  77 194 8.49E+01 0.00E+00 7.06E+01 1.43E+01 8.31E-01 1.69E-01   1   3
 23.00  77 194 8.95E+01 0.00E+00 7.27E+01 1.68E+01 8.12E-01 1.88E-01   1   3
 24.00  77 194 9.01E+01 0.00E+00 7.14E+01 1.88E+01 7.92E-01 2.08E-01   1   3
 25.00  77 194 9.15E+01 0.00E+00 6.98E+01 2.17E+01 7.63E-01 2.37E-01   1   3
 26.00  77 194 9.27E+01 0.00E+00 6.70E+01 2.57E+01 7.23E-01 2.77E-01   1   3
 27.00  77 194 9.36E+01 0.00E+00 6.72E+01 2.64E+01 7.18E-01 2.82E-01   1   3
 28.00  77 194 9.31E+01 0.00E+00 6.56E+01 2.75E+01 7.04E-01 2.96E-01   1   3
 29.00  77 194 9.37E+01 0.00E+00 6.33E+01 3.04E+01 6.75E-01 3.25E-01   1   3
 30.00  77 194 9.31E+01 0.00E+00 5.97E+01 3.34E+01 6.41E-01 3.59E-01   1   3
 31.00  77 194 9.23E+01 0.00E+00 5.80E+01 3.43E+01 6.29E-01 3.71E-01   1   3
 32.00  77 194 9.64E+01 0.00E+00 5.90E+01 3.73E+01 6.13E-01 3.87E-01   1   3
 33.00  77 194 9.43E+01 0.00E+00 5.54E+01 3.89E+01 5.87E-01 4.13E-01   1   3
 34.00  77 194 9.31E+01 0.00E+00 5.26E+01 4.05E+01 5.65E-01 4.35E-01   1   3
 35.00  77 194 9.44E+01 0.00E+00 5.25E+01 4.19E+01 5.56E-01 4.44E-01   1   3
 36.00  77 194 9.07E+01 0.00E+00 4.92E+01 4.16E+01 5.42E-01 4.58E-01   1   3
 37.00  77 194 9.29E+01 0.00E+00 4.93E+01 4.37E+01 5.30E-01 4.70E-01   1   3
 38.00  77 194 9.23E+01 0.00E+00 4.73E+01 4.50E+01 5.12E-01 4.88E-01   1   3
 39.00  77 194 9.03E+01 0.00E+00 4.36E+01 4.67E+01 4.83E-01 5.17E-01   1   3
  1.00  77 193 0.0      0.0      0.0               0.0                 0   2
  2.00  77 193 0.0      0.0      0.0               0.0                 0   2
  3.00  77 193 0.0      0.0      0.0               0.0                 0   2
  4.00  77 193 0.0      0.0      0.0               0.0                 0   2
  5.00  77 193 0.0      0.0      0.0               0.0                 0   2
  6.00  77 193 0.0      0.0      0.0               0.0                 0   2
  7.00  77 193 0.0      0.0      0.0               0.0                 0   2
  8.00  77 193 0.0      0.0      0.0               0.0                 0   2
  9.00  77 193 0.0      0.0      0.0               0.0                 0   2     
 10.00  77 193 4.11E-03 0.00E+00 4.11E-03          1.00E+00            0   2
 11.00  77 193 4.34E-02 9.86E-03 3.35E-02          7.73E-01            0   2
 12.00  77 193 4.06E-01 6.86E-02 3.37E-01          8.31E-01            0   2
 13.00  77 193 1.37E+00 1.26E-01 1.25E+00          9.08E-01            0   2
 14.00  77 193 4.11E+00 4.17E-01 3.69E+00          8.98E-01            0   2
 15.00  77 193 8.71E+00 7.55E-01 7.96E+00          9.13E-01            0   2
 16.00  77 193 1.48E+01 1.15E+00 1.36E+01          9.22E-01            0   2
 17.00  77 193 2.23E+01 1.66E+00 2.07E+01          9.26E-01            0   2
 18.00  77 193 3.03E+01 1.97E+00 2.84E+01          9.35E-01            0   2
 19.00  77 193 4.16E+01 2.60E+00 3.90E+01          9.38E-01            0   2
 20.00  77 193 5.24E+01 2.80E+00 4.96E+01          9.47E-01            0   2
 21.00  77 193 6.38E+01 3.50E+00 6.03E+01          9.45E-01            0   2
 22.00  77 193 7.72E+01 3.68E+00 7.36E+01          9.52E-01            0   2
 23.00  77 193 8.82E+01 4.41E+00 8.38E+01          9.50E-01            0   2
 24.00  77 193 9.83E+01 4.58E+00 9.37E+01          9.53E-01            0   2
 25.00  77 193 1.07E+02 4.93E+00 1.02E+02          9.54E-01            0   2
 26.00  77 193 1.17E+02 4.97E+00 1.12E+02          9.57E-01            0   2
 27.00  77 193 1.26E+02 5.38E+00 1.20E+02          9.57E-01            0   2
 28.00  77 193 1.33E+02 5.20E+00 1.28E+02          9.61E-01            0   2
 29.00  77 193 1.40E+02 5.51E+00 1.34E+02          9.61E-01            0   2
 30.00  77 193 1.44E+02 5.27E+00 1.39E+02          9.63E-01            0   2
 31.00  77 193 1.53E+02 5.52E+00 1.47E+02          9.64E-01            0   2
 32.00  77 193 1.58E+02 5.46E+00 1.52E+02          9.65E-01            0   2
 33.00  77 193 1.66E+02 6.59E+00 1.60E+02          9.60E-01            0   2
 34.00  77 193 1.69E+02 6.59E+00 1.62E+02          9.61E-01            0   2
 35.00  77 193 1.69E+02 6.08E+00 1.63E+02          9.64E-01            0   2
 36.00  77 193 1.77E+02 5.46E+00 1.72E+02          9.69E-01            0   2
 37.00  77 193 1.83E+02 6.34E+00 1.77E+02          9.65E-01            0   2
 38.00  77 193 1.84E+02 6.02E+00 1.78E+02          9.67E-01            0   2
 39.00  77 193 1.90E+02 5.92E+00 1.84E+02          9.69E-01            0   2
  1.00  77 192 0.0      0.0      0.0      0.0      0.0      0.0        1   3
  2.00  77 192 0.0      0.0      0.0      0.0      0.0      0.0        1   3
  3.00  77 192 0.0      0.0      0.0      0.0      0.0      0.0        1   3
  4.00  77 192 0.0      0.0      0.0      0.0      0.0      0.0        1   3
  5.00  77 192 0.0      0.0      0.0      0.0      0.0      0.0        1   3
  6.00  77 192 0.0      0.0      0.0      0.0      0.0      0.0        1   3
  7.00  77 192 0.0      0.0      0.0      0.0      0.0      0.0        1   3
  8.00  77 192 0.0      0.0      0.0      0.0      0.0      0.0        1   3
  9.00  77 192 0.0      0.0      0.0      0.0      0.0      0.0        1   3
 10.00  77 192 0.0      0.0      0.0      0.0      0.0      0.0        1   3
 11.00  77 192 0.0      0.0      0.0      0.0      0.0      0.0        1   3 
 12.00  77 192 1.79E-02 1.19E-02 0.00E+00 5.96E-03 0.00E+00 3.33E-01   1   3
 13.00  77 192 1.58E-02 7.88E-03 0.00E+00 7.88E-03 0.00E+00 5.00E-01   1   3
 14.00  77 192 1.25E-01 5.76E-02 0.00E+00 6.72E-02 0.00E+00 5.38E-01   1   3
 15.00  77 192 1.44E-01 4.44E-02 0.00E+00 9.99E-02 0.00E+00 6.92E-01   1   3
 16.00  77 192 1.61E-01 6.20E-02 0.00E+00 9.92E-02 0.00E+00 6.15E-01   1   3
 17.00  77 192 3.12E-01 1.63E-01 0.00E+00 1.49E-01 0.00E+00 4.78E-01   1   3
 18.00  77 192 6.40E-01 1.89E-01 0.00E+00 4.51E-01 0.00E+00 7.05E-01   1   3
 19.00  77 192 9.10E-01 2.31E-01 0.00E+00 6.79E-01 0.00E+00 7.46E-01   1   3
 20.00  77 192 1.95E+00 5.11E-01 0.00E+00 1.43E+00 0.00E+00 7.37E-01   1   3
 21.00  77 192 3.02E+00 8.62E-01 0.00E+00 2.16E+00 0.00E+00 7.15E-01   1   3
 22.00  77 192 5.73E+00 1.17E+00 0.00E+00 4.57E+00 0.00E+00 7.97E-01   1   3
 23.00  77 192 8.66E+00 2.09E+00 0.00E+00 6.57E+00 0.00E+00 7.59E-01   1   3
 24.00  77 192 1.34E+01 2.75E+00 0.00E+00 1.07E+01 0.00E+00 7.95E-01   1   3
 25.00  77 192 1.77E+01 3.37E+00 0.00E+00 1.43E+01 0.00E+00 8.09E-01   1   3
 26.00  77 192 2.39E+01 4.81E+00 0.00E+00 1.91E+01 0.00E+00 7.99E-01   1   3
 27.00  77 192 3.29E+01 6.23E+00 0.00E+00 2.66E+01 0.00E+00 8.10E-01   1   3
 28.00  77 192 3.89E+01 7.81E+00 0.00E+00 3.11E+01 0.00E+00 7.99E-01   1   3
 29.00  77 192 4.64E+01 9.16E+00 0.00E+00 3.73E+01 0.00E+00 8.03E-01   1   3
 30.00  77 192 5.31E+01 8.92E+00 0.00E+00 4.42E+01 0.00E+00 8.32E-01   1   3
 31.00  77 192 6.04E+01 1.10E+01 0.00E+00 4.94E+01 0.00E+00 8.19E-01   1   3
 32.00  77 192 6.52E+01 1.11E+01 0.00E+00 5.41E+01 0.00E+00 8.29E-01   1   3
 33.00  77 192 7.07E+01 1.27E+01 0.00E+00 5.80E+01 0.00E+00 8.20E-01   1   3
 34.00  77 192 7.59E+01 1.36E+01 0.00E+00 6.24E+01 0.00E+00 8.22E-01   1   3
 35.00  77 192 7.81E+01 1.37E+01 0.00E+00 6.45E+01 0.00E+00 8.25E-01   1   3
 36.00  77 192 8.13E+01 1.24E+01 0.00E+00 6.89E+01 0.00E+00 8.48E-01   1   3
 37.00  77 192 8.20E+01 1.39E+01 0.00E+00 6.81E+01 0.00E+00 8.31E-01   1   3
 38.00  77 192 8.54E+01 1.33E+01 0.00E+00 7.21E+01 0.00E+00 8.44E-01   1   3
 39.00  77 192 8.66E+01 1.45E+01 0.00E+00 7.21E+01 0.00E+00 8.32E-01   1   3
  1.00  77 191 0.0      0.0      0.0      0.0      0.0      0.0        1   3
  2.00  77 191 0.0      0.0      0.0      0.0      0.0      0.0        1   3
  3.00  77 191 0.0      0.0      0.0      0.0      0.0      0.0        1   3
  4.00  77 191 0.0      0.0      0.0      0.0      0.0      0.0        1   3
  5.00  77 191 0.0      0.0      0.0      0.0      0.0      0.0        1   3
  6.00  77 191 0.0      0.0      0.0      0.0      0.0      0.0        1   3
  7.00  77 191 0.0      0.0      0.0      0.0      0.0      0.0        1   3
  8.00  77 191 0.0      0.0      0.0      0.0      0.0      0.0        1   3
  9.00  77 191 0.0      0.0      0.0      0.0      0.0      0.0        1   3
 10.00  77 191 0.0      0.0      0.0      0.0      0.0      0.0        1   3
 11.00  77 191 0.0      0.0      0.0      0.0      0.0      0.0        1   3
 12.00  77 191 0.0      0.0      0.0      0.0      0.0      0.0        1   3
 13.00  77 191 0.0      0.0      0.0      0.0      0.0      0.0        1   3
 14.00  77 191 9.60E-03 0.00E+00 9.60E-03 0.00E+00 1.00E+00 0.00E+00   1   3
 17.00  77 191 2.71E-02 0.00E+00 2.71E-02 0.00E+00 1.00E+00 0.00E+00   1   3
 18.00  77 191 4.37E-02 0.00E+00 4.37E-02 0.00E+00 1.00E+00 0.00E+00   1   3
 19.00  77 191 6.17E-02 0.00E+00 6.17E-02 0.00E+00 1.00E+00 0.00E+00   1   3
 20.00  77 191 1.30E-01 0.00E+00 1.13E-01 1.62E-02 8.75E-01 1.25E-01   1   3
 21.00  77 191 2.20E-01 0.00E+00 1.61E-01 5.91E-02 7.31E-01 2.69E-01   1   3
 22.00  77 191 2.80E-01 0.00E+00 2.37E-01 4.38E-02 8.44E-01 1.56E-01   1   3
 23.00  77 191 3.62E-01 0.00E+00 2.26E-01 1.36E-01 6.25E-01 3.75E-01   1   3
 24.00  77 191 5.58E-01 0.00E+00 3.35E-01 2.23E-01 6.00E-01 4.00E-01   1   3
 25.00  77 191 9.90E-01 9.52E-03 7.71E-01 2.09E-01 7.79E-01 2.12E-01   1   3
 26.00  77 191 1.15E+00 0.00E+00 6.52E-01 4.96E-01 5.68E-01 4.32E-01   1   3
 27.00  77 191 1.94E+00 5.95E-02 1.36E+00 5.25E-01 6.99E-01 2.70E-01   1   3
 28.00  77 191 2.76E+00 7.05E-02 1.99E+00 6.95E-01 7.23E-01 2.52E-01   1   3
 29.00  77 191 4.85E+00 0.00E+00 3.65E+00 1.20E+00 7.53E-01 2.47E-01   1   3
 30.00  77 191 8.28E+00 1.24E-01 5.62E+00 2.53E+00 6.79E-01 3.06E-01   1   3
 31.00  77 191 1.12E+01 1.68E-01 7.55E+00 3.47E+00 6.75E-01 3.10E-01   1   3
 32.00  77 191 1.64E+01 4.68E-01 1.01E+01 5.84E+00 6.15E-01 3.57E-01   1   3
 33.00  77 191 2.27E+01 5.05E-01 1.32E+01 8.96E+00 5.83E-01 3.95E-01   1   3
 34.00  77 191 2.85E+01 9.11E-01 1.55E+01 1.21E+01 5.43E-01 4.25E-01   1   3
 35.00  77 191 3.71E+01 1.03E+00 1.86E+01 1.75E+01 5.01E-01 4.72E-01   1   3
 36.00  77 191 4.50E+01 1.42E+00 2.21E+01 2.15E+01 4.91E-01 4.77E-01   1   3
 37.00  77 191 5.17E+01 1.54E+00 2.32E+01 2.69E+01 4.49E-01 5.21E-01   1   3
 38.00  77 191 5.99E+01 1.93E+00 2.68E+01 3.12E+01 4.47E-01 5.21E-01   1   3
 39.00  77 191 6.80E+01 2.16E+00 2.87E+01 3.71E+01 4.23E-01 5.45E-01   1   3
 22.00  77 190 1.75E-02 0.00E+00 1.75E-02 0.00E+00 1.00E+00 0.00E+00   0   3
 27.00  77 190 1.98E-02 0.00E+00 1.98E-02 0.00E+00 1.00E+00 0.00E+00   0   3
 28.00  77 190 2.01E-02 0.00E+00 2.01E-02 0.00E+00 1.00E+00 0.00E+00   0   3
 29.00  77 190 1.64E-01 0.00E+00 1.64E-01 0.00E+00 1.00E+00 0.00E+00   0   3
 30.00  77 190 2.08E-01 1.04E-02 1.97E-01 0.00E+00 9.50E-01 0.00E+00   0   3
 31.00  77 190 2.73E-01 0.00E+00 2.73E-01 0.00E+00 1.00E+00 0.00E+00   0   3
 32.00  77 190 4.68E-01 2.13E-02 4.46E-01 0.00E+00 9.55E-01 0.00E+00   0   3
 33.00  77 190 6.23E-01 2.15E-02 6.01E-01 0.00E+00 9.66E-01 0.00E+00   0   3
 34.00  77 190 8.89E-01 2.17E-02 8.67E-01 0.00E+00 9.76E-01 0.00E+00   0   3
 35.00  77 190 1.27E+00 5.47E-02 1.21E+00 0.00E+00 9.57E-01 0.00E+00   0   3
 36.00  77 190 1.37E+00 1.10E-02 1.36E+00 0.00E+00 9.92E-01 0.00E+00   0   3
 37.00  77 190 2.78E+00 7.77E-02 2.70E+00 0.00E+00 9.72E-01 0.00E+00   0   3
 38.00  77 190 3.64E+00 1.23E-01 3.52E+00 0.00E+00 9.66E-01 0.00E+00   0   3
 39.00  77 190 6.39E+00 2.59E-01 6.13E+00 0.00E+00 9.60E-01 0.00E+00   0   3
  1.00  77 189 0.0      0.0      0.0      0.0      0.0      0.0        0   3
  1.00  77 189 0.0      0.0      0.0      0.0      0.0      0.0        0   3
  1.00  77 189 0.0      0.0      0.0      0.0      0.0      0.0        0   3
  1.00  77 189 0.0      0.0      0.0      0.0      0.0      0.0        0   3
  1.00  77 189 0.0      0.0      0.0      0.0      0.0      0.0        0   3
  1.00  77 189 0.0      0.0      0.0      0.0      0.0      0.0        0   3
  1.00  77 189 0.0      0.0      0.0      0.0      0.0      0.0        0   3
  1.00  77 189 0.0      0.0      0.0      0.0      0.0      0.0        0   3
  1.00  77 189 0.0      0.0      0.0      0.0      0.0      0.0        0   3
 10.00  77 189 0.0      0.0      0.0      0.0      0.0      0.0        0   3
 11.00  77 189 0.0      0.0      0.0      0.0      0.0      0.0        0   3
 12.00  77 189 0.0      0.0      0.0      0.0      0.0      0.0        0   3
 13.00  77 189 0.0      0.0      0.0      0.0      0.0      0.0        0   3
 14.00  77 189 0.0      0.0      0.0      0.0      0.0      0.0        0   3
 15.00  77 189 0.0      0.0      0.0      0.0      0.0      0.0        0   3
 16.00  77 189 0.0      0.0      0.0      0.0      0.0      0.0        0   3
 17.00  77 189 0.0      0.0      0.0      0.0      0.0      0.0        0   3
 18.00  77 189 0.0      0.0      0.0      0.0      0.0      0.0        0   3
 19.00  77 189 0.0      0.0      0.0      0.0      0.0      0.0        0   3
 20.00  77 189 0.0      0.0      0.0      0.0      0.0      0.0        0   3
 21.00  77 189 0.0      0.0      0.0      0.0      0.0      0.0        0   3
 22.00  77 189 0.0      0.0      0.0      0.0      0.0      0.0        0   3
 23.00  77 189 0.0      0.0      0.0      0.0      0.0      0.0        0   3
 24.00  77 189 0.0      0.0      0.0      0.0      0.0      0.0        0   3
 25.00  77 189 0.0      0.0      0.0      0.0      0.0      0.0        0   3
 26.00  77 189 0.0      0.0      0.0      0.0      0.0      0.0        0   3
 27.00  77 189 0.0      0.0      0.0      0.0      0.0      0.0        0   3
 28.00  77 189 0.0      0.0      0.0      0.0      0.0      0.0        0   3
 29.00  77 189 0.0      0.0      0.0      0.0      0.0      0.0        0   3
 30.00  77 189 0.0      0.0      0.0      0.0      0.0      0.0        0   3
 31.00  77 189 0.0      0.0      0.0      0.0      0.0      0.0        0   3
 32.00  77 189 0.0      0.0      0.0      0.0      0.0      0.0        0   3
 33.00  77 189 2.15E-02 0.00E+00 2.15E-02 0.00E+00 1.00E+00 0.00E+00   0   3
 34.00  77 189 2.17E-02 0.00E+00 2.17E-02 0.00E+00 1.00E+00 0.00E+00   0   3
 35.00  77 189 4.37E-02 0.00E+00 4.37E-02 0.00E+00 1.00E+00 0.00E+00   0   3
 36.00  77 189 1.10E-01 0.00E+00 8.81E-02 2.20E-02 8.00E-01 2.00E-01   0   3
 37.00  77 189 1.11E-01 0.00E+00 1.11E-01 0.00E+00 1.00E+00 0.00E+00   0   3
 38.00  77 189 3.80E-01 0.00E+00 2.46E-01 1.34E-01 6.47E-01 3.53E-01   0   3
 39.00  77 189 4.05E-01 0.00E+00 1.57E-01 2.47E-01 3.89E-01 6.11E-01   0   3
  1.00  76 193 0.0                                                         1
  2.00  76 193 0.0                                                         1
  3.00  76 193 0.0                                                         1
  4.00  76 193 0.0                                                         1
  5.00  76 193 0.0                                                         1
  6.00  76 193 0.0                                                         1
  7.00  76 193 0.0                                                         1
  8.00  76 193 0.0                                                         1
  9.00  76 193 0.0                                                         1
 10.00  76 193 0.0                                                         1
 11.00  76 193 0.0                                                         1
 12.00  76 193 0.0                                                         1
 13.00  76 193 0.0                                                         1
 14.00  76 193 0.0                                                         1
 15.00  76 193 0.0                                                         1
 16.00  76 193 0.0                                                         1
 17.00  76 193 0.0                                                         1
 18.00  76 193 0.0                                                         1
 19.00  76 193 0.0                                                         1
 20.00  76 193 0.0                                                         1
 21.00  76 193 0.0                                                         1
 22.00  76 193 0.0                                                         1
 23.00  76 193 0.0                                                         1
 24.00  76 193 0.0                                                         1
 25.00  76 193 0.0                                                         1                                                       1
 26.00  76 193 1.95E-02                                                    1
 27.00  76 193 0.0                                                         1
 28.00  76 193 0.0                                                         1
 29.00  76 193 0.0                                                         1
 30.00  76 193 0.0                                                         1
 31.00  76 193 0.0                                                         1
 32.00  76 193 0.0                                                         1
 33.00  76 193 6.44E-02                                                    1
 34.00  76 193 6.50E-02                                                    1
 35.00  76 193 2.19E-02                                                    1
 36.00  76 193 8.81E-02                                                    1
 37.00  76 193 6.66E-02                                                    1
 39.00  76 193 6.75E-02                                                    1
  1.00  76 192 0.0      0.0      0.0               0.0                 0   2
  2.00  76 192 0.0      0.0      0.0               0.0                 0   2
  3.00  76 192 0.0      0.0      0.0               0.0                 0   2
  4.00  76 192 0.0      0.0      0.0               0.0                 0   2
  5.00  76 192 0.0      0.0      0.0               0.0                 0   2
  6.00  76 192 0.0      0.0      0.0               0.0                 0   2
  7.00  76 192 0.0      0.0      0.0               0.0                 0   2
  8.00  76 192 0.0      0.0      0.0               0.0                 0   2
  9.00  76 192 0.0      0.0      0.0               0.0                 0   2
 10.00  76 192 0.0      0.0      0.0               0.0                 0   2
 11.00  76 192 0.0      0.0      0.0               0.0                 0   2
 12.00  76 192 0.0      0.0      0.0               0.0                 0   2
 13.00  76 192 3.15E-02 3.15E-02 0.00E+00          0.00E+00            0   2
 14.00  76 192 9.60E-03 9.60E-03 0.00E+00          0.00E+00            0   2
 15.00  76 192 4.44E-02 4.44E-02 0.00E+00          0.00E+00            0   2
 16.00  76 192 9.92E-02 9.92E-02 0.00E+00          0.00E+00            0   2
 17.00  76 192 1.76E-01 1.76E-01 0.00E+00          0.00E+00            0   2
 18.00  76 192 2.91E-01 2.91E-01 0.00E+00          0.00E+00            0   2
 19.00  76 192 4.32E-01 4.32E-01 0.00E+00          0.00E+00            0   2
 20.00  76 192 4.54E-01 4.54E-01 0.00E+00          0.00E+00            0   2
 21.00  76 192 5.24E-01 5.24E-01 0.00E+00          0.00E+00            0   2
 22.00  76 192 5.78E-01 5.61E-01 1.75E-02          3.03E-02            0   2
 23.00  76 192 8.32E-01 8.32E-01 0.00E+00          0.00E+00            0   2
 24.00  76 192 1.25E+00 1.25E+00 0.00E+00          0.00E+00            0   2
 25.00  76 192 1.26E+00 1.24E+00 1.90E-02          1.52E-02            0   2
 26.00  76 192 1.34E+00 1.32E+00 1.95E-02          1.45E-02            0   2
 27.00  76 192 1.37E+00 1.33E+00 3.96E-02          2.90E-02            0   2
 28.00  76 192 1.85E+00 1.73E+00 1.21E-01          6.52E-02            0   2
 29.00  76 192 2.33E+00 2.27E+00 6.14E-02          2.63E-02            0   2
 30.00  76 192 2.49E+00 2.43E+00 6.23E-02          2.50E-02            0   2
 31.00  76 192 2.77E+00 2.61E+00 1.68E-01          6.06E-02            0   2
 32.00  76 192 2.95E+00 2.90E+00 5.31E-02          1.80E-02            0   2
 33.00  76 192 3.48E+00 3.41E+00 6.44E-02          1.85E-02            0   2
 34.00  76 192 3.53E+00 3.35E+00 1.84E-01          5.21E-02            0   2
 35.00  76 192 3.87E+00 3.65E+00 2.19E-01          5.65E-02            0   2
 36.00  76 192 4.01E+00 3.88E+00 1.32E-01          3.30E-02            0   2
 37.00  76 192 4.66E+00 4.45E+00 2.11E-01          4.52E-02            0   2
 38.00  76 192 5.19E+00 4.85E+00 3.35E-01          6.47E-02            0   2
 39.00  76 192 4.97E+00 4.62E+00 3.49E-01          7.01E-02            0   2
  1.00  76 191 0.0      0.0      0.0               0.0                 0   2
  2.00  76 191 0.0      0.0      0.0               0.0                 0   2
  3.00  76 191 0.0      0.0      0.0               0.0                 0   2
  4.00  76 191 0.0      0.0      0.0               0.0                 0   2
  5.00  76 191 0.0      0.0      0.0               0.0                 0   2
  6.00  76 191 0.0      0.0      0.0               0.0                 0   2
  7.00  76 191 0.0      0.0      0.0               0.0                 0   2
  8.00  76 191 0.0      0.0      0.0               0.0                 0   2
  9.00  76 191 0.0      0.0      0.0               0.0                 0   2
 10.00  76 191 4.11E-03 4.11E-03 0.00E+00          0.00E+00            0   2
 11.00  76 191 7.89E-03 7.89E-03 0.00E+00          0.00E+00            0   2
 12.00  76 191 5.96E-03 5.96E-03 0.00E+00          0.00E+00            0   2
 13.00  76 191 7.88E-03 7.88E-03 0.00E+00          0.00E+00            0   2
 14.00  76 191 1.92E-02 1.92E-02 0.00E+00          0.00E+00            0   2
 15.00  76 191 1.11E-02 1.11E-02 0.00E+00          0.00E+00            0   2
 16.00  76 191 3.72E-02 3.72E-02 0.00E+00          0.00E+00            0   2
 18.00  76 191 2.91E-02 2.91E-02 0.00E+00          0.00E+00            0   2
 19.00  76 191 6.17E-02 6.17E-02 0.00E+00          0.00E+00            0   2
 20.00  76 191 4.86E-02 4.86E-02 0.00E+00          0.00E+00            0   2
 21.00  76 191 8.45E-02 8.45E-02 0.00E+00          0.00E+00            0   2
 22.00  76 191 7.01E-02 7.01E-02 0.00E+00          0.00E+00            0   2
 23.00  76 191 1.27E-01 1.27E-01 0.00E+00          0.00E+00            0   2
 24.00  76 191 1.12E-01 1.12E-01 0.00E+00          0.00E+00            0   2
 25.00  76 191 1.14E-01 1.14E-01 0.00E+00          0.00E+00            0   2
 26.00  76 191 1.36E-01 1.36E-01 0.00E+00          0.00E+00            0   2
 27.00  76 191 2.77E-01 2.77E-01 0.00E+00          0.00E+00            0   2
 28.00  76 191 3.43E-01 3.43E-01 0.00E+00          0.00E+00            0   2
 29.00  76 191 4.71E-01 4.71E-01 0.00E+00          0.00E+00            0   2
 30.00  76 191 8.30E-01 8.30E-01 0.00E+00          0.00E+00            0   2
 31.00  76 191 8.83E-01 8.83E-01 0.00E+00          0.00E+00            0   2
 32.00  76 191 9.99E-01 9.99E-01 0.00E+00          0.00E+00            0   2
 33.00  76 191 1.07E+00 1.07E+00 0.00E+00          0.00E+00            0   2
 34.00  76 191 1.78E+00 1.78E+00 0.00E+00          0.00E+00            0   2
 35.00  76 191 1.57E+00 1.57E+00 0.00E+00          0.00E+00            0   2
 36.00  76 191 1.98E+00 1.98E+00 0.00E+00          0.00E+00            0   2
 37.00  76 191 2.09E+00 2.09E+00 0.00E+00          0.00E+00            0   2
 38.00  76 191 2.41E+00 2.41E+00 0.00E+00          0.00E+00            0   2
 39.00  76 191 2.79E+00 2.79E+00 0.00E+00          0.00E+00            0   2
  1.00  76 190 0.0      0.0      0.0               0.0                 0   2
  2.00  76 190 0.0      0.0      0.0               0.0                 0   2
  3.00  76 190 0.0      0.0      0.0               0.0                 0   2
  4.00  76 190 0.0      0.0      0.0               0.0                 0   2
  5.00  76 190 0.0      0.0      0.0               0.0                 0   2
  6.00  76 190 0.0      0.0      0.0               0.0                 0   2
  7.00  76 190 0.0      0.0      0.0               0.0                 0   2
  8.00  76 190 0.0      0.0      0.0               0.0                 0   2
  9.00  76 190 0.0      0.0      0.0               0.0                 0   2
 10.00  76 190 0.0      0.0      0.0               0.0                 0   2
 11.00  76 190 3.94E-03 3.94E-03 0.00E+00          0.00E+00            0   2
 12.00  76 190 5.96E-03 5.96E-03 0.00E+00          0.00E+00            0   2
 13.00  76 190 3.15E-02 2.37E-02 7.88E-03          2.50E-01            0   2
 14.00  76 190 4.80E-02 9.60E-03 3.84E-02          8.00E-01            0   2
 15.00  76 190 1.11E-01 6.66E-02 4.44E-02          4.00E-01            0   2
 16.00  76 190 2.23E-01 9.92E-02 1.24E-01          5.56E-01            0   2
 17.00  76 190 1.90E-01 5.42E-02 1.35E-01          7.14E-01            0   2
 18.00  76 190 3.49E-01 1.31E-01 2.18E-01          6.25E-01            0   2
 19.00  76 190 3.86E-01 7.71E-02 3.09E-01          8.00E-01            0   2
 20.00  76 190 5.35E-01 1.78E-01 3.57E-01          6.67E-01            0   2
 21.00  76 190 5.75E-01 1.52E-01 4.22E-01          7.35E-01            0   2
 22.00  76 190 9.29E-01 2.45E-01 6.84E-01          7.36E-01            0   2
 23.00  76 190 1.18E+00 2.89E-01 8.86E-01          7.54E-01            0   2
 24.00  76 190 1.10E+00 4.65E-01 6.32E-01          5.76E-01            0   2
 25.00  76 190 9.90E-01 2.47E-01 7.42E-01          7.50E-01            0   2
 26.00  76 190 1.01E+00 4.08E-01 6.03E-01          5.96E-01            0   2
 27.00  76 190 1.03E+00 3.77E-01 6.54E-01          6.35E-01            0   2
 28.00  76 190 1.09E+00 6.15E-01 4.74E-01          4.35E-01            0   2
 29.00  76 190 1.35E+00 7.78E-01 5.73E-01          4.24E-01            0   2
 30.00  76 190 1.12E+00 7.47E-01 3.74E-01          3.33E-01            0   2
 31.00  76 190 1.07E+00 6.10E-01 4.62E-01          4.31E-01            0   2
 32.00  76 190 1.19E+00 7.44E-01 4.46E-01          3.75E-01            0   2
 33.00  76 190 1.59E+00 9.45E-01 6.44E-01          4.05E-01            0   2
 34.00  76 190 1.41E+00 8.67E-01 5.42E-01          3.85E-01            0   2
 35.00  76 190 1.71E+00 1.29E+00 4.15E-01          2.44E-01            0   2
 36.00  76 190 1.74E+00 1.26E+00 4.85E-01          2.78E-01            0   2
 37.00  76 190 1.53E+00 1.20E+00 3.33E-01          2.17E-01            0   2
 38.00  76 190 2.15E+00 1.61E+00 5.37E-01          2.50E-01            0   2
 39.00  76 190 1.73E+00 1.21E+00 5.17E-01          2.99E-01            0   2
  1.00  76 189 0.0      0.0      0.0               0.0                 0   2
  2.00  76 189 0.0      0.0      0.0               0.0                 0   2
  3.00  76 189 0.0      0.0      0.0               0.0                 0   2
  4.00  76 189 0.0      0.0      0.0               0.0                 0   2
  5.00  76 189 0.0      0.0      0.0               0.0                 0   2
  6.00  76 189 0.0      0.0      0.0               0.0                 0   2
  7.00  76 189 0.0      0.0      0.0               0.0                 0   2
  8.00  76 189 0.0      0.0      0.0               0.0                 0   2
  9.00  76 189 0.0      0.0      0.0               0.0                 0   2
 10.00  76 189 0.0      0.0      0.0               0.0                 0   2
 11.00  76 189 0.0      0.0      0.0               0.0                 0   2
 12.00  76 189 0.0      0.0      0.0               0.0                 0   2
 13.00  76 189 0.0      0.0      0.0               0.0                 0   2
 14.00  76 189 0.0      0.0      0.0               0.0                 0   2
 15.00  76 189 0.0      0.0      0.0               0.0                 0   2
 16.00  76 189 0.0      0.0      0.0               0.0                 0   2
 17.00  76 189 0.0      0.0      0.0               0.0                 0   2
 18.00  76 189 0.0      0.0      0.0               0.0                 0   2
 19.00  76 189 1.54E-02 0.00E+00 1.54E-02          1.00E+00            0   2
 20.00  76 189 6.49E-02 1.62E-02 4.86E-02          7.50E-01            0   2
 21.00  76 189 2.20E-01 5.07E-02 1.69E-01          7.69E-01            0   2
 22.00  76 189 8.76E-02 0.00E+00 8.76E-02          1.00E+00            0   2
 23.00  76 189 3.25E-01 1.81E-02 3.07E-01          9.44E-01            0   2
 24.00  76 189 6.69E-01 9.29E-02 5.76E-01          8.61E-01            0   2
 25.00  76 189 1.14E+00 1.71E-01 9.71E-01          8.50E-01            0   2
 26.00  76 189 1.40E+00 1.75E-01 1.23E+00          8.75E-01            0   2
 27.00  76 189 1.51E+00 2.18E-01 1.29E+00          8.55E-01            0   2
 28.00  76 189 2.12E+00 1.21E-01 1.99E+00          9.43E-01            0   2
 29.00  76 189 2.25E+00 8.19E-02 2.17E+00          9.64E-01            0   2
 30.00  76 189 2.10E+00 1.24E-01 1.97E+00          9.41E-01            0   2
 31.00  76 189 2.23E+00 1.05E-01 2.12E+00          9.53E-01            0   2
 32.00  76 189 1.85E+00 2.12E-02 1.83E+00          9.89E-01            0   2
 33.00  76 189 1.87E+00 0.00E+00 1.87E+00          1.00E+00            0   2
 34.00  76 189 1.58E+00 4.34E-02 1.54E+00          9.73E-01            0   2
 35.00  76 189 2.12E+00 0.00E+00 2.12E+00          1.00E+00            0   2
 36.00  76 189 1.70E+00 0.00E+00 1.70E+00          1.00E+00            0   2
 37.00  76 189 1.84E+00 2.22E-02 1.82E+00          9.88E-01            0   2
 38.00  76 189 1.54E+00 0.00E+00 1.54E+00          1.00E+00            0   2
 39.00  76 189 2.00E+00 2.25E-02 1.98E+00          9.89E-01            0   2
  1.00  76 188 0.0                                                         1
  2.00  76 188 0.0                                                         1
  3.00  76 188 0.0                                                         1
  4.00  76 188 0.0                                                         1
  5.00  76 188 0.0                                                         1
  6.00  76 188 0.0                                                         1
  7.00  76 188 0.0                                                         1
  8.00  76 188 0.0                                                         1
  9.00  76 188 0.0                                                         1
 10.00  76 188 0.0                                                         1
 11.00  76 188 0.0                                                         1
 12.00  76 188 0.0                                                         1
 13.00  76 188 0.0                                                         1
 14.00  76 188 0.0                                                         1
 15.00  76 188 0.0                                                         1
 16.00  76 188 0.0                                                         1
 17.00  76 188 0.0                                                         1
 18.00  76 188 0.0                                                         1
 19.00  76 188 0.0                                                         1
 20.00  76 188 0.0                                                         1
 21.00  76 188 0.0                                                         1
 22.00  76 188 0.0                                                         1
 23.00  76 188 0.0                                                         1
 24.00  76 188 1.86E-02                                                    1
 25.00  76 188 1.90E-02                                                    1
 27.00  76 188 5.94E-02                                                    1
 28.00  76 188 2.62E-01                                                    1
 29.00  76 188 4.91E-01                                                    1
 30.00  76 188 8.92E-01                                                    1
 31.00  76 188 1.43E+00                                                    1
 32.00  76 188 2.23E+00                                                    1
 33.00  76 188 2.70E+00                                                    1
 34.00  76 188 3.21E+00                                                    1
 35.00  76 188 3.34E+00                                                    1
 36.00  76 188 4.25E+00                                                    1
 37.00  76 188 3.80E+00                                                    1
 38.00  76 188 4.69E+00                                                    1
 39.00  76 188 5.49E+00                                                    1
 35.00  76 187 4.37E-02                                                    1
 36.00  76 187 1.10E-01                                                    1
 37.00  76 187 3.55E-01                                                    1
 38.00  76 187 7.82E-01                                                    1
 39.00  76 187 1.35E+00                                                    1
  1.00  75 191 0.0                                                         1
  2.00  75 191 0.0                                                         1
  3.00  75 191 0.0                                                         1
  4.00  75 191 0.0                                                         1
  5.00  75 191 0.0                                                         1
  6.00  75 191 0.0                                                         1
  7.00  75 191 0.0                                                         1
  8.00  75 191 0.0                                                         1
  9.00  75 191 0.0                                                         1
 10.00  75 191 0.0                                                         1
 11.00  75 191 0.0                                                         1
 12.00  75 191 0.0                                                         1
 13.00  75 191 0.0                                                         1
 14.00  75 191 0.0                                                         1
 15.00  75 191 0.0                                                         1
 16.00  75 191 0.0                                                         1
 17.00  75 191 0.0                                                         1
 18.00  75 191 0.0                                                         1
 19.00  75 191 0.0                                                         1
 20.00  75 191 0.0                                                         1
 21.00  75 191 0.0                                                         1
 22.00  75 191 0.0                                                         1
 23.00  75 191 0.0                                                         1
 24.00  75 191 0.0                                                         1
 25.00  75 191 0.0                                                         1
 26.00  75 191 1.95E-02                                                    1
 29.00  75 191 6.14E-02                                                    1
 31.00  75 191 4.20E-02                                                    1
 32.00  75 191 4.25E-02                                                    1
 33.00  75 191 6.44E-02                                                    1
 34.00  75 191 8.67E-02                                                    1
 35.00  75 191 8.75E-02                                                    1
 36.00  75 191 6.61E-02                                                    1
 37.00  75 191 6.66E-02                                                    1
 38.00  75 191 1.34E-01                                                    1
 39.00  75 191 1.80E-01                                                    1
 14.00  75 190 9.60E-03 0.00E+00 9.60E-03          1.00E+00            0   2
 18.00  75 190 2.91E-02 0.00E+00 2.91E-02          1.00E+00            0   2
 19.00  75 190 4.63E-02 0.00E+00 4.63E-02          1.00E+00            0   2
 20.00  75 190 1.62E-02 0.00E+00 1.62E-02          1.00E+00            0   2
 21.00  75 190 6.76E-02 0.00E+00 6.76E-02          1.00E+00            0   2
 22.00  75 190 5.26E-02 0.00E+00 5.26E-02          1.00E+00            0   2
 23.00  75 190 1.45E-01 0.00E+00 1.45E-01          1.00E+00            0   2
 24.00  75 190 1.86E-01 0.00E+00 1.86E-01          1.00E+00            0   2
 25.00  75 190 7.61E-02 0.00E+00 7.61E-02          1.00E+00            0   2
 26.00  75 190 1.75E-01 0.00E+00 1.75E-01          1.00E+00            0   2
 27.00  75 190 1.98E-01 0.00E+00 1.98E-01          1.00E+00            0   2
 28.00  75 190 1.81E-01 0.00E+00 1.81E-01          1.00E+00            0   2
 29.00  75 190 2.87E-01 0.00E+00 2.87E-01          1.00E+00            0   2
 30.00  75 190 2.28E-01 0.00E+00 2.28E-01          1.00E+00            0   2
 31.00  75 190 3.57E-01 0.00E+00 3.57E-01          1.00E+00            0   2
 32.00  75 190 4.68E-01 0.00E+00 4.68E-01          1.00E+00            0   2
 33.00  75 190 4.51E-01 0.00E+00 4.51E-01          1.00E+00            0   2
 34.00  75 190 6.50E-01 0.00E+00 6.50E-01          1.00E+00            0   2
 35.00  75 190 7.00E-01 0.00E+00 7.00E-01          1.00E+00            0   2
 36.00  75 190 5.95E-01 0.00E+00 5.95E-01          1.00E+00            0   2
 37.00  75 190 7.55E-01 0.00E+00 7.55E-01          1.00E+00            0   2
 38.00  75 190 7.82E-01 0.00E+00 7.82E-01          1.00E+00            0   2
 39.00  75 190 7.87E-01 0.00E+00 7.87E-01          1.00E+00            0   2
 20.00  75 189 1.62E-02                                                    1
 23.00  75 189 1.81E-02                                                    1
 24.00  75 189 3.72E-02                                                    1
 25.00  75 189 1.90E-02                                                    1
 26.00  75 189 5.84E-02                                                    1
 27.00  75 189 3.96E-02                                                    1
 28.00  75 189 4.03E-02                                                    1
 29.00  75 189 2.05E-02                                                    1
 30.00  75 189 4.15E-02                                                    1
 31.00  75 189 1.26E-01                                                    1
 32.00  75 189 1.06E-01                                                    1
 33.00  75 189 1.93E-01                                                    1
 34.00  75 189 1.30E-01                                                    1
 35.00  75 189 1.31E-01                                                    1
 36.00  75 189 2.86E-01                                                    1
 37.00  75 189 2.67E-01                                                    1
 38.00  75 189 3.58E-01                                                    1
 39.00  75 189 2.47E-01                                                    1
 32.00  75 188 2.13E-02 0.00E+00 2.13E-02          1.00E+00            0   2
 35.00  75 188 4.37E-02 0.00E+00 4.37E-02          1.00E+00            0   2
 39.00  75 188 6.75E-02 0.00E+00 6.75E-02          1.00E+00            0   2
 37.00  75 187 2.22E-02                                                    1
 34.00  74 187 2.17E-02                                                    1
 38.00  74 187 2.24E-02                                                    1
 35.00  74 186 2.19E-02                                                    1
 39.00  74 186 2.25E-02                                                    1