  Ebeam  Z   A   Total    grnd st  isomer1 isomer2  isomer1  isomer2  didl nolevs
  (MeV)           cs.      cs.      cs.     cs.     to total to total
  3.00  30  66 9.76E+00                                                    1
  4.00  30  66 1.02E+02                                                    1
  5.00  30  66 3.13E+02                                                    1
  6.00  30  66 4.81E+02                                                    1
  7.00  30  66 5.22E+02                                                    1
  8.00  30  66 5.09E+02                                                    1
  9.00  30  66 4.75E+02                                                    1
 10.00  30  66 4.43E+02                                                    1
 11.00  30  66 4.10E+02                                                    1
 12.00  30  66 3.92E+02                                                    1
 13.00  30  66 3.73E+02                                                    1
 14.00  30  66 3.58E+02                                                    1
 15.00  30  66 3.47E+02                                                    1
 16.00  30  66 3.37E+02                                                    1
 17.00  30  66 3.24E+02                                                    1
 18.00  30  66 3.15E+02                                                    1
 19.00  30  66 3.09E+02                                                    1
 20.00  30  66 3.01E+02                                                    1
 21.00  30  66 2.91E+02                                                    1
 22.00  30  66 2.80E+02                                                    1
 23.00  30  66 2.74E+02                                                    1
 24.00  30  66 2.65E+02                                                    1
 25.00  30  66 2.58E+02                                                    1
 26.00  30  66 2.57E+02                                                    1
 27.00  30  66 2.50E+02                                                    1
 28.00  30  66 2.43E+02                                                    1
 29.00  30  66 2.39E+02                                                    1
 30.00  30  66 2.30E+02                                                    1
 31.00  30  66 2.24E+02                                                    1
 32.00  30  66 2.19E+02                                                    1
 33.00  30  66 2.15E+02                                                    1
 34.00  30  66 2.09E+02                                                    1
 35.00  30  66 2.09E+02                                                    1
 36.00  30  66 2.03E+02                                                    1
 37.00  30  66 1.98E+02                                                    1
 38.00  30  66 1.91E+02                                                    1
 39.00  30  66 1.91E+02                                                    1
  5.00  30  65 3.41E-03                                                    1
  6.00  30  65 4.77E+01                                                    1
  7.00  30  65 1.71E+02                                                    1
  8.00  30  65 3.01E+02                                                    1
  9.00  30  65 4.17E+02                                                    1
 10.00  30  65 5.06E+02                                                    1
 11.00  30  65 5.70E+02                                                    1
 12.00  30  65 6.16E+02                                                    1
 13.00  30  65 6.47E+02                                                    1
 14.00  30  65 6.66E+02                                                    1
 15.00  30  65 6.64E+02                                                    1
 16.00  30  65 6.36E+02                                                    1
 17.00  30  65 5.77E+02                                                    1
 18.00  30  65 5.23E+02                                                    1
 19.00  30  65 4.59E+02                                                    1
 20.00  30  65 4.04E+02                                                    1
 21.00  30  65 3.53E+02                                                    1
 22.00  30  65 3.14E+02                                                    1
 23.00  30  65 2.81E+02                                                    1
 24.00  30  65 2.54E+02                                                    1
 25.00  30  65 2.36E+02                                                    1
 26.00  30  65 2.17E+02                                                    1
 27.00  30  65 2.03E+02                                                    1
 28.00  30  65 1.93E+02                                                    1
 29.00  30  65 1.83E+02                                                    1
 30.00  30  65 1.77E+02                                                    1
 31.00  30  65 1.67E+02                                                    1
 32.00  30  65 1.64E+02                                                    1
 33.00  30  65 1.57E+02                                                    1
 34.00  30  65 1.53E+02                                                    1
 35.00  30  65 1.50E+02                                                    1
 36.00  30  65 1.45E+02                                                    1
 37.00  30  65 1.42E+02                                                    1
 38.00  30  65 1.40E+02                                                    1
 39.00  30  65 1.35E+02                                                    1
 12.00  30  64 1.37E-02                                                    1
 14.00  30  64 9.38E-01                                                    1
 15.00  30  64 1.45E+01                                                    1
 16.00  30  64 5.37E+01                                                    1
 17.00  30  64 1.12E+02                                                    1
 18.00  30  64 1.74E+02                                                    1
 19.00  30  64 2.34E+02                                                    1
 20.00  30  64 2.85E+02                                                    1
 21.00  30  64 3.26E+02                                                    1
 22.00  30  64 3.68E+02                                                    1
 23.00  30  64 3.87E+02                                                    1
 24.00  30  64 4.02E+02                                                    1
 25.00  30  64 4.16E+02                                                    1
 26.00  30  64 4.15E+02                                                    1
 27.00  30  64 4.10E+02                                                    1
 28.00  30  64 4.03E+02                                                    1
 29.00  30  64 3.86E+02                                                    1
 30.00  30  64 3.65E+02                                                    1
 31.00  30  64 3.44E+02                                                    1
 32.00  30  64 3.18E+02                                                    1
 33.00  30  64 2.98E+02                                                    1
 34.00  30  64 2.70E+02                                                    1
 35.00  30  64 2.45E+02                                                    1
 36.00  30  64 2.26E+02                                                    1
 37.00  30  64 2.07E+02                                                    1
 38.00  30  64 1.93E+02                                                    1
 39.00  30  64 1.81E+02                                                    1
 26.00  30  63 1.68E-02                                                    1
 27.00  30  63 1.68E-02                                                    1
 28.00  30  63 1.52E-01                                                    1
 29.00  30  63 1.12E+00                                                    1
 30.00  30  63 2.20E+00                                                    1
 31.00  30  63 4.92E+00                                                    1
 32.00  30  63 9.37E+00                                                    1
 33.00  30  63 1.49E+01                                                    1
 34.00  30  63 1.98E+01                                                    1
 35.00  30  63 2.80E+01                                                    1
 36.00  30  63 3.34E+01                                                    1
 37.00  30  63 3.98E+01                                                    1
 38.00  30  63 4.46E+01                                                    1
 39.00  30  63 5.09E+01                                                    1
 36.00  30  62 1.71E-02                                                    1
 37.00  30  62 3.42E-02                                                    1
 38.00  30  62 3.42E-02                                                    1
 39.00  30  62 1.71E-01                                                    1
  3.00  29  66 4.27E-01                                                    1
  4.00  29  66 6.29E+00                                                    1
  5.00  29  66 2.39E+01                                                    1
  6.00  29  66 5.24E+01                                                    1
  7.00  29  66 8.12E+01                                                    1
  8.00  29  66 1.05E+02                                                    1
  9.00  29  66 1.25E+02                                                    1
 10.00  29  66 1.38E+02                                                    1
 11.00  29  66 1.45E+02                                                    1
 12.00  29  66 1.50E+02                                                    1
 13.00  29  66 1.53E+02                                                    1
 14.00  29  66 1.57E+02                                                    1
 15.00  29  66 1.57E+02                                                    1
 16.00  29  66 1.57E+02                                                    1
 17.00  29  66 1.56E+02                                                    1
 18.00  29  66 1.55E+02                                                    1
 19.00  29  66 1.55E+02                                                    1
 20.00  29  66 1.50E+02                                                    1
 21.00  29  66 1.50E+02                                                    1
 22.00  29  66 1.45E+02                                                    1
 23.00  29  66 1.43E+02                                                    1
 24.00  29  66 1.36E+02                                                    1
 25.00  29  66 1.37E+02                                                    1
 26.00  29  66 1.32E+02                                                    1
 27.00  29  66 1.31E+02                                                    1
 28.00  29  66 1.28E+02                                                    1
 29.00  29  66 1.29E+02                                                    1
 30.00  29  66 1.25E+02                                                    1
 31.00  29  66 1.23E+02                                                    1
 32.00  29  66 1.20E+02                                                    1
 33.00  29  66 1.18E+02                                                    1
 34.00  29  66 1.16E+02                                                    1
 35.00  29  66 1.16E+02                                                    1
 36.00  29  66 1.14E+02                                                    1
 37.00  29  66 1.08E+02                                                    1
 38.00  29  66 1.07E+02                                                    1
 39.00  29  66 1.08E+02                                                    1
  4.00  29  65 1.10E-03                                                    1
  6.00  29  65 1.51E+00                                                    1
  7.00  29  65 6.05E+00                                                    1
  8.00  29  65 1.67E+01                                                    1
  9.00  29  65 3.54E+01                                                    1
 10.00  29  65 5.87E+01                                                    1
 11.00  29  65 8.77E+01                                                    1
 12.00  29  65 1.15E+02                                                    1
 13.00  29  65 1.46E+02                                                    1
 14.00  29  65 1.75E+02                                                    1
 15.00  29  65 2.05E+02                                                    1
 16.00  29  65 2.33E+02                                                    1
 17.00  29  65 2.66E+02                                                    1
 18.00  29  65 2.79E+02                                                    1
 19.00  29  65 2.98E+02                                                    1
 20.00  29  65 3.12E+02                                                    1
 21.00  29  65 3.22E+02                                                    1
 22.00  29  65 3.23E+02                                                    1
 23.00  29  65 3.21E+02                                                    1
 24.00  29  65 3.22E+02                                                    1
 25.00  29  65 3.11E+02                                                    1
 26.00  29  65 3.10E+02                                                    1
 27.00  29  65 3.09E+02                                                    1
 28.00  29  65 3.09E+02                                                    1
 29.00  29  65 3.06E+02                                                    1
 30.00  29  65 3.06E+02                                                    1
 31.00  29  65 3.06E+02                                                    1
 32.00  29  65 3.02E+02                                                    1
 33.00  29  65 3.02E+02                                                    1
 34.00  29  65 3.04E+02                                                    1
 35.00  29  65 3.05E+02                                                    1
 36.00  29  65 3.04E+02                                                    1
 37.00  29  65 3.07E+02                                                    1
 38.00  29  65 3.09E+02                                                    1
 39.00  29  65 3.09E+02                                                    1
  5.00  29  64 3.41E-03                                                    1
  6.00  29  64 6.00E-03                                                    1
  8.00  29  64 2.95E-02                                                    1
  9.00  29  64 1.34E-01                                                    1
 10.00  29  64 3.54E-01                                                    1
 11.00  29  64 3.90E-01                                                    1
 12.00  29  64 7.11E-01                                                    1
 13.00  29  64 8.38E-01                                                    1
 14.00  29  64 1.22E+00                                                    1
 15.00  29  64 1.89E+00                                                    1
 16.00  29  64 2.15E+00                                                    1
 17.00  29  64 3.23E+00                                                    1
 18.00  29  64 7.29E+00                                                    1
 19.00  29  64 1.42E+01                                                    1
 20.00  29  64 2.58E+01                                                    1
 21.00  29  64 4.60E+01                                                    1
 22.00  29  64 6.66E+01                                                    1
 23.00  29  64 8.92E+01                                                    1
 24.00  29  64 1.16E+02                                                    1
 25.00  29  64 1.38E+02                                                    1
 26.00  29  64 1.63E+02                                                    1
 27.00  29  64 1.82E+02                                                    1
 28.00  29  64 1.97E+02                                                    1
 29.00  29  64 2.09E+02                                                    1
 30.00  29  64 2.22E+02                                                    1
 31.00  29  64 2.22E+02                                                    1
 32.00  29  64 2.28E+02                                                    1
 33.00  29  64 2.20E+02                                                    1
 34.00  29  64 2.14E+02                                                    1
 35.00  29  64 2.05E+02                                                    1
 36.00  29  64 1.99E+02                                                    1
 37.00  29  64 1.89E+02                                                    1
 38.00  29  64 1.79E+02                                                    1
 39.00  29  64 1.69E+02                                                    1
 13.00  29  63 2.84E-02                                                    1
 15.00  29  63 3.00E-02                                                    1
 16.00  29  63 7.67E-02                                                    1
 17.00  29  63 6.24E-02                                                    1
 18.00  29  63 7.91E-02                                                    1
 19.00  29  63 1.76E-01                                                    1
 20.00  29  63 3.07E-01                                                    1
 21.00  29  63 2.61E-01                                                    1
 22.00  29  63 4.43E-01                                                    1
 23.00  29  63 6.11E-01                                                    1
 24.00  29  63 7.48E-01                                                    1
 25.00  29  63 1.19E+00                                                    1
 26.00  29  63 2.26E+00                                                    1
 27.00  29  63 5.37E+00                                                    1
 28.00  29  63 1.16E+01                                                    1
 29.00  29  63 2.34E+01                                                    1
 30.00  29  63 4.02E+01                                                    1
 31.00  29  63 5.96E+01                                                    1
 32.00  29  63 8.16E+01                                                    1
 33.00  29  63 1.07E+02                                                    1
 34.00  29  63 1.32E+02                                                    1
 35.00  29  63 1.54E+02                                                    1
 36.00  29  63 1.79E+02                                                    1
 37.00  29  63 2.01E+02                                                    1
 38.00  29  63 2.18E+02                                                    1
 39.00  29  63 2.30E+02                                                    1
 23.00  29  62 1.65E-02                                                    1
 27.00  29  62 1.68E-02                                                    1
 29.00  29  62 3.38E-02                                                    1
 30.00  29  62 8.48E-02                                                    1
 31.00  29  62 3.40E-02                                                    1
 32.00  29  62 3.40E-02                                                    1
 33.00  29  62 1.02E-01                                                    1
 34.00  29  62 8.52E-02                                                    1
 35.00  29  62 1.88E-01                                                    1
 36.00  29  62 3.07E-01                                                    1
 37.00  29  62 2.56E-01                                                    1
 38.00  29  62 3.59E-01                                                    1
 39.00  29  62 5.13E-01                                                    1
 13.00  28  65 1.42E-02                                                    1
 14.00  28  65 5.86E-02                                                    1
 15.00  28  65 1.65E-01                                                    1
 16.00  28  65 1.99E-01                                                    1
 17.00  28  65 4.83E-01                                                    1
 18.00  28  65 7.44E-01                                                    1
 19.00  28  65 5.60E-01                                                    1
 20.00  28  65 1.13E+00                                                    1
 21.00  28  65 1.45E+00                                                    1
 22.00  28  65 1.59E+00                                                    1
 23.00  28  65 1.67E+00                                                    1
 24.00  28  65 1.73E+00                                                    1
 25.00  28  65 1.84E+00                                                    1
 26.00  28  65 1.83E+00                                                    1
 27.00  28  65 1.65E+00                                                    1
 28.00  28  65 1.37E+00                                                    1
 29.00  28  65 1.37E+00                                                    1
 30.00  28  65 1.20E+00                                                    1
 31.00  28  65 1.19E+00                                                    1
 32.00  28  65 1.43E+00                                                    1
 33.00  28  65 1.18E+00                                                    1
 34.00  28  65 1.38E+00                                                    1
 35.00  28  65 1.26E+00                                                    1
 36.00  28  65 8.70E-01                                                    1
 37.00  28  65 9.91E-01                                                    1
 38.00  28  65 1.01E+00                                                    1
 39.00  28  65 1.09E+00                                                    1
  8.00  28  64 3.94E-02                                                    1
  9.00  28  64 1.12E-01                                                    1
 10.00  28  64 1.95E-01                                                    1
 11.00  28  64 4.03E-01                                                    1
 12.00  28  64 3.83E-01                                                    1
 13.00  28  64 5.82E-01                                                    1
 14.00  28  64 9.24E-01                                                    1
 15.00  28  64 1.19E+00                                                    1
 16.00  28  64 1.43E+00                                                    1
 17.00  28  64 1.92E+00                                                    1
 18.00  28  64 2.66E+00                                                    1
 19.00  28  64 3.44E+00                                                    1
 20.00  28  64 5.28E+00                                                    1
 21.00  28  64 6.52E+00                                                    1
 22.00  28  64 8.74E+00                                                    1
 23.00  28  64 1.05E+01                                                    1
 24.00  28  64 1.28E+01                                                    1
 25.00  28  64 1.58E+01                                                    1
 26.00  28  64 1.91E+01                                                    1
 27.00  28  64 2.27E+01                                                    1
 28.00  28  64 2.41E+01                                                    1
 29.00  28  64 2.62E+01                                                    1
 30.00  28  64 3.13E+01                                                    1
 31.00  28  64 3.44E+01                                                    1
 32.00  28  64 3.52E+01                                                    1
 33.00  28  64 3.70E+01                                                    1
 34.00  28  64 4.11E+01                                                    1
 35.00  28  64 3.94E+01                                                    1
 36.00  28  64 4.04E+01                                                    1
 37.00  28  64 4.24E+01                                                    1
 38.00  28  64 4.22E+01                                                    1
 39.00  28  64 4.07E+01                                                    1
  3.00  28  63 5.39E-02                                                    1
  4.00  28  63 9.28E-01                                                    1
  5.00  28  63 3.44E+00                                                    1
  6.00  28  63 6.16E+00                                                    1
  7.00  28  63 9.30E+00                                                    1
  8.00  28  63 1.06E+01                                                    1
  9.00  28  63 8.43E+00                                                    1
 10.00  28  63 6.90E+00                                                    1
 11.00  28  63 5.01E+00                                                    1
 12.00  28  63 3.34E+00                                                    1
 13.00  28  63 2.90E+00                                                    1
 14.00  28  63 1.69E+00                                                    1
 15.00  28  63 1.35E+00                                                    1
 16.00  28  63 8.28E-01                                                    1
 17.00  28  63 5.61E-01                                                    1
 18.00  28  63 3.96E-01                                                    1
 19.00  28  63 5.12E-01                                                    1
 20.00  28  63 4.36E-01                                                    1
 21.00  28  63 4.40E-01                                                    1
 22.00  28  63 5.91E-01                                                    1
 23.00  28  63 6.94E-01                                                    1
 24.00  28  63 9.14E-01                                                    1
 25.00  28  63 1.29E+00                                                    1
 26.00  28  63 1.71E+00                                                    1
 27.00  28  63 1.80E+00                                                    1
 28.00  28  63 2.60E+00                                                    1
 29.00  28  63 2.67E+00                                                    1
 30.00  28  63 3.36E+00                                                    1
 31.00  28  63 4.23E+00                                                    1
 32.00  28  63 4.83E+00                                                    1
 33.00  28  63 7.10E+00                                                    1
 34.00  28  63 8.56E+00                                                    1
 35.00  28  63 1.18E+01                                                    1
 36.00  28  63 1.63E+01                                                    1
 37.00  28  63 1.99E+01                                                    1
 38.00  28  63 2.39E+01                                                    1
 39.00  28  63 2.90E+01                                                    1
  4.00  28  62 1.10E-03                                                    1
  5.00  28  62 2.39E-02                                                    1
  6.00  28  62 1.08E+01                                                    1
  7.00  28  62 2.78E+01                                                    1
  8.00  28  62 4.20E+01                                                    1
  9.00  28  62 5.66E+01                                                    1
 10.00  28  62 6.84E+01                                                    1
 11.00  28  62 8.23E+01                                                    1
 12.00  28  62 8.90E+01                                                    1
 13.00  28  62 9.71E+01                                                    1
 14.00  28  62 1.05E+02                                                    1
 15.00  28  62 1.09E+02                                                    1
 16.00  28  62 1.12E+02                                                    1
 17.00  28  62 1.18E+02                                                    1
 18.00  28  62 1.24E+02                                                    1
 19.00  28  62 1.23E+02                                                    1
 20.00  28  62 1.18E+02                                                    1
 21.00  28  62 1.11E+02                                                    1
 22.00  28  62 1.01E+02                                                    1
 23.00  28  62 9.39E+01                                                    1
 24.00  28  62 8.43E+01                                                    1
 25.00  28  62 7.31E+01                                                    1
 26.00  28  62 6.29E+01                                                    1
 27.00  28  62 5.57E+01                                                    1
 28.00  28  62 4.87E+01                                                    1
 29.00  28  62 4.29E+01                                                    1
 30.00  28  62 3.80E+01                                                    1
 31.00  28  62 3.53E+01                                                    1
 32.00  28  62 3.11E+01                                                    1
 33.00  28  62 3.08E+01                                                    1
 34.00  28  62 2.87E+01                                                    1
 35.00  28  62 2.71E+01                                                    1
 36.00  28  62 2.70E+01                                                    1
 37.00  28  62 2.67E+01                                                    1
 38.00  28  62 2.82E+01                                                    1
 39.00  28  62 2.79E+01                                                    1
 15.00  28  61 1.50E-02                                                    1
 17.00  28  61 1.25E-01                                                    1
 18.00  28  61 1.09E+00                                                    1
 19.00  28  61 3.28E+00                                                    1
 20.00  28  61 9.89E+00                                                    1
 21.00  28  61 1.92E+01                                                    1
 22.00  28  61 3.02E+01                                                    1
 23.00  28  61 4.37E+01                                                    1
 24.00  28  61 5.83E+01                                                    1
 25.00  28  61 7.00E+01                                                    1
 26.00  28  61 8.24E+01                                                    1
 27.00  28  61 9.16E+01                                                    1
 28.00  28  61 1.00E+02                                                    1
 29.00  28  61 1.03E+02                                                    1
 30.00  28  61 1.02E+02                                                    1
 31.00  28  61 1.05E+02                                                    1
 32.00  28  61 1.01E+02                                                    1
 33.00  28  61 9.29E+01                                                    1
 34.00  28  61 8.59E+01                                                    1
 35.00  28  61 7.68E+01                                                    1
 36.00  28  61 6.71E+01                                                    1
 37.00  28  61 5.93E+01                                                    1
 38.00  28  61 5.38E+01                                                    1
 39.00  28  61 4.62E+01                                                    1
 25.00  28  60 5.01E-02                                                    1
 26.00  28  60 5.20E-01                                                    1
 27.00  28  60 3.10E+00                                                    1
 28.00  28  60 6.97E+00                                                    1
 29.00  28  60 1.38E+01                                                    1
 30.00  28  60 2.30E+01                                                    1
 31.00  28  60 3.47E+01                                                    1
 32.00  28  60 4.70E+01                                                    1
 33.00  28  60 5.94E+01                                                    1
 34.00  28  60 7.24E+01                                                    1
 35.00  28  60 8.17E+01                                                    1
 36.00  28  60 9.23E+01                                                    1
 37.00  28  60 9.95E+01                                                    1
 38.00  28  60 1.05E+02                                                    1
 39.00  28  60 1.12E+02                                                    1
 37.00  28  59 1.71E-02                                                    1
 37.00  27  64 1.71E-02                                                    1
 38.00  27  64 3.42E-02                                                    1
 39.00  27  64 3.42E-02                                                    1
 16.00  27  63 3.07E-02                                                    1
 19.00  27  63 3.20E-02                                                    1
 20.00  27  63 1.29E-01                                                    1
 21.00  27  63 6.52E-02                                                    1
 22.00  27  63 1.15E-01                                                    1
 23.00  27  63 9.91E-02                                                    1
 24.00  27  63 2.16E-01                                                    1
 25.00  27  63 1.17E-01                                                    1
 26.00  27  63 1.84E-01                                                    1
 27.00  27  63 2.36E-01                                                    1
 28.00  27  63 2.02E-01                                                    1
 29.00  27  63 3.21E-01                                                    1
 30.00  27  63 2.71E-01                                                    1
 31.00  27  63 3.91E-01                                                    1
 32.00  27  63 4.42E-01                                                    1
 33.00  27  63 5.45E-01                                                    1
 34.00  27  63 6.65E-01                                                    1
 35.00  27  63 5.80E-01                                                    1
 36.00  27  63 6.83E-01                                                    1
 37.00  27  63 5.47E-01                                                    1
 38.00  27  63 7.35E-01                                                    1
 39.00  27  63 8.54E-01                                                    1
  6.00  27  62 1.20E-02 0.00E+00 1.20E-02          1.00E+00            0   2
  7.00  27  62 1.64E-02 0.00E+00 1.64E-02          1.00E+00            0   2
  8.00  27  62 3.94E-02 0.00E+00 3.94E-02          1.00E+00            0   2
  9.00  27  62 4.47E-02 0.00E+00 4.47E-02          1.00E+00            0   2
 10.00  27  62 1.71E-01 0.00E+00 1.71E-01          1.00E+00            0   2
 11.00  27  62 2.21E-01 0.00E+00 2.21E-01          1.00E+00            0   2
 12.00  27  62 3.28E-01 0.00E+00 3.28E-01          1.00E+00            0   2
 13.00  27  62 2.56E-01 0.00E+00 2.56E-01          1.00E+00            0   2
 14.00  27  62 3.81E-01 0.00E+00 3.81E-01          1.00E+00            0   2
 15.00  27  62 6.61E-01 0.00E+00 6.61E-01          1.00E+00            0   2
 16.00  27  62 6.14E-01 0.00E+00 6.14E-01          1.00E+00            0   2
 17.00  27  62 7.17E-01 0.00E+00 7.17E-01          1.00E+00            0   2
 18.00  27  62 1.25E+00 0.00E+00 1.25E+00          1.00E+00            0   2
 19.00  27  62 1.33E+00 0.00E+00 1.33E+00          1.00E+00            0   2
 20.00  27  62 1.66E+00 0.00E+00 1.66E+00          1.00E+00            0   2
 21.00  27  62 2.28E+00 8.15E-03 2.27E+00          9.96E-01            0   2
 22.00  27  62 2.58E+00 0.00E+00 2.58E+00          1.00E+00            0   2
 23.00  27  62 3.15E+00 1.65E-02 3.14E+00          9.95E-01            0   2
 24.00  27  62 3.74E+00 0.00E+00 3.74E+00          1.00E+00            0   2
 25.00  27  62 3.89E+00 8.35E-03 3.88E+00          9.98E-01            0   2
 26.00  27  62 4.39E+00 1.68E-02 4.38E+00          9.96E-01            0   2
 27.00  27  62 5.06E+00 2.52E-02 5.04E+00          9.95E-01            0   2
 28.00  27  62 4.89E+00 0.00E+00 4.89E+00          1.00E+00            0   2
 29.00  27  62 4.78E+00 3.38E-02 4.75E+00          9.93E-01            0   2
 30.00  27  62 5.58E+00 0.00E+00 5.58E+00          1.00E+00            0   2
 31.00  27  62 4.87E+00 0.00E+00 4.87E+00          1.00E+00            0   2
 32.00  27  62 4.95E+00 0.00E+00 4.95E+00          1.00E+00            0   2
 33.00  27  62 4.84E+00 0.00E+00 4.84E+00          1.00E+00            0   2
 34.00  27  62 4.38E+00 0.00E+00 4.38E+00          1.00E+00            0   2
 35.00  27  62 4.76E+00 0.00E+00 4.76E+00          1.00E+00            0   2
 36.00  27  62 4.90E+00 0.00E+00 4.90E+00          1.00E+00            0   2
 37.00  27  62 5.04E+00 0.00E+00 5.04E+00          1.00E+00            0   2
 38.00  27  62 4.87E+00 0.00E+00 4.87E+00          1.00E+00            0   2
 39.00  27  62 5.11E+00 0.00E+00 5.11E+00          1.00E+00            0   2
 14.00  27  61 2.93E-02                                                    1
 15.00  27  61 1.50E-02                                                    1
 16.00  27  61 4.60E-02                                                    1
 17.00  27  61 6.24E-02                                                    1
 18.00  27  61 6.33E-02                                                    1
 19.00  27  61 1.44E-01                                                    1
 20.00  27  61 1.62E-01                                                    1
 21.00  27  61 3.59E-01                                                    1
 22.00  27  61 3.12E-01                                                    1
 23.00  27  61 5.29E-01                                                    1
 24.00  27  61 1.06E+00                                                    1
 25.00  27  61 1.60E+00                                                    1
 26.00  27  61 2.75E+00                                                    1
 27.00  27  61 4.42E+00                                                    1
 28.00  27  61 5.68E+00                                                    1
 29.00  27  61 7.95E+00                                                    1
 30.00  27  61 1.06E+01                                                    1
 31.00  27  61 1.23E+01                                                    1
 32.00  27  61 1.55E+01                                                    1
 33.00  27  61 1.90E+01                                                    1
 34.00  27  61 2.19E+01                                                    1
 35.00  27  61 2.40E+01                                                    1
 36.00  27  61 2.76E+01                                                    1
 37.00  27  61 2.91E+01                                                    1
 38.00  27  61 3.11E+01                                                    1
 39.00  27  61 3.21E+01                                                    1
 23.00  27  60 3.30E-02 3.30E-02 0.00E+00          0.00E+00            0   2
 25.00  27  60 1.67E-02 1.67E-02 0.00E+00          0.00E+00            0   2
 27.00  27  60 1.68E-02 1.68E-02 0.00E+00          0.00E+00            0   2
 29.00  27  60 3.38E-02 3.38E-02 0.00E+00          0.00E+00            0   2
 30.00  27  60 1.70E-02 1.70E-02 0.00E+00          0.00E+00            0   2
 31.00  27  60 6.79E-02 6.79E-02 0.00E+00          0.00E+00            0   2
 32.00  27  60 5.10E-02 5.10E-02 0.00E+00          0.00E+00            0   2
 33.00  27  60 1.70E-01 1.70E-01 0.00E+00          0.00E+00            0   2
 34.00  27  60 4.26E-01 4.26E-01 0.00E+00          0.00E+00            0   2
 35.00  27  60 1.23E+00 1.23E+00 0.00E+00          0.00E+00            0   2
 36.00  27  60 1.96E+00 1.95E+00 8.53E-03          4.35E-03            0   2
 37.00  27  60 3.71E+00 3.68E+00 2.56E-02          6.91E-03            0   2
 38.00  27  60 6.53E+00 6.51E+00 1.71E-02          2.62E-03            0   2
 39.00  27  60 9.02E+00 8.99E+00 3.42E-02          3.79E-03            0   2
 27.00  27  59 1.68E-02                                                    1
 33.00  27  59 1.70E-02                                                    1
 35.00  27  59 3.41E-02                                                    1
 36.00  27  59 5.12E-02                                                    1
 37.00  27  59 6.83E-02                                                    1
 38.00  27  59 1.71E-02                                                    1
 39.00  27  59 1.71E-02                                                    1
 33.00  26  61 1.70E-02                                                    1
 34.00  26  61 5.11E-02                                                    1
 35.00  26  61 8.53E-02                                                    1
 36.00  26  61 3.41E-02                                                    1
 37.00  26  61 1.54E-01                                                    1
 38.00  26  61 1.71E-01                                                    1
 39.00  26  61 1.88E-01                                                    1
 25.00  26  60 1.67E-02                                                    1
 30.00  26  60 1.70E-02                                                    1
 33.00  26  60 3.41E-02                                                    1
 34.00  26  60 1.70E-02                                                    1
 35.00  26  60 1.71E-02                                                    1
 36.00  26  60 1.71E-02                                                    1
 37.00  26  60 1.71E-02                                                    1
 38.00  26  60 6.84E-02                                                    1
 39.00  26  60 2.56E-01                                                    1
 15.00  26  59 1.50E-02                                                    1
 16.00  26  59 1.53E-02                                                    1
 17.00  26  59 3.12E-02                                                    1
 18.00  26  59 1.42E-01                                                    1
 19.00  26  59 1.76E-01                                                    1
 20.00  26  59 5.65E-01                                                    1
 21.00  26  59 7.50E-01                                                    1
 22.00  26  59 1.13E+00                                                    1
 23.00  26  59 1.62E+00                                                    1
 24.00  26  59 2.31E+00                                                    1
 25.00  26  59 2.44E+00                                                    1
 26.00  26  59 2.01E+00                                                    1
 27.00  26  59 2.34E+00                                                    1
 28.00  26  59 2.31E+00                                                    1
 29.00  26  59 2.25E+00                                                    1
 30.00  26  59 1.97E+00                                                    1
 31.00  26  59 1.36E+00                                                    1
 32.00  26  59 1.39E+00                                                    1
 33.00  26  59 1.12E+00                                                    1
 34.00  26  59 8.35E-01                                                    1
 35.00  26  59 6.48E-01                                                    1
 36.00  26  59 7.17E-01                                                    1
 37.00  26  59 5.98E-01                                                    1
 38.00  26  59 5.64E-01                                                    1
 39.00  26  59 3.76E-01                                                    1
 22.00  26  58 3.28E-02                                                    1
 23.00  26  58 3.30E-01                                                    1
 24.00  26  58 7.15E-01                                                    1
 25.00  26  58 1.34E+00                                                    1
 26.00  26  58 2.67E+00                                                    1
 27.00  26  58 4.12E+00                                                    1
 28.00  26  58 5.92E+00                                                    1
 29.00  26  58 7.45E+00                                                    1
 30.00  26  58 1.06E+01                                                    1
 31.00  26  58 1.29E+01                                                    1
 32.00  26  58 1.48E+01                                                    1
 33.00  26  58 1.75E+01                                                    1
 34.00  26  58 2.03E+01                                                    1
 35.00  26  58 2.33E+01                                                    1
 36.00  26  58 2.29E+01                                                    1
 37.00  26  58 2.55E+01                                                    1
 38.00  26  58 2.60E+01                                                    1
 39.00  26  58 2.62E+01                                                    1
 32.00  26  57 1.70E-02                                                    1
 34.00  26  57 8.52E-02                                                    1
 35.00  26  57 4.78E-01                                                    1
 36.00  26  57 9.73E-01                                                    1
 37.00  26  57 2.14E+00                                                    1
 38.00  26  57 3.61E+00                                                    1
 39.00  26  57 5.28E+00                                                    1
 34.00  25  58 1.70E-02 1.70E-02 0.00E+00          0.00E+00            0   2
 37.00  25  58 3.42E-02 3.42E-02 0.00E+00          0.00E+00            0   2
 38.00  25  58 3.42E-02 3.42E-02 0.00E+00          0.00E+00            0   2
 39.00  25  58 8.54E-02 8.54E-02 0.00E+00          0.00E+00            0   2
 36.00  24  55 1.71E-02                                                    1
 38.00  24  55 3.42E-02                                                    1
 39.00  24  55 3.42E-02                                                    1
 38.00  24  54 1.71E-02                                                    1
 39.00  24  54 1.71E-02                                                    1