  Ebeam  Z   A   Total    grnd st  isomer1 isomer2  isomer1  isomer2  didl nolevs
  (MeV)           cs.      cs.      cs.     cs.     to total to total
  3.00  29  59 3.71E+00                                                    1
  4.00  29  59 4.00E+01                                                    1
  5.00  29  59 1.28E+02                                                    1
  6.00  29  59 2.09E+02                                                    1
  7.00  29  59 2.35E+02                                                    1
  8.00  29  59 2.27E+02                                                    1
  9.00  29  59 2.18E+02                                                    1
 10.00  29  59 2.04E+02                                                    1
 11.00  29  59 1.98E+02                                                    1
 12.00  29  59 1.90E+02                                                    1
 13.00  29  59 1.83E+02                                                    1
 14.00  29  59 1.81E+02                                                    1
 15.00  29  59 1.78E+02                                                    1
 16.00  29  59 1.70E+02                                                    1
 17.00  29  59 1.69E+02                                                    1
 18.00  29  59 1.65E+02                                                    1
 19.00  29  59 1.60E+02                                                    1
 20.00  29  59 1.61E+02                                                    1
 21.00  29  59 1.52E+02                                                    1
 22.00  29  59 1.50E+02                                                    1
 23.00  29  59 1.45E+02                                                    1
 24.00  29  59 1.42E+02                                                    1
 25.00  29  59 1.37E+02                                                    1
 26.00  29  59 1.36E+02                                                    1
 27.00  29  59 1.30E+02                                                    1
 28.00  29  59 1.28E+02                                                    1
 29.00  29  59 1.25E+02                                                    1
 30.00  29  59 1.23E+02                                                    1
 31.00  29  59 1.17E+02                                                    1
 32.00  29  59 1.16E+02                                                    1
 33.00  29  59 1.17E+02                                                    1
 34.00  29  59 1.13E+02                                                    1
 35.00  29  59 1.10E+02                                                    1
 36.00  29  59 1.06E+02                                                    1
 37.00  29  59 1.04E+02                                                    1
 38.00  29  59 1.03E+02                                                    1
 39.00  29  59 9.85E+01                                                    1
 13.00  29  58 2.75E-02                                                    1
 14.00  29  58 3.12E-01                                                    1
 15.00  29  58 1.33E+00                                                    1
 16.00  29  58 3.71E+00                                                    1
 17.00  29  58 7.62E+00                                                    1
 18.00  29  58 1.16E+01                                                    1
 19.00  29  58 1.70E+01                                                    1
 20.00  29  58 2.12E+01                                                    1
 21.00  29  58 2.24E+01                                                    1
 22.00  29  58 2.14E+01                                                    1
 23.00  29  58 2.20E+01                                                    1
 24.00  29  58 2.01E+01                                                    1
 25.00  29  58 1.78E+01                                                    1
 26.00  29  58 1.61E+01                                                    1
 27.00  29  58 1.34E+01                                                    1
 28.00  29  58 1.31E+01                                                    1
 29.00  29  58 1.17E+01                                                    1
 30.00  29  58 1.04E+01                                                    1
 31.00  29  58 9.58E+00                                                    1
 32.00  29  58 9.02E+00                                                    1
 33.00  29  58 8.47E+00                                                    1
 34.00  29  58 8.35E+00                                                    1
 35.00  29  58 7.46E+00                                                    1
 36.00  29  58 7.43E+00                                                    1
 37.00  29  58 7.08E+00                                                    1
 38.00  29  58 7.33E+00                                                    1
 39.00  29  58 6.79E+00                                                    1
 27.00  29  57 1.62E-02                                                    1
 28.00  29  57 1.30E-01                                                    1
 29.00  29  57 4.06E-01                                                    1
 30.00  29  57 1.11E+00                                                    1
 31.00  29  57 2.43E+00                                                    1
 32.00  29  57 4.51E+00                                                    1
 33.00  29  57 5.74E+00                                                    1
 34.00  29  57 7.27E+00                                                    1
 35.00  29  57 8.73E+00                                                    1
 36.00  29  57 8.88E+00                                                    1
 37.00  29  57 9.56E+00                                                    1
 38.00  29  57 7.97E+00                                                    1
 39.00  29  57 7.86E+00                                                    1
  3.00  28  59 8.36E+00                                                    1
  4.00  28  59 7.57E+01                                                    1
  5.00  28  59 2.12E+02                                                    1
  6.00  28  59 3.50E+02                                                    1
  7.00  28  59 4.36E+02                                                    1
  8.00  28  59 4.57E+02                                                    1
  9.00  28  59 4.26E+02                                                    1
 10.00  28  59 3.91E+02                                                    1
 11.00  28  59 3.53E+02                                                    1
 12.00  28  59 3.27E+02                                                    1
 13.00  28  59 3.11E+02                                                    1
 14.00  28  59 2.95E+02                                                    1
 15.00  28  59 2.82E+02                                                    1
 16.00  28  59 2.71E+02                                                    1
 17.00  28  59 2.59E+02                                                    1
 18.00  28  59 2.52E+02                                                    1
 19.00  28  59 2.44E+02                                                    1
 20.00  28  59 2.37E+02                                                    1
 21.00  28  59 2.33E+02                                                    1
 22.00  28  59 2.24E+02                                                    1
 23.00  28  59 2.17E+02                                                    1
 24.00  28  59 2.13E+02                                                    1
 25.00  28  59 2.07E+02                                                    1
 26.00  28  59 1.99E+02                                                    1
 27.00  28  59 1.98E+02                                                    1
 28.00  28  59 1.93E+02                                                    1
 29.00  28  59 1.84E+02                                                    1
 30.00  28  59 1.81E+02                                                    1
 31.00  28  59 1.76E+02                                                    1
 32.00  28  59 1.73E+02                                                    1
 33.00  28  59 1.67E+02                                                    1
 34.00  28  59 1.67E+02                                                    1
 35.00  28  59 1.61E+02                                                    1
 36.00  28  59 1.57E+02                                                    1
 37.00  28  59 1.53E+02                                                    1
 38.00  28  59 1.53E+02                                                    1
 39.00  28  59 1.45E+02                                                    1
  6.00  28  58 2.04E+01                                                    1
  7.00  28  58 1.10E+02                                                    1
  8.00  28  58 2.51E+02                                                    1
  9.00  28  58 4.11E+02                                                    1
 10.00  28  58 5.57E+02                                                    1
 11.00  28  58 6.72E+02                                                    1
 12.00  28  58 7.61E+02                                                    1
 13.00  28  58 8.26E+02                                                    1
 14.00  28  58 8.74E+02                                                    1
 15.00  28  58 9.04E+02                                                    1
 16.00  28  58 9.35E+02                                                    1
 17.00  28  58 9.48E+02                                                    1
 18.00  28  58 9.53E+02                                                    1
 19.00  28  58 9.49E+02                                                    1
 20.00  28  58 9.26E+02                                                    1
 21.00  28  58 8.92E+02                                                    1
 22.00  28  58 8.50E+02                                                    1
 23.00  28  58 7.97E+02                                                    1
 24.00  28  58 7.53E+02                                                    1
 25.00  28  58 7.06E+02                                                    1
 26.00  28  58 6.68E+02                                                    1
 27.00  28  58 6.40E+02                                                    1
 28.00  28  58 6.08E+02                                                    1
 29.00  28  58 5.89E+02                                                    1
 30.00  28  58 5.70E+02                                                    1
 31.00  28  58 5.56E+02                                                    1
 32.00  28  58 5.46E+02                                                    1
 33.00  28  58 5.28E+02                                                    1
 34.00  28  58 5.20E+02                                                    1
 35.00  28  58 5.14E+02                                                    1
 36.00  28  58 5.14E+02                                                    1
 37.00  28  58 5.00E+02                                                    1
 38.00  28  58 4.93E+02                                                    1
 39.00  28  58 4.93E+02                                                    1
  7.00  28  57 3.21E-02                                                    1
  8.00  28  57 9.61E-02                                                    1
  9.00  28  57 1.63E-01                                                    1
 10.00  28  57 3.32E-01                                                    1
 11.00  28  57 5.55E-01                                                    1
 12.00  28  57 7.28E-01                                                    1
 13.00  28  57 1.06E+00                                                    1
 14.00  28  57 1.53E+00                                                    1
 15.00  28  57 1.83E+00                                                    1
 16.00  28  57 2.43E+00                                                    1
 17.00  28  57 2.68E+00                                                    1
 18.00  28  57 3.25E+00                                                    1
 19.00  28  57 4.26E+00                                                    1
 20.00  28  57 7.63E+00                                                    1
 21.00  28  57 1.47E+01                                                    1
 22.00  28  57 2.76E+01                                                    1
 23.00  28  57 4.47E+01                                                    1
 24.00  28  57 6.34E+01                                                    1
 25.00  28  57 8.83E+01                                                    1
 26.00  28  57 1.09E+02                                                    1
 27.00  28  57 1.27E+02                                                    1
 28.00  28  57 1.46E+02                                                    1
 29.00  28  57 1.67E+02                                                    1
 30.00  28  57 1.81E+02                                                    1
 31.00  28  57 1.94E+02                                                    1
 32.00  28  57 2.01E+02                                                    1
 33.00  28  57 2.04E+02                                                    1
 34.00  28  57 2.07E+02                                                    1
 35.00  28  57 2.03E+02                                                    1
 36.00  28  57 1.93E+02                                                    1
 37.00  28  57 1.86E+02                                                    1
 38.00  28  57 1.75E+02                                                    1
 39.00  28  57 1.69E+02                                                    1
 13.00  28  56 1.37E-02                                                    1
 14.00  28  56 1.42E-02                                                    1
 16.00  28  56 2.96E-02                                                    1
 18.00  28  56 1.52E-02                                                    1
 19.00  28  56 6.17E-02                                                    1
 20.00  28  56 1.56E-01                                                    1
 21.00  28  56 9.42E-02                                                    1
 22.00  28  56 1.26E-01                                                    1
 23.00  28  56 2.23E-01                                                    1
 24.00  28  56 1.76E-01                                                    1
 25.00  28  56 4.34E-01                                                    1
 26.00  28  56 4.19E-01                                                    1
 27.00  28  56 5.34E-01                                                    1
 28.00  28  56 4.38E-01                                                    1
 29.00  28  56 8.29E-01                                                    1
 30.00  28  56 8.63E-01                                                    1
 31.00  28  56 1.42E+00                                                    1
 32.00  28  56 2.68E+00                                                    1
 33.00  28  56 5.87E+00                                                    1
 34.00  28  56 1.18E+01                                                    1
 35.00  28  56 2.04E+01                                                    1
 36.00  28  56 3.02E+01                                                    1
 37.00  28  56 4.40E+01                                                    1
 38.00  28  56 5.65E+01                                                    1
 39.00  28  56 6.97E+01                                                    1
 38.00  28  55 1.64E-02                                                    1
  8.00  27  58 1.92E-02 9.61E-03 9.61E-03          5.00E-01            0   2
  9.00  27  58 1.52E-01 5.43E-03 1.47E-01          9.64E-01            0   2
 10.00  27  58 5.81E-01 1.13E-01 4.68E-01          8.06E-01            0   2
 11.00  27  58 2.06E+00 4.48E-01 1.61E+00          7.82E-01            0   2
 12.00  27  58 5.44E+00 1.14E+00 4.30E+00          7.91E-01            0   2
 13.00  27  58 1.14E+01 2.10E+00 9.26E+00          8.15E-01            0   2
 14.00  27  58 1.83E+01 3.07E+00 1.52E+01          8.32E-01            0   2
 15.00  27  58 2.84E+01 4.00E+00 2.44E+01          8.59E-01            0   2
 16.00  27  58 3.80E+01 4.82E+00 3.32E+01          8.73E-01            0   2
 17.00  27  58 4.89E+01 5.83E+00 4.31E+01          8.81E-01            0   2
 18.00  27  58 5.86E+01 6.96E+00 5.17E+01          8.81E-01            0   2
 19.00  27  58 6.87E+01 7.84E+00 6.08E+01          8.86E-01            0   2
 20.00  27  58 7.67E+01 7.82E+00 6.88E+01          8.98E-01            0   2
 21.00  27  58 8.20E+01 8.26E+00 7.37E+01          8.99E-01            0   2
 22.00  27  58 8.46E+01 9.31E+00 7.53E+01          8.90E-01            0   2
 23.00  27  58 8.06E+01 7.99E+00 7.27E+01          9.01E-01            0   2
 24.00  27  58 7.78E+01 7.54E+00 7.02E+01          9.03E-01            0   2
 25.00  27  58 7.21E+01 6.54E+00 6.56E+01          9.09E-01            0   2
 26.00  27  58 6.63E+01 6.37E+00 5.99E+01          9.04E-01            0   2
 27.00  27  58 6.04E+01 5.99E+00 5.44E+01          9.01E-01            0   2
 28.00  27  58 5.41E+01 5.09E+00 4.90E+01          9.06E-01            0   2
 29.00  27  58 5.03E+01 4.77E+00 4.55E+01          9.05E-01            0   2
 30.00  27  58 4.41E+01 4.09E+00 4.00E+01          9.07E-01            0   2
 31.00  27  58 4.02E+01 3.60E+00 3.66E+01          9.10E-01            0   2
 32.00  27  58 3.79E+01 3.69E+00 3.42E+01          9.02E-01            0   2
 33.00  27  58 3.65E+01 3.76E+00 3.28E+01          8.97E-01            0   2
 34.00  27  58 3.31E+01 3.01E+00 3.01E+01          9.09E-01            0   2
 35.00  27  58 3.16E+01 3.20E+00 2.84E+01          8.99E-01            0   2
 36.00  27  58 3.02E+01 3.12E+00 2.71E+01          8.97E-01            0   2
 37.00  27  58 2.90E+01 2.77E+00 2.62E+01          9.04E-01            0   2
 38.00  27  58 2.76E+01 2.75E+00 2.48E+01          9.00E-01            0   2
 39.00  27  58 2.64E+01 2.53E+00 2.39E+01          9.04E-01            0   2
  7.00  27  57 4.01E-02                                                    1
  8.00  27  57 8.65E-02                                                    1
  9.00  27  57 1.52E-01                                                    1
 10.00  27  57 3.56E-01                                                    1
 11.00  27  57 5.93E-01                                                    1
 12.00  27  57 9.40E-01                                                    1
 13.00  27  57 1.22E+00                                                    1
 14.00  27  57 1.23E+00                                                    1
 15.00  27  57 2.12E+00                                                    1
 16.00  27  57 3.06E+00                                                    1
 17.00  27  57 3.55E+00                                                    1
 18.00  27  57 6.76E+00                                                    1
 19.00  27  57 1.86E+01                                                    1
 20.00  27  57 4.37E+01                                                    1
 21.00  27  57 8.17E+01                                                    1
 22.00  27  57 1.25E+02                                                    1
 23.00  27  57 1.78E+02                                                    1
 24.00  27  57 2.17E+02                                                    1
 25.00  27  57 2.56E+02                                                    1
 26.00  27  57 2.87E+02                                                    1
 27.00  27  57 3.11E+02                                                    1
 28.00  27  57 3.31E+02                                                    1
 29.00  27  57 3.40E+02                                                    1
 30.00  27  57 3.47E+02                                                    1
 31.00  27  57 3.52E+02                                                    1
 32.00  27  57 3.46E+02                                                    1
 33.00  27  57 3.42E+02                                                    1
 34.00  27  57 3.32E+02                                                    1
 35.00  27  57 3.16E+02                                                    1
 36.00  27  57 3.07E+02                                                    1
 37.00  27  57 2.93E+02                                                    1
 38.00  27  57 2.77E+02                                                    1
 39.00  27  57 2.61E+02                                                    1
  3.00  27  56 1.41E-01                                                    1
  4.00  27  56 2.01E+00                                                    1
  5.00  27  56 7.65E+00                                                    1
  6.00  27  56 1.62E+01                                                    1
  7.00  27  56 2.16E+01                                                    1
  8.00  27  56 2.61E+01                                                    1
  9.00  27  56 3.15E+01                                                    1
 10.00  27  56 3.05E+01                                                    1
 11.00  27  56 2.81E+01                                                    1
 12.00  27  56 2.49E+01                                                    1
 13.00  27  56 1.85E+01                                                    1
 14.00  27  56 1.31E+01                                                    1
 15.00  27  56 8.69E+00                                                    1
 16.00  27  56 6.07E+00                                                    1
 17.00  27  56 3.70E+00                                                    1
 18.00  27  56 2.93E+00                                                    1
 19.00  27  56 1.91E+00                                                    1
 20.00  27  56 1.34E+00                                                    1
 21.00  27  56 1.15E+00                                                    1
 22.00  27  56 8.85E-01                                                    1
 23.00  27  56 1.10E+00                                                    1
 24.00  27  56 1.28E+00                                                    1
 25.00  27  56 1.25E+00                                                    1
 26.00  27  56 1.76E+00                                                    1
 27.00  27  56 1.86E+00                                                    1
 28.00  27  56 2.30E+00                                                    1
 29.00  27  56 2.67E+00                                                    1
 30.00  27  56 2.96E+00                                                    1
 31.00  27  56 4.41E+00                                                    1
 32.00  27  56 5.10E+00                                                    1
 33.00  27  56 8.06E+00                                                    1
 34.00  27  56 1.05E+01                                                    1
 35.00  27  56 1.39E+01                                                    1
 36.00  27  56 1.90E+01                                                    1
 37.00  27  56 2.39E+01                                                    1
 38.00  27  56 2.94E+01                                                    1
 39.00  27  56 3.51E+01                                                    1
  6.00  27  55 5.96E-03                                                    1
  7.00  27  55 1.61E-02                                                    1
  8.00  27  55 1.92E-02                                                    1
  9.00  27  55 1.09E-02                                                    1
 10.00  27  55 1.66E-01                                                    1
 11.00  27  55 2.14E-01                                                    1
 12.00  27  55 4.77E-01                                                    1
 13.00  27  55 1.41E+00                                                    1
 14.00  27  55 3.95E+00                                                    1
 15.00  27  55 7.10E+00                                                    1
 16.00  27  55 1.00E+01                                                    1
 17.00  27  55 1.58E+01                                                    1
 18.00  27  55 1.88E+01                                                    1
 19.00  27  55 2.23E+01                                                    1
 20.00  27  55 2.37E+01                                                    1
 21.00  27  55 2.63E+01                                                    1
 22.00  27  55 2.76E+01                                                    1
 23.00  27  55 2.66E+01                                                    1
 24.00  27  55 2.53E+01                                                    1
 25.00  27  55 2.33E+01                                                    1
 26.00  27  55 2.07E+01                                                    1
 27.00  27  55 1.84E+01                                                    1
 28.00  27  55 1.69E+01                                                    1
 29.00  27  55 1.55E+01                                                    1
 30.00  27  55 1.43E+01                                                    1
 31.00  27  55 1.26E+01                                                    1
 32.00  27  55 1.18E+01                                                    1
 33.00  27  55 1.06E+01                                                    1
 34.00  27  55 1.05E+01                                                    1
 35.00  27  55 1.01E+01                                                    1
 36.00  27  55 9.98E+00                                                    1
 37.00  27  55 1.04E+01                                                    1
 38.00  27  55 1.00E+01                                                    1
 39.00  27  55 9.76E+00                                                    1
 25.00  27  54 1.61E-02 0.00E+00 1.61E-02          1.00E+00            0   2
 26.00  27  54 1.61E-02 0.00E+00 1.61E-02          1.00E+00            0   2
 29.00  27  54 3.25E-02 0.00E+00 3.25E-02          1.00E+00            0   2
 30.00  27  54 4.88E-02 0.00E+00 4.88E-02          1.00E+00            0   2
 31.00  27  54 1.47E-01 0.00E+00 1.47E-01          1.00E+00            0   2
 32.00  27  54 4.41E-01 0.00E+00 4.41E-01          1.00E+00            0   2
 33.00  27  54 8.99E-01 4.09E-02 8.58E-01          9.55E-01            0   2
 34.00  27  54 1.24E+00 7.37E-02 1.17E+00          9.41E-01            0   2
 35.00  27  54 1.62E+00 1.31E-01 1.49E+00          9.19E-01            0   2
 36.00  27  54 1.56E+00 9.83E-02 1.46E+00          9.37E-01            0   2
 37.00  27  54 2.43E+00 9.84E-02 2.33E+00          9.59E-01            0   2
 38.00  27  54 2.46E+00 4.92E-02 2.41E+00          9.80E-01            0   2
 39.00  27  54 3.41E+00 1.48E-01 3.27E+00          9.57E-01            0   2
 20.00  26  57 1.56E-02                                                    1
 21.00  26  57 9.42E-02                                                    1
 22.00  26  57 2.21E-01                                                    1
 23.00  26  57 4.61E-01                                                    1
 24.00  26  57 1.20E+00                                                    1
 25.00  26  57 2.30E+00                                                    1
 26.00  26  57 4.21E+00                                                    1
 27.00  26  57 5.55E+00                                                    1
 28.00  26  57 8.38E+00                                                    1
 29.00  26  57 1.25E+01                                                    1
 30.00  26  57 1.47E+01                                                    1
 31.00  26  57 1.91E+01                                                    1
 32.00  26  57 2.17E+01                                                    1
 33.00  26  57 2.50E+01                                                    1
 34.00  26  57 2.73E+01                                                    1
 35.00  26  57 2.94E+01                                                    1
 36.00  26  57 3.01E+01                                                    1
 37.00  26  57 3.00E+01                                                    1
 38.00  26  57 3.03E+01                                                    1
 39.00  26  57 2.95E+01                                                    1
 16.00  26  56 2.96E-02                                                    1
 17.00  26  56 3.01E-02                                                    1
 18.00  26  56 1.52E-02                                                    1
 19.00  26  56 4.63E-02                                                    1
 20.00  26  56 1.09E-01                                                    1
 21.00  26  56 2.36E-01                                                    1
 22.00  26  56 3.16E-01                                                    1
 23.00  26  56 3.97E-01                                                    1
 24.00  26  56 6.40E-01                                                    1
 25.00  26  56 6.26E-01                                                    1
 26.00  26  56 8.54E-01                                                    1
 27.00  26  56 1.10E+00                                                    1
 28.00  26  56 1.35E+00                                                    1
 29.00  26  56 2.11E+00                                                    1
 30.00  26  56 4.09E+00                                                    1
 31.00  26  56 8.09E+00                                                    1
 32.00  26  56 1.46E+01                                                    1
 33.00  26  56 2.34E+01                                                    1
 34.00  26  56 3.51E+01                                                    1
 35.00  26  56 5.23E+01                                                    1
 36.00  26  56 6.52E+01                                                    1
 37.00  26  56 8.27E+01                                                    1
 38.00  26  56 1.01E+02                                                    1
 39.00  26  56 1.18E+02                                                    1
  6.00  26  55 1.19E-02                                                    1
  7.00  26  55 2.41E-02                                                    1
  8.00  26  55 3.85E-02                                                    1
  9.00  26  55 2.83E-01                                                    1
 10.00  26  55 1.66E+00                                                    1
 11.00  26  55 6.14E+00                                                    1
 12.00  26  55 1.36E+01                                                    1
 13.00  26  55 2.00E+01                                                    1
 14.00  26  55 2.76E+01                                                    1
 15.00  26  55 3.66E+01                                                    1
 16.00  26  55 4.12E+01                                                    1
 17.00  26  55 4.47E+01                                                    1
 18.00  26  55 5.22E+01                                                    1
 19.00  26  55 5.65E+01                                                    1
 20.00  26  55 5.88E+01                                                    1
 21.00  26  55 6.33E+01                                                    1
 22.00  26  55 6.50E+01                                                    1
 23.00  26  55 6.68E+01                                                    1
 24.00  26  55 6.78E+01                                                    1
 25.00  26  55 6.50E+01                                                    1
 26.00  26  55 6.00E+01                                                    1
 27.00  26  55 5.75E+01                                                    1
 28.00  26  55 5.16E+01                                                    1
 29.00  26  55 4.34E+01                                                    1
 30.00  26  55 4.10E+01                                                    1
 31.00  26  55 3.64E+01                                                    1
 32.00  26  55 3.33E+01                                                    1
 33.00  26  55 2.96E+01                                                    1
 34.00  26  55 2.83E+01                                                    1
 35.00  26  55 2.58E+01                                                    1
 36.00  26  55 2.52E+01                                                    1
 37.00  26  55 2.43E+01                                                    1
 38.00  26  55 2.32E+01                                                    1
 39.00  26  55 2.21E+01                                                    1
 10.00  26  54 1.19E-02                                                    1
 14.00  26  54 1.42E-02                                                    1
 17.00  26  54 1.50E-02                                                    1
 18.00  26  54 1.52E-02                                                    1
 19.00  26  54 1.08E-01                                                    1
 20.00  26  54 3.58E-01                                                    1
 21.00  26  54 1.32E+00                                                    1
 22.00  26  54 4.00E+00                                                    1
 23.00  26  54 8.52E+00                                                    1
 24.00  26  54 1.62E+01                                                    1
 25.00  26  54 2.65E+01                                                    1
 26.00  26  54 3.90E+01                                                    1
 27.00  26  54 5.13E+01                                                    1
 28.00  26  54 6.45E+01                                                    1
 29.00  26  54 7.74E+01                                                    1
 30.00  26  54 8.82E+01                                                    1
 31.00  26  54 9.77E+01                                                    1
 32.00  26  54 1.04E+02                                                    1
 33.00  26  54 1.14E+02                                                    1
 34.00  26  54 1.15E+02                                                    1
 35.00  26  54 1.18E+02                                                    1
 36.00  26  54 1.18E+02                                                    1
 37.00  26  54 1.21E+02                                                    1
 38.00  26  54 1.19E+02                                                    1
 39.00  26  54 1.15E+02                                                    1
 19.00  26  53 1.54E-02 1.54E-02 0.00E+00          0.00E+00            0   2
 26.00  26  53 1.61E-02 1.61E-02 0.00E+00          0.00E+00            0   2
 30.00  26  53 3.26E-02 3.26E-02 0.00E+00          0.00E+00            0   2
 31.00  26  53 8.16E-02 8.16E-02 0.00E+00          0.00E+00            0   2
 32.00  26  53 1.63E-02 0.00E+00 1.63E-02          1.00E+00            0   2
 33.00  26  53 3.27E-02 1.64E-02 1.64E-02          5.00E-01            0   2
 34.00  26  53 8.19E-02 6.55E-02 1.64E-02          2.00E-01            0   2
 35.00  26  53 6.55E-02 4.92E-02 1.64E-02          2.50E-01            0   2
 36.00  26  53 2.79E-01 1.97E-01 8.20E-02          2.94E-01            0   2
 37.00  26  53 2.13E-01 1.48E-01 6.56E-02          3.08E-01            0   2
 38.00  26  53 7.06E-01 6.56E-01 4.92E-02          6.98E-02            0   2
 39.00  26  53 7.71E-01 6.23E-01 1.48E-01          1.91E-01            0   2
 32.00  25  55 1.63E-02                                                    1
 36.00  25  55 1.64E-02                                                    1
 39.00  25  55 1.64E-02                                                    1
 23.00  25  54 1.59E-02                                                    1
 26.00  25  54 1.13E-01                                                    1
 27.00  25  54 9.71E-02                                                    1
 28.00  25  54 3.24E-01                                                    1
 29.00  25  54 7.15E-01                                                    1
 30.00  25  54 1.45E+00                                                    1
 31.00  25  54 2.35E+00                                                    1
 32.00  25  54 3.17E+00                                                    1
 33.00  25  54 4.61E+00                                                    1
 34.00  25  54 6.29E+00                                                    1
 35.00  25  54 8.64E+00                                                    1
 36.00  25  54 9.82E+00                                                    1
 37.00  25  54 1.18E+01                                                    1
 38.00  25  54 1.36E+01                                                    1
 39.00  25  54 1.52E+01                                                    1
 21.00  25  53 1.57E-02                                                    1
 25.00  25  53 1.61E-02                                                    1
 26.00  25  53 1.61E-02                                                    1
 29.00  25  53 1.63E-02                                                    1
 30.00  25  53 4.88E-02                                                    1
 31.00  25  53 3.26E-02                                                    1
 32.00  25  53 8.17E-02                                                    1
 33.00  25  53 4.91E-02                                                    1
 34.00  25  53 1.80E-01                                                    1
 35.00  25  53 7.21E-01                                                    1
 36.00  25  53 1.31E+00                                                    1
 37.00  25  53 2.23E+00                                                    1
 38.00  25  53 4.30E+00                                                    1
 39.00  25  53 6.66E+00                                                    1
 16.00  25  52 1.48E-02 1.48E-02 0.00E+00          0.00E+00            0   2
 17.00  25  52 1.50E-02 1.50E-02 0.00E+00          0.00E+00            0   2
 18.00  25  52 4.57E-02 4.57E-02 0.00E+00          0.00E+00            0   2
 19.00  25  52 3.09E-02 3.09E-02 0.00E+00          0.00E+00            0   2
 20.00  25  52 2.18E-01 1.95E-01 2.34E-02          1.07E-01            0   2
 21.00  25  52 4.56E-01 4.08E-01 4.71E-02          1.03E-01            0   2
 22.00  25  52 4.27E-01 3.72E-01 5.53E-02          1.30E-01            0   2
 23.00  25  52 7.00E-01 5.72E-01 1.27E-01          1.82E-01            0   2
 24.00  25  52 1.02E+00 9.75E-01 4.80E-02          4.69E-02            0   2
 25.00  25  52 1.54E+00 1.43E+00 1.12E-01          7.29E-02            0   2
 26.00  25  52 1.66E+00 1.48E+00 1.77E-01          1.07E-01            0   2
 27.00  25  52 1.84E+00 1.71E+00 1.29E-01          7.02E-02            0   2
 28.00  25  52 2.17E+00 1.94E+00 2.35E-01          1.08E-01            0   2
 29.00  25  52 2.08E+00 1.93E+00 1.54E-01          7.42E-02            0   2
 30.00  25  52 2.07E+00 1.99E+00 8.14E-02          3.94E-02            0   2
 31.00  25  52 2.33E+00 2.20E+00 1.31E-01          5.59E-02            0   2
 32.00  25  52 1.91E+00 1.80E+00 1.14E-01          5.98E-02            0   2
 33.00  25  52 2.04E+00 1.91E+00 1.31E-01          6.40E-02            0   2
 34.00  25  52 1.77E+00 1.64E+00 1.31E-01          7.41E-02            0   2
 35.00  25  52 1.43E+00 1.32E+00 1.07E-01          7.47E-02            0   2
 36.00  25  52 1.21E+00 1.11E+00 9.83E-02          8.11E-02            0   2
 37.00  25  52 9.67E-01 8.52E-01 1.15E-01          1.19E-01            0   2
 38.00  25  52 1.07E+00 1.02E+00 4.92E-02          4.62E-02            0   2
 39.00  25  52 6.40E-01 6.32E-01 8.20E-03          1.28E-02            0   2
 30.00  25  51 4.88E-02                                                    1
 31.00  25  51 6.53E-02                                                    1
 32.00  25  51 1.31E-01                                                    1
 33.00  25  51 5.23E-01                                                    1
 34.00  25  51 7.21E-01                                                    1
 35.00  25  51 1.11E+00                                                    1
 36.00  25  51 1.36E+00                                                    1
 37.00  25  51 1.87E+00                                                    1
 38.00  25  51 2.56E+00                                                    1
 39.00  25  51 3.12E+00                                                    1
 38.00  24  53 1.64E-02                                                    1
 39.00  24  53 1.64E-02                                                    1
 26.00  24  52 1.61E-02                                                    1
 36.00  24  52 1.64E-02                                                    1
 25.00  24  51 1.61E-02                                                    1
 27.00  24  51 4.85E-02                                                    1
 28.00  24  51 8.11E-02                                                    1
 29.00  24  51 1.63E-01                                                    1
 30.00  24  51 3.42E-01                                                    1
 31.00  24  51 5.55E-01                                                    1
 32.00  24  51 9.80E-01                                                    1
 33.00  24  51 1.21E+00                                                    1
 34.00  24  51 1.65E+00                                                    1
 35.00  24  51 2.29E+00                                                    1
 36.00  24  51 2.64E+00                                                    1
 37.00  24  51 3.25E+00                                                    1
 38.00  24  51 3.18E+00                                                    1
 39.00  24  51 3.77E+00                                                    1
 38.00  24  50 6.56E-02                                                    1
 39.00  24  50 1.64E-02                                                    1
 38.00  23  48 1.64E-02                                                    1