  Ebeam  Z   A   Total    grnd st  isomer1 isomer2  isomer1  isomer2  didl nolevs
  (MeV)           cs.      cs.      cs.     cs.     to total to total
  3.00  29  65 1.41E+01                                                    1
  4.00  29  65 1.30E+02                                                    1
  5.00  29  65 3.61E+02                                                    1
  6.00  29  65 5.53E+02                                                    1
  7.00  29  65 5.83E+02                                                    1
  8.00  29  65 5.42E+02                                                    1
  9.00  29  65 4.95E+02                                                    1
 10.00  29  65 4.50E+02                                                    1
 11.00  29  65 4.08E+02                                                    1
 12.00  29  65 3.81E+02                                                    1
 13.00  29  65 3.63E+02                                                    1
 14.00  29  65 3.48E+02                                                    1
 15.00  29  65 3.38E+02                                                    1
 16.00  29  65 3.26E+02                                                    1
 17.00  29  65 3.12E+02                                                    1
 18.00  29  65 3.05E+02                                                    1
 19.00  29  65 2.93E+02                                                    1
 20.00  29  65 2.84E+02                                                    1
 21.00  29  65 2.80E+02                                                    1
 22.00  29  65 2.68E+02                                                    1
 23.00  29  65 2.59E+02                                                    1
 24.00  29  65 2.52E+02                                                    1
 25.00  29  65 2.47E+02                                                    1
 26.00  29  65 2.39E+02                                                    1
 27.00  29  65 2.36E+02                                                    1
 28.00  29  65 2.27E+02                                                    1
 29.00  29  65 2.19E+02                                                    1
 30.00  29  65 2.17E+02                                                    1
 31.00  29  65 2.13E+02                                                    1
 32.00  29  65 2.09E+02                                                    1
 33.00  29  65 2.02E+02                                                    1
 34.00  29  65 1.98E+02                                                    1
 35.00  29  65 1.91E+02                                                    1
 36.00  29  65 1.91E+02                                                    1
 37.00  29  65 1.87E+02                                                    1
 38.00  29  65 1.84E+02                                                    1
 39.00  29  65 1.80E+02                                                    1
  6.00  29  64 3.16E+01                                                    1
  7.00  29  64 1.71E+02                                                    1
  8.00  29  64 3.32E+02                                                    1
  9.00  29  64 4.63E+02                                                    1
 10.00  29  64 5.64E+02                                                    1
 11.00  29  64 6.38E+02                                                    1
 12.00  29  64 6.90E+02                                                    1
 13.00  29  64 7.22E+02                                                    1
 14.00  29  64 7.38E+02                                                    1
 15.00  29  64 7.43E+02                                                    1
 16.00  29  64 7.18E+02                                                    1
 17.00  29  64 6.56E+02                                                    1
 18.00  29  64 5.84E+02                                                    1
 19.00  29  64 5.13E+02                                                    1
 20.00  29  64 4.47E+02                                                    1
 21.00  29  64 3.89E+02                                                    1
 22.00  29  64 3.42E+02                                                    1
 23.00  29  64 3.03E+02                                                    1
 24.00  29  64 2.73E+02                                                    1
 25.00  29  64 2.52E+02                                                    1
 26.00  29  64 2.31E+02                                                    1
 27.00  29  64 2.17E+02                                                    1
 28.00  29  64 2.05E+02                                                    1
 29.00  29  64 1.98E+02                                                    1
 30.00  29  64 1.90E+02                                                    1
 31.00  29  64 1.77E+02                                                    1
 32.00  29  64 1.71E+02                                                    1
 33.00  29  64 1.69E+02                                                    1
 34.00  29  64 1.58E+02                                                    1
 35.00  29  64 1.57E+02                                                    1
 36.00  29  64 1.52E+02                                                    1
 37.00  29  64 1.46E+02                                                    1
 38.00  29  64 1.45E+02                                                    1
 39.00  29  64 1.40E+02                                                    1
 14.00  29  63 1.78E-01                                                    1
 15.00  29  63 1.02E+01                                                    1
 16.00  29  63 4.73E+01                                                    1
 17.00  29  63 1.12E+02                                                    1
 18.00  29  63 1.82E+02                                                    1
 19.00  29  63 2.52E+02                                                    1
 20.00  29  63 3.14E+02                                                    1
 21.00  29  63 3.67E+02                                                    1
 22.00  29  63 4.01E+02                                                    1
 23.00  29  63 4.37E+02                                                    1
 24.00  29  63 4.48E+02                                                    1
 25.00  29  63 4.58E+02                                                    1
 26.00  29  63 4.60E+02                                                    1
 27.00  29  63 4.45E+02                                                    1
 28.00  29  63 4.23E+02                                                    1
 29.00  29  63 3.93E+02                                                    1
 30.00  29  63 3.64E+02                                                    1
 31.00  29  63 3.29E+02                                                    1
 32.00  29  63 3.02E+02                                                    1
 33.00  29  63 2.71E+02                                                    1
 34.00  29  63 2.44E+02                                                    1
 35.00  29  63 2.23E+02                                                    1
 36.00  29  63 2.06E+02                                                    1
 37.00  29  63 1.81E+02                                                    1
 38.00  29  63 1.73E+02                                                    1
 39.00  29  63 1.58E+02                                                    1
 27.00  29  62 2.19E-01                                                    1
 28.00  29  62 8.61E-01                                                    1
 29.00  29  62 2.84E+00                                                    1
 30.00  29  62 6.41E+00                                                    1
 31.00  29  62 1.12E+01                                                    1
 32.00  29  62 1.88E+01                                                    1
 33.00  29  62 2.69E+01                                                    1
 34.00  29  62 3.71E+01                                                    1
 35.00  29  62 4.82E+01                                                    1
 36.00  29  62 5.64E+01                                                    1
 37.00  29  62 6.48E+01                                                    1
 38.00  29  62 7.48E+01                                                    1
 39.00  29  62 8.13E+01                                                    1
 37.00  29  61 3.41E-02                                                    1
 38.00  29  61 3.24E-01                                                    1
 39.00  29  61 8.19E-01                                                    1
  3.00  28  65 4.98E-01                                                    1
  4.00  28  65 6.76E+00                                                    1
  5.00  28  65 2.53E+01                                                    1
  6.00  28  65 5.35E+01                                                    1
  7.00  28  65 8.21E+01                                                    1
  8.00  28  65 1.06E+02                                                    1
  9.00  28  65 1.22E+02                                                    1
 10.00  28  65 1.35E+02                                                    1
 11.00  28  65 1.45E+02                                                    1
 12.00  28  65 1.48E+02                                                    1
 13.00  28  65 1.49E+02                                                    1
 14.00  28  65 1.55E+02                                                    1
 15.00  28  65 1.48E+02                                                    1
 16.00  28  65 1.48E+02                                                    1
 17.00  28  65 1.50E+02                                                    1
 18.00  28  65 1.48E+02                                                    1
 19.00  28  65 1.49E+02                                                    1
 20.00  28  65 1.46E+02                                                    1
 21.00  28  65 1.41E+02                                                    1
 22.00  28  65 1.40E+02                                                    1
 23.00  28  65 1.36E+02                                                    1
 24.00  28  65 1.29E+02                                                    1
 25.00  28  65 1.28E+02                                                    1
 26.00  28  65 1.25E+02                                                    1
 27.00  28  65 1.28E+02                                                    1
 28.00  28  65 1.22E+02                                                    1
 29.00  28  65 1.21E+02                                                    1
 30.00  28  65 1.17E+02                                                    1
 31.00  28  65 1.15E+02                                                    1
 32.00  28  65 1.13E+02                                                    1
 33.00  28  65 1.11E+02                                                    1
 34.00  28  65 1.10E+02                                                    1
 35.00  28  65 1.06E+02                                                    1
 36.00  28  65 1.04E+02                                                    1
 37.00  28  65 1.02E+02                                                    1
 38.00  28  65 1.02E+02                                                    1
 39.00  28  65 9.85E+01                                                    1
  5.00  28  64 3.87E-03                                                    1
  6.00  28  64 8.32E+00                                                    1
  7.00  28  64 2.12E+01                                                    1
  8.00  28  64 4.01E+01                                                    1
  9.00  28  64 6.32E+01                                                    1
 10.00  28  64 9.03E+01                                                    1
 11.00  28  64 1.23E+02                                                    1
 12.00  28  64 1.54E+02                                                    1
 13.00  28  64 1.86E+02                                                    1
 14.00  28  64 2.16E+02                                                    1
 15.00  28  64 2.47E+02                                                    1
 16.00  28  64 2.71E+02                                                    1
 17.00  28  64 2.97E+02                                                    1
 18.00  28  64 3.22E+02                                                    1
 19.00  28  64 3.34E+02                                                    1
 20.00  28  64 3.42E+02                                                    1
 21.00  28  64 3.45E+02                                                    1
 22.00  28  64 3.54E+02                                                    1
 23.00  28  64 3.50E+02                                                    1
 24.00  28  64 3.55E+02                                                    1
 25.00  28  64 3.44E+02                                                    1
 26.00  28  64 3.44E+02                                                    1
 27.00  28  64 3.36E+02                                                    1
 28.00  28  64 3.38E+02                                                    1
 29.00  28  64 3.35E+02                                                    1
 30.00  28  64 3.34E+02                                                    1
 31.00  28  64 3.32E+02                                                    1
 32.00  28  64 3.33E+02                                                    1
 33.00  28  64 3.35E+02                                                    1
 34.00  28  64 3.37E+02                                                    1
 35.00  28  64 3.40E+02                                                    1
 36.00  28  64 3.34E+02                                                    1
 37.00  28  64 3.41E+02                                                    1
 38.00  28  64 3.36E+02                                                    1
 39.00  28  64 3.35E+02                                                    1
  6.00  28  63 6.47E-03                                                    1
  7.00  28  63 4.30E-02                                                    1
  8.00  28  63 1.23E-01                                                    1
  9.00  28  63 1.72E-01                                                    1
 10.00  28  63 4.24E-01                                                    1
 11.00  28  63 6.09E-01                                                    1
 12.00  28  63 8.47E-01                                                    1
 13.00  28  63 1.22E+00                                                    1
 14.00  28  63 1.67E+00                                                    1
 15.00  28  63 2.08E+00                                                    1
 16.00  28  63 3.11E+00                                                    1
 17.00  28  63 4.75E+00                                                    1
 18.00  28  63 9.34E+00                                                    1
 19.00  28  63 1.97E+01                                                    1
 20.00  28  63 3.46E+01                                                    1
 21.00  28  63 5.61E+01                                                    1
 22.00  28  63 8.02E+01                                                    1
 23.00  28  63 1.02E+02                                                    1
 24.00  28  63 1.33E+02                                                    1
 25.00  28  63 1.57E+02                                                    1
 26.00  28  63 1.77E+02                                                    1
 27.00  28  63 1.98E+02                                                    1
 28.00  28  63 2.14E+02                                                    1
 29.00  28  63 2.22E+02                                                    1
 30.00  28  63 2.23E+02                                                    1
 31.00  28  63 2.27E+02                                                    1
 32.00  28  63 2.16E+02                                                    1
 33.00  28  63 2.12E+02                                                    1
 34.00  28  63 2.06E+02                                                    1
 35.00  28  63 1.95E+02                                                    1
 36.00  28  63 1.83E+02                                                    1
 37.00  28  63 1.78E+02                                                    1
 38.00  28  63 1.70E+02                                                    1
 39.00  28  63 1.63E+02                                                    1
 14.00  28  62 2.96E-02                                                    1
 15.00  28  62 4.54E-02                                                    1
 16.00  28  62 1.08E-01                                                    1
 17.00  28  62 7.85E-02                                                    1
 18.00  28  62 2.55E-01                                                    1
 19.00  28  62 3.22E-01                                                    1
 20.00  28  62 5.68E-01                                                    1
 21.00  28  62 7.20E-01                                                    1
 22.00  28  62 1.04E+00                                                    1
 23.00  28  62 9.44E-01                                                    1
 24.00  28  62 2.08E+00                                                    1
 25.00  28  62 6.09E+00                                                    1
 26.00  28  62 1.65E+01                                                    1
 27.00  28  62 3.55E+01                                                    1
 28.00  28  62 6.29E+01                                                    1
 29.00  28  62 9.62E+01                                                    1
 30.00  28  62 1.35E+02                                                    1
 31.00  28  62 1.73E+02                                                    1
 32.00  28  62 2.09E+02                                                    1
 33.00  28  62 2.41E+02                                                    1
 34.00  28  62 2.71E+02                                                    1
 35.00  28  62 2.95E+02                                                    1
 36.00  28  62 3.16E+02                                                    1
 37.00  28  62 3.31E+02                                                    1
 38.00  28  62 3.38E+02                                                    1
 39.00  28  62 3.53E+02                                                    1
 26.00  28  61 3.36E-02                                                    1
 27.00  28  61 6.74E-02                                                    1
 28.00  28  61 3.38E-02                                                    1
 29.00  28  61 6.76E-02                                                    1
 30.00  28  61 1.53E-01                                                    1
 31.00  28  61 1.70E-01                                                    1
 32.00  28  61 2.72E-01                                                    1
 33.00  28  61 4.26E-01                                                    1
 34.00  28  61 8.52E-01                                                    1
 35.00  28  61 8.52E-01                                                    1
 36.00  28  61 1.09E+00                                                    1
 37.00  28  61 1.37E+00                                                    1
 38.00  28  61 2.35E+00                                                    1
 39.00  28  61 3.92E+00                                                    1
 39.00  28  60 1.71E-02                                                    1
 17.00  27  64 1.57E-02                                                    1
 20.00  27  64 3.24E-02                                                    1
 21.00  27  64 4.91E-02                                                    1
 22.00  27  64 6.59E-02                                                    1
 23.00  27  64 8.28E-02                                                    1
 24.00  27  64 9.99E-02                                                    1
 25.00  27  64 3.18E-01                                                    1
 26.00  27  64 3.02E-01                                                    1
 27.00  27  64 3.54E-01                                                    1
 28.00  27  64 2.70E-01                                                    1
 29.00  27  64 6.09E-01                                                    1
 30.00  27  64 4.24E-01                                                    1
 31.00  27  64 6.11E-01                                                    1
 32.00  27  64 5.61E-01                                                    1
 33.00  27  64 4.26E-01                                                    1
 34.00  27  64 4.77E-01                                                    1
 35.00  27  64 3.75E-01                                                    1
 36.00  27  64 3.07E-01                                                    1
 37.00  27  64 2.90E-01                                                    1
 38.00  27  64 4.10E-01                                                    1
 39.00  27  64 4.27E-01                                                    1
  7.00  27  63 3.44E-02                                                    1
  8.00  27  63 1.02E-02                                                    1
  9.00  27  63 9.19E-02                                                    1
 10.00  27  63 2.12E-01                                                    1
 11.00  27  63 3.44E-01                                                    1
 12.00  27  63 4.02E-01                                                    1
 13.00  27  63 6.33E-01                                                    1
 14.00  27  63 9.03E-01                                                    1
 15.00  27  63 1.26E+00                                                    1
 16.00  27  63 1.62E+00                                                    1
 17.00  27  63 1.74E+00                                                    1
 18.00  27  63 1.80E+00                                                    1
 19.00  27  63 2.41E+00                                                    1
 20.00  27  63 2.48E+00                                                    1
 21.00  27  63 3.13E+00                                                    1
 22.00  27  63 3.36E+00                                                    1
 23.00  27  63 4.12E+00                                                    1
 24.00  27  63 4.13E+00                                                    1
 25.00  27  63 4.90E+00                                                    1
 26.00  27  63 4.98E+00                                                    1
 27.00  27  63 5.57E+00                                                    1
 28.00  27  63 6.43E+00                                                    1
 29.00  27  63 6.81E+00                                                    1
 30.00  27  63 7.56E+00                                                    1
 31.00  27  63 9.03E+00                                                    1
 32.00  27  63 1.07E+01                                                    1
 33.00  27  63 1.04E+01                                                    1
 34.00  27  63 1.24E+01                                                    1
 35.00  27  63 1.36E+01                                                    1
 36.00  27  63 1.51E+01                                                    1
 37.00  27  63 1.59E+01                                                    1
 38.00  27  63 1.80E+01                                                    1
 39.00  27  63 1.77E+01                                                    1
  3.00  27  62 8.77E-04 8.77E-04 0.00E+00          0.00E+00            0   2
  4.00  27  62 4.25E-02 3.43E-02 8.22E-03          1.94E-01            0   2
  5.00  27  62 2.59E-01 1.93E-01 6.58E-02          2.54E-01            0   2
  6.00  27  62 8.16E-01 4.53E-01 3.62E-01          4.44E-01            0   2
  7.00  27  62 1.91E+00 8.17E-01 1.09E+00          5.72E-01            0   2
  8.00  27  62 3.07E+00 9.01E-01 2.17E+00          7.07E-01            0   2
  9.00  27  62 4.63E+00 1.17E+00 3.46E+00          7.47E-01            0   2
 10.00  27  62 6.35E+00 1.57E+00 4.78E+00          7.52E-01            0   2
 11.00  27  62 6.17E+00 1.18E+00 4.99E+00          8.09E-01            0   2
 12.00  27  62 6.05E+00 9.99E-01 5.05E+00          8.35E-01            0   2
 13.00  27  62 4.84E+00 6.18E-01 4.23E+00          8.72E-01            0   2
 14.00  27  62 3.29E+00 2.81E-01 3.01E+00          9.14E-01            0   2
 15.00  27  62 2.42E+00 3.18E-01 2.11E+00          8.69E-01            0   2
 16.00  27  62 1.45E+00 1.24E-01 1.33E+00          9.15E-01            0   2
 17.00  27  62 1.08E+00 4.71E-02 1.04E+00          9.57E-01            0   2
 18.00  27  62 7.48E-01 6.36E-02 6.84E-01          9.15E-01            0   2
 19.00  27  62 5.95E-01 3.22E-02 5.63E-01          9.46E-01            0   2
 20.00  27  62 4.22E-01 1.62E-02 4.06E-01          9.62E-01            0   2
 21.00  27  62 5.89E-01 3.27E-02 5.56E-01          9.44E-01            0   2
 22.00  27  62 4.61E-01 4.94E-02 4.12E-01          8.93E-01            0   2
 23.00  27  62 6.13E-01 3.31E-02 5.79E-01          9.46E-01            0   2
 24.00  27  62 5.00E-01 8.33E-02 4.16E-01          8.33E-01            0   2
 25.00  27  62 1.04E+00 5.02E-02 9.86E-01          9.52E-01            0   2
 26.00  27  62 9.57E-01 6.71E-02 8.89E-01          9.30E-01            0   2
 27.00  27  62 1.13E+00 8.42E-02 1.04E+00          9.25E-01            0   2
 28.00  27  62 1.64E+00 1.69E-01 1.47E+00          8.97E-01            0   2
 29.00  27  62 1.67E+00 1.27E-01 1.55E+00          9.24E-01            0   2
 30.00  27  62 1.95E+00 5.09E-02 1.90E+00          9.74E-01            0   2
 31.00  27  62 2.56E+00 1.19E-01 2.44E+00          9.54E-01            0   2
 32.00  27  62 2.55E+00 1.02E-01 2.45E+00          9.60E-01            0   2
 33.00  27  62 3.17E+00 1.19E-01 3.05E+00          9.62E-01            0   2
 34.00  27  62 4.29E+00 3.66E-01 3.93E+00          9.15E-01            0   2
 35.00  27  62 4.45E+00 2.13E-01 4.24E+00          9.52E-01            0   2
 36.00  27  62 5.27E+00 5.03E-01 4.76E+00          9.05E-01            0   2
 37.00  27  62 6.21E+00 3.41E-01 5.87E+00          9.45E-01            0   2
 38.00  27  62 7.13E+00 3.58E-01 6.77E+00          9.50E-01            0   2
 39.00  27  62 8.38E+00 4.78E-01 7.90E+00          9.43E-01            0   2
  8.00  27  61 2.05E-02                                                    1
  9.00  27  61 6.89E-02                                                    1
 10.00  27  61 7.61E-01                                                    1
 11.00  27  61 2.83E+00                                                    1
 12.00  27  61 7.15E+00                                                    1
 13.00  27  61 1.14E+01                                                    1
 14.00  27  61 1.79E+01                                                    1
 15.00  27  61 2.29E+01                                                    1
 16.00  27  61 2.87E+01                                                    1
 17.00  27  61 3.34E+01                                                    1
 18.00  27  61 3.80E+01                                                    1
 19.00  27  61 4.43E+01                                                    1
 20.00  27  61 5.01E+01                                                    1
 21.00  27  61 5.13E+01                                                    1
 22.00  27  61 5.10E+01                                                    1
 23.00  27  61 5.07E+01                                                    1
 24.00  27  61 4.79E+01                                                    1
 25.00  27  61 4.33E+01                                                    1
 26.00  27  61 3.76E+01                                                    1
 27.00  27  61 3.32E+01                                                    1
 28.00  27  61 2.74E+01                                                    1
 29.00  27  61 2.23E+01                                                    1
 30.00  27  61 2.01E+01                                                    1
 31.00  27  61 1.69E+01                                                    1
 32.00  27  61 1.51E+01                                                    1
 33.00  27  61 1.35E+01                                                    1
 34.00  27  61 1.15E+01                                                    1
 35.00  27  61 1.10E+01                                                    1
 36.00  27  61 1.01E+01                                                    1
 37.00  27  61 9.27E+00                                                    1
 38.00  27  61 8.62E+00                                                    1
 39.00  27  61 8.84E+00                                                    1
 19.00  27  60 6.43E-02 4.82E-02 1.61E-02          2.50E-01            0   2
 20.00  27  60 3.41E-01 3.08E-01 3.24E-02          9.52E-02            0   2
 21.00  27  60 2.19E+00 2.00E+00 1.96E-01          8.96E-02            0   2
 22.00  27  60 4.99E+00 4.56E+00 4.28E-01          8.58E-02            0   2
 23.00  27  60 1.04E+01 9.55E+00 8.61E-01          8.27E-02            0   2
 24.00  27  60 1.88E+01 1.77E+01 1.05E+00          5.59E-02            0   2
 25.00  27  60 2.61E+01 2.45E+01 1.65E+00          6.31E-02            0   2
 26.00  27  60 3.66E+01 3.40E+01 2.56E+00          6.99E-02            0   2
 27.00  27  60 4.17E+01 3.93E+01 2.33E+00          5.60E-02            0   2
 28.00  27  60 5.21E+01 4.90E+01 3.05E+00          5.85E-02            0   2
 29.00  27  60 6.02E+01 5.69E+01 3.26E+00          5.42E-02            0   2
 30.00  27  60 6.34E+01 5.97E+01 3.70E+00          5.84E-02            0   2
 31.00  27  60 6.96E+01 6.59E+01 3.66E+00          5.26E-02            0   2
 32.00  27  60 6.83E+01 6.51E+01 3.24E+00          4.74E-02            0   2
 33.00  27  60 6.75E+01 6.40E+01 3.46E+00          5.12E-02            0   2
 34.00  27  60 6.53E+01 6.25E+01 2.82E+00          4.32E-02            0   2
 35.00  27  60 5.90E+01 5.61E+01 2.86E+00          4.85E-02            0   2
 36.00  27  60 5.47E+01 5.25E+01 2.19E+00          4.00E-02            0   2
 37.00  27  60 5.08E+01 4.83E+01 2.50E+00          4.92E-02            0   2
 38.00  27  60 4.35E+01 4.18E+01 1.66E+00          3.81E-02            0   2
 39.00  27  60 4.00E+01 3.82E+01 1.81E+00          4.52E-02            0   2
 22.00  27  59 1.65E-02                                                    1
 28.00  27  59 6.75E-02                                                    1
 29.00  27  59 2.71E-01                                                    1
 30.00  27  59 8.65E-01                                                    1
 31.00  27  59 2.72E+00                                                    1
 32.00  27  59 6.13E+00                                                    1
 33.00  27  59 1.00E+01                                                    1
 34.00  27  59 1.52E+01                                                    1
 35.00  27  59 2.16E+01                                                    1
 36.00  27  59 2.96E+01                                                    1
 37.00  27  59 3.84E+01                                                    1
 38.00  27  59 4.49E+01                                                    1
 39.00  27  59 5.20E+01                                                    1
 22.00  26  62 1.65E-02                                                    1
 23.00  26  62 1.66E-02                                                    1
 25.00  26  62 1.67E-02                                                    1
 26.00  26  62 8.39E-02                                                    1
 27.00  26  62 8.42E-02                                                    1
 28.00  26  62 8.44E-02                                                    1
 29.00  26  62 3.38E-02                                                    1
 30.00  26  62 1.53E-01                                                    1
 31.00  26  62 2.21E-01                                                    1
 32.00  26  62 1.70E-01                                                    1
 33.00  26  62 3.57E-01                                                    1
 34.00  26  62 2.21E-01                                                    1
 35.00  26  62 4.09E-01                                                    1
 36.00  26  62 2.56E-01                                                    1
 37.00  26  62 3.75E-01                                                    1
 38.00  26  62 3.92E-01                                                    1
 39.00  26  62 2.90E-01                                                    1
  9.00  26  61 1.15E-02                                                    1
 11.00  26  61 1.32E-02                                                    1
 12.00  26  61 5.55E-02                                                    1
 13.00  26  61 4.31E-02                                                    1
 14.00  26  61 1.93E-01                                                    1
 15.00  26  61 1.36E-01                                                    1
 16.00  26  61 1.70E-01                                                    1
 17.00  26  61 2.82E-01                                                    1
 18.00  26  61 1.75E-01                                                    1
 19.00  26  61 4.82E-01                                                    1
 20.00  26  61 8.60E-01                                                    1
 21.00  26  61 8.51E-01                                                    1
 22.00  26  61 1.09E+00                                                    1
 23.00  26  61 1.74E+00                                                    1
 24.00  26  61 1.60E+00                                                    1
 25.00  26  61 2.76E+00                                                    1
 26.00  26  61 2.65E+00                                                    1
 27.00  26  61 3.49E+00                                                    1
 28.00  26  61 3.11E+00                                                    1
 29.00  26  61 3.50E+00                                                    1
 30.00  26  61 3.48E+00                                                    1
 31.00  26  61 3.31E+00                                                    1
 32.00  26  61 3.64E+00                                                    1
 33.00  26  61 3.01E+00                                                    1
 34.00  26  61 3.36E+00                                                    1
 35.00  26  61 3.58E+00                                                    1
 36.00  26  61 3.46E+00                                                    1
 37.00  26  61 3.28E+00                                                    1
 38.00  26  61 3.19E+00                                                    1
 39.00  26  61 3.50E+00                                                    1
 17.00  26  60 1.57E-02                                                    1
 19.00  26  60 1.61E-02                                                    1
 20.00  26  60 6.49E-02                                                    1
 21.00  26  60 1.31E-01                                                    1
 22.00  26  60 6.59E-02                                                    1
 23.00  26  60 1.66E-01                                                    1
 24.00  26  60 3.33E-01                                                    1
 25.00  26  60 7.69E-01                                                    1
 26.00  26  60 1.49E+00                                                    1
 27.00  26  60 3.05E+00                                                    1
 28.00  26  60 4.51E+00                                                    1
 29.00  26  60 7.32E+00                                                    1
 30.00  26  60 1.02E+01                                                    1
 31.00  26  60 1.37E+01                                                    1
 32.00  26  60 1.73E+01                                                    1
 33.00  26  60 2.35E+01                                                    1
 34.00  26  60 2.64E+01                                                    1
 35.00  26  60 2.99E+01                                                    1
 36.00  26  60 3.58E+01                                                    1
 37.00  26  60 3.97E+01                                                    1
 38.00  26  60 4.15E+01                                                    1
 39.00  26  60 4.30E+01                                                    1
 23.00  26  59 1.66E-02                                                    1
 24.00  26  59 1.67E-02                                                    1
 25.00  26  59 3.34E-02                                                    1
 28.00  26  59 1.69E-02                                                    1
 29.00  26  59 8.46E-02                                                    1
 30.00  26  59 3.39E-02                                                    1
 31.00  26  59 3.40E-02                                                    1
 32.00  26  59 8.50E-02                                                    1
 33.00  26  59 1.87E-01                                                    1
 34.00  26  59 4.26E-01                                                    1
 35.00  26  59 1.30E+00                                                    1
 36.00  26  59 2.78E+00                                                    1
 37.00  26  59 5.20E+00                                                    1
 38.00  26  59 9.16E+00                                                    1
 39.00  26  59 1.36E+01                                                    1
 22.00  26  58 1.65E-02                                                    1
 33.00  26  58 1.70E-02                                                    1
 34.00  26  58 3.41E-02                                                    1
 35.00  26  58 3.41E-02                                                    1
 36.00  26  58 8.52E-02                                                    1
 37.00  26  58 1.71E-02                                                    1
 38.00  26  58 1.71E-02                                                    1
 39.00  26  58 1.02E-01                                                    1
 34.00  25  60 1.70E-02 0.00E+00 1.70E-02          1.00E+00            0   2
 37.00  25  60 3.41E-02 0.00E+00 3.41E-02          1.00E+00            0   2
 33.00  25  59 3.40E-02                                                    1
 34.00  25  59 1.70E-02                                                    1
 36.00  25  59 1.70E-02                                                    1
 38.00  25  59 1.71E-02                                                    1
 39.00  25  59 3.41E-02                                                    1
 20.00  25  58 1.62E-02 1.62E-02 0.00E+00          0.00E+00            0   2
 21.00  25  58 1.64E-02 1.64E-02 0.00E+00          0.00E+00            0   2
 22.00  25  58 3.29E-02 3.29E-02 0.00E+00          0.00E+00            0   2
 23.00  25  58 6.62E-02 6.62E-02 0.00E+00          0.00E+00            0   2
 24.00  25  58 9.99E-02 9.99E-02 0.00E+00          0.00E+00            0   2
 25.00  25  58 1.50E-01 1.50E-01 0.00E+00          0.00E+00            0   2
 26.00  25  58 2.01E-01 2.01E-01 0.00E+00          0.00E+00            0   2
 27.00  25  58 3.20E-01 3.20E-01 0.00E+00          0.00E+00            0   2
 28.00  25  58 4.73E-01 4.73E-01 0.00E+00          0.00E+00            0   2
 29.00  25  58 5.92E-01 5.92E-01 0.00E+00          0.00E+00            0   2
 30.00  25  58 5.26E-01 5.26E-01 0.00E+00          0.00E+00            0   2
 31.00  25  58 5.09E-01 5.09E-01 0.00E+00          0.00E+00            0   2
 32.00  25  58 4.25E-01 4.25E-01 0.00E+00          0.00E+00            0   2
 33.00  25  58 3.23E-01 3.23E-01 0.00E+00          0.00E+00            0   2
 34.00  25  58 3.75E-01 3.75E-01 0.00E+00          0.00E+00            0   2
 35.00  25  58 5.11E-01 5.11E-01 0.00E+00          0.00E+00            0   2
 36.00  25  58 3.41E-01 3.41E-01 0.00E+00          0.00E+00            0   2
 37.00  25  58 2.56E-01 2.56E-01 0.00E+00          0.00E+00            0   2
 38.00  25  58 2.39E-01 2.39E-01 0.00E+00          0.00E+00            0   2
 39.00  25  58 1.71E-01 1.71E-01 0.00E+00          0.00E+00            0   2
 26.00  25  57 1.68E-02                                                    1
 27.00  25  57 6.74E-02                                                    1
 28.00  25  57 6.75E-02                                                    1
 29.00  25  57 3.38E-01                                                    1
 30.00  25  57 4.24E-01                                                    1
 31.00  25  57 9.17E-01                                                    1
 32.00  25  57 1.24E+00                                                    1
 33.00  25  57 1.69E+00                                                    1
 34.00  25  57 1.89E+00                                                    1
 35.00  25  57 2.79E+00                                                    1
 36.00  25  57 3.26E+00                                                    1
 37.00  25  57 4.01E+00                                                    1
 38.00  25  57 4.52E+00                                                    1
 39.00  25  57 4.93E+00                                                    1
 35.00  25  56 1.70E-02                                                    1
 36.00  25  56 3.41E-02                                                    1
 37.00  25  56 5.12E-02                                                    1
 38.00  25  56 1.54E-01                                                    1
 39.00  25  56 3.24E-01                                                    1
 37.00  24  57 1.71E-02                                                    1
 39.00  24  57 1.71E-02                                                    1