  Ebeam  Z   A   Total    grnd st  isomer1 isomer2  isomer1  isomer2  didl nolevs
  (MeV)           cs.      cs.      cs.     cs.     to total to total
  3.00  27  59 7.50E-02                                                    1
  5.00  27  59 1.13E+00                                                    1
  7.00  27  59 1.64E+00                                                    1
  9.00  27  59 1.27E+00                                                    1
 11.00  27  59 1.02E+00                                                    1
 13.00  27  59 9.71E-01                                                    1
 15.00  27  59 1.11E+00                                                    1
 17.00  27  59 8.34E-01                                                    1
 19.00  27  59 7.57E-01                                                    1
 21.00  27  59 6.73E-01                                                    1
 23.00  27  59 7.44E-01                                                    1
 25.00  27  59 6.69E-01                                                    1
 27.00  27  59 5.75E-01                                                    1
 29.00  27  59 7.74E-01                                                    1
 31.00  27  59 5.62E-01                                                    1
 33.00  27  59 6.62E-01                                                    1
 35.00  27  59 6.96E-01                                                    1
 37.00  27  59 5.14E-01                                                    1
 39.00  27  59 5.63E-01                                                    1
  3.00  27  58 3.25E-01 1.92E-01 1.33E-01          4.08E-01            0   2
  5.00  27  58 5.47E+00 2.36E+00 3.11E+00          5.69E-01            0   2
  7.00  27  58 7.38E+00 2.41E+00 4.97E+00          6.73E-01            0   2
  9.00  27  58 7.07E+00 2.56E+00 4.51E+00          6.38E-01            0   2
 11.00  27  58 6.95E+00 1.99E+00 4.96E+00          7.14E-01            0   2
 13.00  27  58 6.41E+00 1.67E+00 4.74E+00          7.40E-01            0   2
 15.00  27  58 5.96E+00 1.19E+00 4.77E+00          8.01E-01            0   2
 17.00  27  58 6.21E+00 1.27E+00 4.94E+00          7.95E-01            0   2
 19.00  27  58 5.91E+00 1.06E+00 4.85E+00          8.21E-01            0   2
 21.00  27  58 5.35E+00 9.00E-01 4.45E+00          8.32E-01            0   2
 23.00  27  58 4.87E+00 7.96E-01 4.08E+00          8.37E-01            0   2
 25.00  27  58 4.99E+00 6.33E-01 4.36E+00          8.73E-01            0   2
 27.00  27  58 4.39E+00 5.87E-01 3.80E+00          8.66E-01            0   2
 29.00  27  58 4.48E+00 5.40E-01 3.94E+00          8.80E-01            0   2
 31.00  27  58 3.79E+00 3.12E-01 3.48E+00          9.18E-01            0   2
 33.00  27  58 4.09E+00 5.43E-01 3.55E+00          8.67E-01            0   2
 35.00  27  58 3.42E+00 3.95E-01 3.03E+00          8.85E-01            0   2
 37.00  27  58 3.51E+00 3.87E-01 3.12E+00          8.90E-01            0   2
 39.00  27  58 3.44E+00 3.21E-01 3.12E+00          9.07E-01            0   2
  3.00  27  57 1.55E+01                                                    1
  5.00  27  57 2.59E+02                                                    1
  7.00  27  57 3.85E+02                                                    1
  9.00  27  57 3.33E+02                                                    1
 11.00  27  57 2.97E+02                                                    1
 13.00  27  57 2.78E+02                                                    1
 15.00  27  57 2.62E+02                                                    1
 17.00  27  57 2.45E+02                                                    1
 19.00  27  57 2.31E+02                                                    1
 21.00  27  57 2.22E+02                                                    1
 23.00  27  57 2.11E+02                                                    1
 25.00  27  57 1.98E+02                                                    1
 27.00  27  57 1.89E+02                                                    1
 29.00  27  57 1.80E+02                                                    1
 31.00  27  57 1.72E+02                                                    1
 33.00  27  57 1.64E+02                                                    1
 35.00  27  57 1.59E+02                                                    1
 37.00  27  57 1.50E+02                                                    1
 39.00  27  57 1.49E+02                                                    1
  9.00  27  56 3.32E-01                                                    1
 11.00  27  56 9.95E+00                                                    1
 13.00  27  56 3.06E+01                                                    1
 15.00  27  56 4.79E+01                                                    1
 17.00  27  56 6.56E+01                                                    1
 19.00  27  56 7.28E+01                                                    1
 21.00  27  56 7.02E+01                                                    1
 23.00  27  56 5.89E+01                                                    1
 25.00  27  56 4.93E+01                                                    1
 27.00  27  56 4.52E+01                                                    1
 29.00  27  56 3.91E+01                                                    1
 31.00  27  56 3.56E+01                                                    1
 33.00  27  56 3.27E+01                                                    1
 35.00  27  56 3.11E+01                                                    1
 37.00  27  56 2.91E+01                                                    1
 39.00  27  56 2.72E+01                                                    1
  3.00  27  55 4.15E-01                                                    1
  5.00  27  55 7.69E+00                                                    1
  7.00  27  55 1.40E+01                                                    1
  9.00  27  55 1.37E+01                                                    1
 11.00  27  55 1.41E+01                                                    1
 13.00  27  55 1.38E+01                                                    1
 15.00  27  55 1.28E+01                                                    1
 17.00  27  55 1.28E+01                                                    1
 19.00  27  55 1.14E+01                                                    1
 21.00  27  55 1.18E+01                                                    1
 23.00  27  55 1.29E+01                                                    1
 25.00  27  55 1.55E+01                                                    1
 27.00  27  55 1.96E+01                                                    1
 29.00  27  55 2.21E+01                                                    1
 31.00  27  55 2.42E+01                                                    1
 33.00  27  55 2.45E+01                                                    1
 35.00  27  55 2.42E+01                                                    1
 37.00  27  55 2.13E+01                                                    1
 39.00  27  55 2.12E+01                                                    1
 15.00  27  54 7.25E-02 2.90E-02 4.35E-02          6.00E-01            0   2
 17.00  27  54 1.95E-01 5.24E-02 1.42E-01          7.31E-01            0   2
 19.00  27  54 5.51E-01 9.96E-02 4.52E-01          8.19E-01            0   2
 21.00  27  54 7.46E-01 3.11E-02 7.15E-01          9.58E-01            0   2
 23.00  27  54 7.39E-01 6.29E-02 6.76E-01          9.15E-01            0   2
 25.00  27  54 9.04E-01 5.55E-02 8.48E-01          9.39E-01            0   2
 27.00  27  54 7.65E-01 6.37E-02 7.01E-01          9.17E-01            0   2
 29.00  27  54 6.88E-01 3.20E-02 6.56E-01          9.53E-01            0   2
 31.00  27  54 7.55E-01 1.61E-02 7.39E-01          9.79E-01            0   2
 33.00  27  54 6.92E-01 2.41E-02 6.67E-01          9.65E-01            0   2
 35.00  27  54 5.15E-01 3.22E-02 4.83E-01          9.37E-01            0   2
 37.00  27  54 3.38E-01 3.22E-02 3.06E-01          9.05E-01            0   2
 39.00  27  54 6.44E-01 4.83E-02 5.96E-01          9.25E-01            0   2
 33.00  27  53 6.43E-02 4.82E-02 1.61E-02          2.50E-01            0   2
 35.00  27  53 9.66E-02 8.05E-02 1.61E-02          1.67E-01            0   2
 37.00  27  53 3.22E-02 1.61E-02 1.61E-02          5.00E-01            0   2
 39.00  27  53 6.44E-02 3.22E-02 3.22E-02          5.00E-01            0   2
  3.00  26  59 6.71E-03                                                    1
  5.00  26  59 1.46E-01                                                    1
  7.00  26  59 3.62E-01                                                    1
  9.00  26  59 5.60E-01                                                    1
 11.00  26  59 6.23E-01                                                    1
 13.00  26  59 5.57E-01                                                    1
 15.00  26  59 5.54E-01                                                    1
 17.00  26  59 4.94E-01                                                    1
 19.00  26  59 4.26E-01                                                    1
 21.00  26  59 5.29E-01                                                    1
 23.00  26  59 5.34E-01                                                    1
 25.00  26  59 4.08E-01                                                    1
 27.00  26  59 3.28E-01                                                    1
 29.00  26  59 3.13E-01                                                    1
 31.00  26  59 4.96E-01                                                    1
 33.00  26  59 2.81E-01                                                    1
 35.00  26  59 3.81E-01                                                    1
 37.00  26  59 3.64E-01                                                    1
 39.00  26  59 2.32E-01                                                    1
  3.00  26  58 1.92E-01                                                    1
  5.00  26  58 3.54E+00                                                    1
  7.00  26  58 7.20E+00                                                    1
  9.00  26  58 7.43E+00                                                    1
 11.00  26  58 7.47E+00                                                    1
 13.00  26  58 6.77E+00                                                    1
 15.00  26  58 6.92E+00                                                    1
 17.00  26  58 6.94E+00                                                    1
 19.00  26  58 6.80E+00                                                    1
 21.00  26  58 6.82E+00                                                    1
 23.00  26  58 6.12E+00                                                    1
 25.00  26  58 5.97E+00                                                    1
 27.00  26  58 6.01E+00                                                    1
 29.00  26  58 4.97E+00                                                    1
 31.00  26  58 4.72E+00                                                    1
 33.00  26  58 5.07E+00                                                    1
 35.00  26  58 5.24E+00                                                    1
 37.00  26  58 4.83E+00                                                    1
 39.00  26  58 4.47E+00                                                    1
  3.00  26  57 6.85E+00                                                    1
  5.00  26  57 1.41E+02                                                    1
  7.00  26  57 2.85E+02                                                    1
  9.00  26  57 2.90E+02                                                    1
 11.00  26  57 2.50E+02                                                    1
 13.00  26  57 2.27E+02                                                    1
 15.00  26  57 2.10E+02                                                    1
 17.00  26  57 1.98E+02                                                    1
 19.00  26  57 1.93E+02                                                    1
 21.00  26  57 1.84E+02                                                    1
 23.00  26  57 1.72E+02                                                    1
 25.00  26  57 1.67E+02                                                    1
 27.00  26  57 1.61E+02                                                    1
 29.00  26  57 1.56E+02                                                    1
 31.00  26  57 1.49E+02                                                    1
 33.00  26  57 1.43E+02                                                    1
 35.00  26  57 1.36E+02                                                    1
 37.00  26  57 1.33E+02                                                    1
 39.00  26  57 1.28E+02                                                    1
  7.00  26  56 1.29E+02                                                    1
  9.00  26  56 4.13E+02                                                    1
 11.00  26  56 6.23E+02                                                    1
 13.00  26  56 7.35E+02                                                    1
 15.00  26  56 8.09E+02                                                    1
 17.00  26  56 8.57E+02                                                    1
 19.00  26  56 8.84E+02                                                    1
 21.00  26  56 8.62E+02                                                    1
 23.00  26  56 7.99E+02                                                    1
 25.00  26  56 7.22E+02                                                    1
 27.00  26  56 6.49E+02                                                    1
 29.00  26  56 5.94E+02                                                    1
 31.00  26  56 5.60E+02                                                    1
 33.00  26  56 5.36E+02                                                    1
 35.00  26  56 5.17E+02                                                    1
 37.00  26  56 5.07E+02                                                    1
 39.00  26  56 4.93E+02                                                    1
  3.00  26  55 9.29E-01                                                    1
  5.00  26  55 1.68E+01                                                    1
  7.00  26  55 3.02E+01                                                    1
  9.00  26  55 2.84E+01                                                    1
 11.00  26  55 2.25E+01                                                    1
 13.00  26  55 1.87E+01                                                    1
 15.00  26  55 1.64E+01                                                    1
 17.00  26  55 1.57E+01                                                    1
 19.00  26  55 2.29E+01                                                    1
 21.00  26  55 7.36E+01                                                    1
 23.00  26  55 1.71E+02                                                    1
 25.00  26  55 2.64E+02                                                    1
 27.00  26  55 3.33E+02                                                    1
 29.00  26  55 3.78E+02                                                    1
 31.00  26  55 4.00E+02                                                    1
 33.00  26  55 3.96E+02                                                    1
 35.00  26  55 3.75E+02                                                    1
 37.00  26  55 3.45E+02                                                    1
 39.00  26  55 3.12E+02                                                    1
  7.00  26  54 4.76E+00                                                    1
  9.00  26  54 2.12E+01                                                    1
 11.00  26  54 3.52E+01                                                    1
 13.00  26  54 4.41E+01                                                    1
 15.00  26  54 4.89E+01                                                    1
 17.00  26  54 4.96E+01                                                    1
 19.00  26  54 5.06E+01                                                    1
 21.00  26  54 4.81E+01                                                    1
 23.00  26  54 4.43E+01                                                    1
 25.00  26  54 4.07E+01                                                    1
 27.00  26  54 3.82E+01                                                    1
 29.00  26  54 3.65E+01                                                    1
 31.00  26  54 3.65E+01                                                    1
 33.00  26  54 5.04E+01                                                    1
 35.00  26  54 7.63E+01                                                    1
 37.00  26  54 1.06E+02                                                    1
 39.00  26  54 1.39E+02                                                    1
 21.00  26  53 4.66E-02 4.66E-02 0.00E+00          0.00E+00            0   2
 23.00  26  53 4.56E-01 4.56E-01 0.00E+00          0.00E+00            0   2
 25.00  26  53 1.16E+00 1.13E+00 3.17E-02          2.74E-02            0   2
 27.00  26  53 2.60E+00 2.37E+00 2.23E-01          8.59E-02            0   2
 29.00  26  53 3.54E+00 2.97E+00 5.68E-01          1.61E-01            0   2
 31.00  26  53 4.77E+00 3.56E+00 1.21E+00          2.54E-01            0   2
 33.00  26  53 5.26E+00 3.30E+00 1.95E+00          3.72E-01            0   2
 35.00  26  53 6.25E+00 3.32E+00 2.93E+00          4.69E-01            0   2
 37.00  26  53 6.39E+00 3.39E+00 3.00E+00          4.70E-01            0   2
 39.00  26  53 6.22E+00 2.94E+00 3.28E+00          5.27E-01            0   2
 35.00  26  52 3.22E-02 3.22E-02 0.00E+00          0.00E+00            0   2
 37.00  26  52 2.58E-01 2.58E-01 0.00E+00          0.00E+00            0   2
 39.00  26  52 5.32E-01 5.32E-01 0.00E+00          0.00E+00            0   2
 27.00  25  58 1.64E-02 1.64E-02 0.00E+00          0.00E+00            0   2
 35.00  25  58 1.66E-02 1.66E-02 0.00E+00          0.00E+00            0   2
 37.00  25  58 1.66E-02 1.66E-02 0.00E+00          0.00E+00            0   2
 13.00  25  57 1.42E-02                                                    1
 15.00  25  57 1.48E-02                                                    1
 17.00  25  57 4.60E-02                                                    1
 19.00  25  57 1.57E-02                                                    1
 21.00  25  57 4.77E-02                                                    1
 23.00  25  57 4.82E-02                                                    1
 25.00  25  57 1.13E-01                                                    1
 27.00  25  57 1.30E-01                                                    1
 29.00  25  57 6.54E-02                                                    1
 31.00  25  57 6.56E-02                                                    1
 33.00  25  57 1.15E-01                                                    1
 35.00  25  57 1.49E-01                                                    1
 37.00  25  57 9.92E-02                                                    1
 39.00  25  57 1.32E-01                                                    1
  3.00  25  56 2.92E-04                                                    1
  5.00  25  56 4.56E-03                                                    1
  7.00  25  56 3.62E-02                                                    1
  9.00  25  56 5.84E-02                                                    1
 11.00  25  56 2.65E-02                                                    1
 13.00  25  56 5.69E-02                                                    1
 15.00  25  56 3.98E-01                                                    1
 17.00  25  56 1.83E+00                                                    1
 19.00  25  56 5.46E+00                                                    1
 21.00  25  56 9.72E+00                                                    1
 23.00  25  56 1.41E+01                                                    1
 25.00  25  56 1.58E+01                                                    1
 27.00  25  56 1.46E+01                                                    1
 29.00  25  56 1.38E+01                                                    1
 31.00  25  56 1.04E+01                                                    1
 33.00  25  56 9.12E+00                                                    1
 35.00  25  56 7.86E+00                                                    1
 37.00  25  56 6.34E+00                                                    1
 39.00  25  56 5.38E+00                                                    1
  3.00  25  55 1.56E-02                                                    1
  5.00  25  55 4.08E-01                                                    1
  7.00  25  55 7.42E-01                                                    1
  9.00  25  55 1.04E+00                                                    1
 11.00  25  55 8.55E-01                                                    1
 13.00  25  55 9.36E-01                                                    1
 15.00  25  55 3.42E-01                                                    1
 17.00  25  55 3.70E-01                                                    1
 19.00  25  55 2.36E-01                                                    1
 21.00  25  55 7.62E-01                                                    1
 23.00  25  55 4.04E+00                                                    1
 25.00  25  55 1.54E+01                                                    1
 27.00  25  55 3.32E+01                                                    1
 29.00  25  55 5.39E+01                                                    1
 31.00  25  55 7.89E+01                                                    1
 33.00  25  55 9.81E+01                                                    1
 35.00  25  55 1.15E+02                                                    1
 37.00  25  55 1.27E+02                                                    1
 39.00  25  55 1.27E+02                                                    1
  3.00  25  54 9.82E-02                                                    1
  5.00  25  54 5.46E+00                                                    1
  7.00  25  54 1.65E+01                                                    1
  9.00  25  54 2.51E+01                                                    1
 11.00  25  54 2.97E+01                                                    1
 13.00  25  54 2.68E+01                                                    1
 15.00  25  54 1.89E+01                                                    1
 17.00  25  54 1.31E+01                                                    1
 19.00  25  54 1.06E+01                                                    1
 21.00  25  54 9.91E+00                                                    1
 23.00  25  54 9.50E+00                                                    1
 25.00  25  54 7.97E+00                                                    1
 27.00  25  54 6.38E+00                                                    1
 29.00  25  54 5.25E+00                                                    1
 31.00  25  54 4.09E+00                                                    1
 33.00  25  54 3.44E+00                                                    1
 35.00  25  54 5.47E+00                                                    1
 37.00  25  54 1.32E+01                                                    1
 39.00  25  54 2.60E+01                                                    1
 11.00  25  53 1.23E+00                                                    1
 13.00  25  53 1.08E+01                                                    1
 15.00  25  53 2.52E+01                                                    1
 17.00  25  53 3.58E+01                                                    1
 19.00  25  53 3.98E+01                                                    1
 21.00  25  53 4.53E+01                                                    1
 23.00  25  53 4.66E+01                                                    1
 25.00  25  53 4.38E+01                                                    1
 27.00  25  53 4.23E+01                                                    1
 29.00  25  53 3.59E+01                                                    1
 31.00  25  53 3.10E+01                                                    1
 33.00  25  53 2.81E+01                                                    1
 35.00  25  53 2.44E+01                                                    1
 37.00  25  53 2.17E+01                                                    1
 39.00  25  53 2.00E+01                                                    1
  3.00  25  52 3.23E-03 0.00E+00 3.23E-03          1.00E+00            0   2
  5.00  25  52 3.58E-01 7.45E-02 2.83E-01          7.92E-01            0   2
  7.00  25  52 1.51E+00 8.16E-01 6.96E-01          4.60E-01            0   2
  9.00  25  52 2.39E+00 1.35E+00 1.04E+00          4.34E-01            0   2
 11.00  25  52 2.86E+00 2.11E+00 7.50E-01          2.62E-01            0   2
 13.00  25  52 2.20E+00 1.56E+00 6.36E-01          2.89E-01            0   2
 15.00  25  52 1.73E+00 1.40E+00 3.26E-01          1.89E-01            0   2
 17.00  25  52 8.24E-01 7.04E-01 1.20E-01          1.45E-01            0   2
 19.00  25  52 3.98E-01 3.68E-01 3.06E-02          7.69E-02            0   2
 21.00  25  52 1.55E-01 1.40E-01 1.55E-02          1.00E-01            0   2
 23.00  25  52 9.44E-02 8.65E-02 7.86E-03          8.33E-02            0   2
 25.00  25  52 8.02E-02 8.02E-02 0.00E+00          0.00E+00            0   2
 27.00  25  52 3.72E-01 3.56E-01 1.62E-02          4.35E-02            0   2
 29.00  25  52 2.27E+00 2.01E+00 2.60E-01          1.14E-01            0   2
 31.00  25  52 4.94E+00 4.45E+00 4.89E-01          9.90E-02            0   2
 33.00  25  52 7.93E+00 7.30E+00 6.28E-01          7.92E-02            0   2
 35.00  25  52 1.18E+01 1.10E+01 8.49E-01          7.18E-02            0   2
 37.00  25  52 1.49E+01 1.39E+01 9.80E-01          6.56E-02            0   2
 39.00  25  52 1.59E+01 1.49E+01 9.71E-01          6.13E-02            0   2
 15.00  25  51 2.61E-01                                                    1
 17.00  25  51 6.59E-01                                                    1
 19.00  25  51 1.67E+00                                                    1
 21.00  25  51 2.75E+00                                                    1
 23.00  25  51 3.26E+00                                                    1
 25.00  25  51 3.16E+00                                                    1
 27.00  25  51 2.42E+00                                                    1
 29.00  25  51 1.94E+00                                                    1
 31.00  25  51 1.90E+00                                                    1
 33.00  25  51 1.51E+00                                                    1
 35.00  25  51 1.27E+00                                                    1
 37.00  25  51 1.14E+00                                                    1
 39.00  25  51 9.36E-01                                                    1
 33.00  25  50 1.61E-02 0.00E+00 1.61E-02          1.00E+00            0   2
 35.00  25  50 8.05E-02 0.00E+00 8.05E-02          1.00E+00            0   2
 37.00  25  50 1.13E-01 0.00E+00 1.13E-01          1.00E+00            0   2
 39.00  25  50 3.06E-01 0.00E+00 3.06E-01          1.00E+00            0   2
 23.00  24  55 1.62E-02                                                    1
 27.00  24  55 1.64E-02                                                    1
 29.00  24  55 4.87E-02                                                    1
 31.00  24  55 2.12E-01                                                    1
 33.00  24  55 7.18E-01                                                    1
 35.00  24  55 1.50E+00                                                    1
 37.00  24  55 2.52E+00                                                    1
 39.00  24  55 3.32E+00                                                    1
 11.00  24  54 3.95E-02                                                    1
 13.00  24  54 8.50E-02                                                    1
 15.00  24  54 1.63E-01                                                    1
 17.00  24  54 2.45E-01                                                    1
 19.00  24  54 3.45E-01                                                    1
 21.00  24  54 4.30E-01                                                    1
 23.00  24  54 3.70E-01                                                    1
 25.00  24  54 5.19E-01                                                    1
 27.00  24  54 4.40E-01                                                    1
 29.00  24  54 3.28E-01                                                    1
 31.00  24  54 3.45E-01                                                    1
 33.00  24  54 4.12E-01                                                    1
 35.00  24  54 7.23E-01                                                    1
 37.00  24  54 2.00E+00                                                    1
 39.00  24  54 4.55E+00                                                    1
 13.00  24  53 2.67E-01                                                    1
 15.00  24  53 1.62E+00                                                    1
 17.00  24  53 5.43E+00                                                    1
 19.00  24  53 1.18E+01                                                    1
 21.00  24  53 1.81E+01                                                    1
 23.00  24  53 2.53E+01                                                    1
 25.00  24  53 2.76E+01                                                    1
 27.00  24  53 2.44E+01                                                    1
 29.00  24  53 2.26E+01                                                    1
 31.00  24  53 1.86E+01                                                    1
 33.00  24  53 1.41E+01                                                    1
 35.00  24  53 1.27E+01                                                    1
 37.00  24  53 1.14E+01                                                    1
 39.00  24  53 9.22E+00                                                    1
 21.00  24  52 2.69E-01                                                    1
 23.00  24  52 3.89E+00                                                    1
 25.00  24  52 1.61E+01                                                    1
 27.00  24  52 3.44E+01                                                    1
 29.00  24  52 5.52E+01                                                    1
 31.00  24  52 7.19E+01                                                    1
 33.00  24  52 8.83E+01                                                    1
 35.00  24  52 9.79E+01                                                    1
 37.00  24  52 1.04E+02                                                    1
 39.00  24  52 1.07E+02                                                    1
 11.00  24  51 1.28E-02                                                    1
 13.00  24  51 7.74E-01                                                    1
 15.00  24  51 1.77E+00                                                    1
 17.00  24  51 3.04E+00                                                    1
 19.00  24  51 3.72E+00                                                    1
 21.00  24  51 4.34E+00                                                    1
 23.00  24  51 4.97E+00                                                    1
 25.00  24  51 5.57E+00                                                    1
 27.00  24  51 4.51E+00                                                    1
 29.00  24  51 4.02E+00                                                    1
 31.00  24  51 3.08E+00                                                    1
 33.00  24  51 2.83E+00                                                    1
 35.00  24  51 1.69E+00                                                    1
 37.00  24  51 2.69E+00                                                    1
 39.00  24  51 5.72E+00                                                    1
 23.00  24  50 9.44E-02                                                    1
 25.00  24  50 9.20E-01                                                    1
 27.00  24  50 2.55E+00                                                    1
 29.00  24  50 5.56E+00                                                    1
 31.00  24  50 8.00E+00                                                    1
 33.00  24  50 1.03E+01                                                    1
 35.00  24  50 1.11E+01                                                    1
 37.00  24  50 1.18E+01                                                    1
 39.00  24  50 1.22E+01                                                    1
 39.00  24  49 1.61E-02                                                    1
 31.00  23  52 4.91E-02                                                    1
 33.00  23  52 9.79E-02                                                    1
 35.00  23  52 4.08E-01                                                    1
 37.00  23  52 1.06E+00                                                    1
 39.00  23  52 1.88E+00                                                    1
 21.00  23  51 1.59E-02                                                    1
 23.00  23  51 1.61E-02                                                    1
 27.00  23  51 1.63E-02                                                    1
 29.00  23  51 3.27E-02                                                    1
 31.00  23  51 1.64E-02                                                    1
 33.00  23  51 3.30E-02                                                    1
 35.00  23  51 1.65E-02                                                    1
 37.00  23  51 3.29E-02                                                    1
 39.00  23  51 1.14E-01                                                    1
 17.00  23  50 1.52E-02                                                    1
 21.00  23  50 1.42E-01                                                    1
 23.00  23  50 5.27E-01                                                    1
 25.00  23  50 7.40E-01                                                    1
 27.00  23  50 1.28E+00                                                    1
 29.00  23  50 1.77E+00                                                    1
 31.00  23  50 1.87E+00                                                    1
 33.00  23  50 1.83E+00                                                    1
 35.00  23  50 1.91E+00                                                    1
 37.00  23  50 1.47E+00                                                    1
 39.00  23  50 1.48E+00                                                    1
 29.00  23  49 6.50E-02                                                    1
 31.00  23  49 3.10E-01                                                    1
 33.00  23  49 9.14E-01                                                    1
 35.00  23  49 1.93E+00                                                    1
 37.00  23  49 2.69E+00                                                    1
 39.00  23  49 4.08E+00                                                    1
 21.00  23  48 3.11E-02                                                    1
 23.00  23  48 3.15E-02                                                    1
 25.00  23  48 1.59E-01                                                    1
 27.00  23  48 2.07E-01                                                    1
 29.00  23  48 3.04E-01                                                    1
 31.00  23  48 3.05E-01                                                    1
 33.00  23  48 1.77E-01                                                    1
 35.00  23  48 3.38E-01                                                    1
 37.00  23  48 2.09E-01                                                    1
 39.00  23  48 6.44E-02                                                    1
 33.00  23  47 1.61E-02                                                    1
 35.00  23  47 4.83E-02                                                    1
 37.00  23  47 1.93E-01                                                    1
 39.00  23  47 3.06E-01                                                    1
 31.00  22  50 1.64E-02                                                    1
 35.00  22  50 1.65E-02                                                    1
 39.00  22  50 3.29E-02                                                    1
 33.00  22  49 1.63E-02                                                    1
 35.00  22  49 1.31E-01                                                    1
 37.00  22  49 4.08E-01                                                    1
 39.00  22  49 7.03E-01                                                    1
 39.00  22  48 3.27E-02                                                    1
 29.00  22  47 1.60E-02                                                    1
 33.00  22  47 4.82E-02                                                    1
 35.00  22  47 8.05E-02                                                    1
 37.00  22  47 2.42E-01                                                    1
 39.00  22  47 2.42E-01                                                    1
 39.00  22  46 1.61E-02                                                    1
  Ebeam =   1.0000000000000000      sumcs=   0.0000000000000000     
  Ebeam =   3.0000000000000000      sumcs=   24.366990207970773     
  Ebeam =   5.0000000000000000      sumcs=   440.33271874233589     
  Ebeam =   7.0000000000000000      sumcs=   883.48501965746277     
  Ebeam =   9.0000000000000000      sumcs=   1144.5702226210808     
  Ebeam =   11.000000000000000      sumcs=   1303.0570632508338     
  Ebeam =   13.000000000000000      sumcs=   1404.2687946005121     
  Ebeam =   15.000000000000000      sumcs=   1472.4602343359636     
  Ebeam =   17.000000000000000      sumcs=   1519.9930387314253     
  Ebeam =   19.000000000000000      sumcs=   1554.0709009966247     
  Ebeam =   21.000000000000000      sumcs=   1578.4824819175326     
  Ebeam =   23.000000000000000      sumcs=   1594.7338799944882     
  Ebeam =   25.000000000000000      sumcs=   1607.9201242591228     
  Ebeam =   27.000000000000000      sumcs=   1617.4583274456843     
  Ebeam =   29.000000000000000      sumcs=   1623.2291206586285     
  Ebeam =   31.000000000000000      sumcs=   1628.3532880086636     
  Ebeam =   33.000000000000000      sumcs=   1630.3132469878994     
  Ebeam =   35.000000000000000      sumcs=   1632.5921318005035     
  Ebeam =   37.000000000000000      sumcs=   1632.2737068795821     
  Ebeam =   39.000000000000000      sumcs=   1632.7659966908586     
