  ldopt set internally =           1
 Kataria-Ramamurthy shell dependent ld

   1.0000000000000000        2.0000000000000000        28.000000000000000        62.000000000000000                1           0  ZP,AP,ZT,AT,ISOT,LEVNO
 
 
1Deuterons on 62Ni                                                               
  Ebeam  Rx.cs used  Rx. cs algo fiss cs (mb) capture cs (mb)
   1.00  0.000E+00    0.00E+00    0.00E+00    0.00E+00
   2.00  0.000E+00    0.00E+00    0.00E+00    0.00E+00
   3.00  1.378E+01    0.00E+00    0.00E+00    0.00E+00
   4.00  1.304E+02    0.00E+00    0.00E+00    0.00E+00
   5.00  3.736E+02    0.00E+00    0.00E+00    0.00E+00
   6.00  6.301E+02    0.00E+00    0.00E+00    0.00E+00
   7.00  8.412E+02    0.00E+00    0.00E+00    0.00E+00
   8.00  1.001E+03    0.00E+00    0.00E+00    0.00E+00
   9.00  1.128E+03    0.00E+00    0.00E+00    0.00E+00
  10.00  1.228E+03    0.00E+00    0.00E+00    0.00E+00
  11.00  1.304E+03    0.00E+00    0.00E+00    0.00E+00
  12.00  1.367E+03    0.00E+00    0.00E+00    0.00E+00
  13.00  1.417E+03    0.00E+00    0.00E+00    0.00E+00
  14.00  1.460E+03    0.00E+00    0.00E+00    0.00E+00
  15.00  1.494E+03    0.00E+00    0.00E+00    0.00E+00
  16.00  1.524E+03    0.00E+00    0.00E+00    0.00E+00
  17.00  1.548E+03    0.00E+00    0.00E+00    0.00E+00
  18.00  1.570E+03    0.00E+00    0.00E+00    0.00E+00
  19.00  1.587E+03    0.00E+00    0.00E+00    0.00E+00
  20.00  1.601E+03    0.00E+00    0.00E+00    0.00E+00
  21.00  1.615E+03    0.00E+00    0.00E+00    0.00E+00
  22.00  1.625E+03    0.00E+00    0.00E+00    0.00E+00
  23.00  1.634E+03    0.00E+00    0.00E+00    0.00E+00
  24.00  1.644E+03    0.00E+00    0.00E+00    0.00E+00
  25.00  1.650E+03    0.00E+00    0.00E+00    0.00E+00
  26.00  1.656E+03    0.00E+00    0.00E+00    0.00E+00
  27.00  1.662E+03    0.00E+00    0.00E+00    0.00E+00
  28.00  1.666E+03    0.00E+00    0.00E+00    0.00E+00
  29.00  1.669E+03    0.00E+00    0.00E+00    0.00E+00
  30.00  1.674E+03    0.00E+00    0.00E+00    0.00E+00
  31.00  1.676E+03    0.00E+00    0.00E+00    0.00E+00
  32.00  1.678E+03    0.00E+00    0.00E+00    0.00E+00
  33.00  1.681E+03    0.00E+00    0.00E+00    0.00E+00
  34.00  1.682E+03    0.00E+00    0.00E+00    0.00E+00
  35.00  1.683E+03    0.00E+00    0.00E+00    0.00E+00
  36.00  1.683E+03    0.00E+00    0.00E+00    0.00E+00
  37.00  1.685E+03    0.00E+00    0.00E+00    0.00E+00
  38.00  1.685E+03    0.00E+00    0.00E+00    0.00E+00
  39.00  1.685E+03    0.00E+00    0.00E+00    0.00E+00
 Ebeam (MeV) Rx cs (mb) fiss cs (mb) capture cs (mb)

  Ebeam  Z   A   Total    grnd st  isomer1 isomer2  isomer1  isomer2  didl nolevs
  (MeV)           cs.      cs.      cs.     cs.     to total to total
  3.00  29  63 1.26E+01                                                    1
  4.00  29  63 1.17E+02                                                    1
  5.00  29  63 3.26E+02                                                    1
  6.00  29  63 4.97E+02                                                    1
  7.00  29  63 5.14E+02                                                    1
  8.00  29  63 4.65E+02                                                    1
  9.00  29  63 4.18E+02                                                    1
 10.00  29  63 3.78E+02                                                    1
 11.00  29  63 3.45E+02                                                    1
 12.00  29  63 3.25E+02                                                    1
 13.00  29  63 3.04E+02                                                    1
 14.00  29  63 2.96E+02                                                    1
 15.00  29  63 2.84E+02                                                    1
 16.00  29  63 2.73E+02                                                    1
 17.00  29  63 2.69E+02                                                    1
 18.00  29  63 2.59E+02                                                    1
 19.00  29  63 2.51E+02                                                    1
 20.00  29  63 2.42E+02                                                    1
 21.00  29  63 2.36E+02                                                    1
 22.00  29  63 2.32E+02                                                    1
 23.00  29  63 2.25E+02                                                    1
 24.00  29  63 2.18E+02                                                    1
 25.00  29  63 2.11E+02                                                    1
 26.00  29  63 2.03E+02                                                    1
 27.00  29  63 2.01E+02                                                    1
 28.00  29  63 1.97E+02                                                    1
 29.00  29  63 1.91E+02                                                    1
 30.00  29  63 1.87E+02                                                    1
 31.00  29  63 1.82E+02                                                    1
 32.00  29  63 1.76E+02                                                    1
 33.00  29  63 1.71E+02                                                    1
 34.00  29  63 1.67E+02                                                    1
 35.00  29  63 1.69E+02                                                    1
 36.00  29  63 1.61E+02                                                    1
 37.00  29  63 1.59E+02                                                    1
 38.00  29  63 1.55E+02                                                    1
 39.00  29  63 1.52E+02                                                    1
  8.00  29  62 1.36E+00                                                    1
  9.00  29  62 1.86E+01                                                    1
 10.00  29  62 6.27E+01                                                    1
 11.00  29  62 1.24E+02                                                    1
 12.00  29  62 1.85E+02                                                    1
 13.00  29  62 2.40E+02                                                    1
 14.00  29  62 2.91E+02                                                    1
 15.00  29  62 3.25E+02                                                    1
 16.00  29  62 3.49E+02                                                    1
 17.00  29  62 3.66E+02                                                    1
 18.00  29  62 3.76E+02                                                    1
 19.00  29  62 3.57E+02                                                    1
 20.00  29  62 3.30E+02                                                    1
 21.00  29  62 2.94E+02                                                    1
 22.00  29  62 2.55E+02                                                    1
 23.00  29  62 2.21E+02                                                    1
 24.00  29  62 1.94E+02                                                    1
 25.00  29  62 1.71E+02                                                    1
 26.00  29  62 1.52E+02                                                    1
 27.00  29  62 1.35E+02                                                    1
 28.00  29  62 1.27E+02                                                    1
 29.00  29  62 1.16E+02                                                    1
 30.00  29  62 1.08E+02                                                    1
 31.00  29  62 1.00E+02                                                    1
 32.00  29  62 9.54E+01                                                    1
 33.00  29  62 9.08E+01                                                    1
 34.00  29  62 8.77E+01                                                    1
 35.00  29  62 8.50E+01                                                    1
 36.00  29  62 7.97E+01                                                    1
 37.00  29  62 7.85E+01                                                    1
 38.00  29  62 7.41E+01                                                    1
 39.00  29  62 7.61E+01                                                    1
 18.00  29  61 2.65E+00                                                    1
 19.00  29  61 1.48E+01                                                    1
 20.00  29  61 3.93E+01                                                    1
 21.00  29  61 6.87E+01                                                    1
 22.00  29  61 1.01E+02                                                    1
 23.00  29  61 1.32E+02                                                    1
 24.00  29  61 1.59E+02                                                    1
 25.00  29  61 1.80E+02                                                    1
 26.00  29  61 2.00E+02                                                    1
 27.00  29  61 2.08E+02                                                    1
 28.00  29  61 2.08E+02                                                    1
 29.00  29  61 2.11E+02                                                    1
 30.00  29  61 2.04E+02                                                    1
 31.00  29  61 1.88E+02                                                    1
 32.00  29  61 1.78E+02                                                    1
 33.00  29  61 1.61E+02                                                    1
 34.00  29  61 1.47E+02                                                    1
 35.00  29  61 1.35E+02                                                    1
 36.00  29  61 1.25E+02                                                    1
 37.00  29  61 1.12E+02                                                    1
 38.00  29  61 1.02E+02                                                    1
 39.00  29  61 9.28E+01                                                    1
 32.00  29  60 6.71E-02                                                    1
 33.00  29  60 1.51E-01                                                    1
 34.00  29  60 2.69E-01                                                    1
 35.00  29  60 9.09E-01                                                    1
 36.00  29  60 1.75E+00                                                    1
 37.00  29  60 2.73E+00                                                    1
 38.00  29  60 3.98E+00                                                    1
 39.00  29  60 5.49E+00                                                    1
  3.00  28  63 1.12E+00                                                    1
  4.00  28  63 1.30E+01                                                    1
  5.00  28  63 4.63E+01                                                    1
  6.00  28  63 8.90E+01                                                    1
  7.00  28  63 1.30E+02                                                    1
  8.00  28  63 1.57E+02                                                    1
  9.00  28  63 1.71E+02                                                    1
 10.00  28  63 1.81E+02                                                    1
 11.00  28  63 1.80E+02                                                    1
 12.00  28  63 1.81E+02                                                    1
 13.00  28  63 1.84E+02                                                    1
 14.00  28  63 1.84E+02                                                    1
 15.00  28  63 1.76E+02                                                    1
 16.00  28  63 1.81E+02                                                    1
 17.00  28  63 1.78E+02                                                    1
 18.00  28  63 1.76E+02                                                    1
 19.00  28  63 1.70E+02                                                    1
 20.00  28  63 1.68E+02                                                    1
 21.00  28  63 1.64E+02                                                    1
 22.00  28  63 1.59E+02                                                    1
 23.00  28  63 1.57E+02                                                    1
 24.00  28  63 1.53E+02                                                    1
 25.00  28  63 1.51E+02                                                    1
 26.00  28  63 1.45E+02                                                    1
 27.00  28  63 1.42E+02                                                    1
 28.00  28  63 1.34E+02                                                    1
 29.00  28  63 1.32E+02                                                    1
 30.00  28  63 1.35E+02                                                    1
 31.00  28  63 1.30E+02                                                    1
 32.00  28  63 1.28E+02                                                    1
 33.00  28  63 1.28E+02                                                    1
 34.00  28  63 1.24E+02                                                    1
 35.00  28  63 1.22E+02                                                    1
 36.00  28  63 1.18E+02                                                    1
 37.00  28  63 1.14E+02                                                    1
 38.00  28  63 1.12E+02                                                    1
 39.00  28  63 1.13E+02                                                    1
  5.00  28  62 7.47E-03                                                    1
  6.00  28  62 4.04E+01                                                    1
  7.00  28  62 1.90E+02                                                    1
  8.00  28  62 3.66E+02                                                    1
  9.00  28  62 5.06E+02                                                    1
 10.00  28  62 5.87E+02                                                    1
 11.00  28  62 6.30E+02                                                    1
 12.00  28  62 6.46E+02                                                    1
 13.00  28  62 6.52E+02                                                    1
 14.00  28  62 6.42E+02                                                    1
 15.00  28  62 6.54E+02                                                    1
 16.00  28  62 6.56E+02                                                    1
 17.00  28  62 6.61E+02                                                    1
 18.00  28  62 6.62E+02                                                    1
 19.00  28  62 6.69E+02                                                    1
 20.00  28  62 6.60E+02                                                    1
 21.00  28  62 6.50E+02                                                    1
 22.00  28  62 6.30E+02                                                    1
 23.00  28  62 6.10E+02                                                    1
 24.00  28  62 5.84E+02                                                    1
 25.00  28  62 5.64E+02                                                    1
 26.00  28  62 5.40E+02                                                    1
 27.00  28  62 5.25E+02                                                    1
 28.00  28  62 5.18E+02                                                    1
 29.00  28  62 4.98E+02                                                    1
 30.00  28  62 4.89E+02                                                    1
 31.00  28  62 4.86E+02                                                    1
 32.00  28  62 4.73E+02                                                    1
 33.00  28  62 4.68E+02                                                    1
 34.00  28  62 4.62E+02                                                    1
 35.00  28  62 4.60E+02                                                    1
 36.00  28  62 4.54E+02                                                    1
 37.00  28  62 4.50E+02                                                    1
 38.00  28  62 4.51E+02                                                    1
 39.00  28  62 4.45E+02                                                    1
  5.00  28  61 3.74E-03                                                    1
  6.00  28  61 6.30E-03                                                    1
  7.00  28  61 4.21E-02                                                    1
  8.00  28  61 1.00E-01                                                    1
  9.00  28  61 1.92E-01                                                    1
 10.00  28  61 3.19E-01                                                    1
 11.00  28  61 5.21E-01                                                    1
 12.00  28  61 9.43E-01                                                    1
 13.00  28  61 1.01E+00                                                    1
 14.00  28  61 1.61E+00                                                    1
 15.00  28  61 2.32E+00                                                    1
 16.00  28  61 2.47E+00                                                    1
 17.00  28  61 4.78E+00                                                    1
 18.00  28  61 1.57E+01                                                    1
 19.00  28  61 3.88E+01                                                    1
 20.00  28  61 7.03E+01                                                    1
 21.00  28  61 1.07E+02                                                    1
 22.00  28  61 1.45E+02                                                    1
 23.00  28  61 1.79E+02                                                    1
 24.00  28  61 2.20E+02                                                    1
 25.00  28  61 2.50E+02                                                    1
 26.00  28  61 2.84E+02                                                    1
 27.00  28  61 3.09E+02                                                    1
 28.00  28  61 3.24E+02                                                    1
 29.00  28  61 3.42E+02                                                    1
 30.00  28  61 3.41E+02                                                    1
 31.00  28  61 3.41E+02                                                    1
 32.00  28  61 3.39E+02                                                    1
 33.00  28  61 3.26E+02                                                    1
 34.00  28  61 3.18E+02                                                    1
 35.00  28  61 2.92E+02                                                    1
 36.00  28  61 2.84E+02                                                    1
 37.00  28  61 2.66E+02                                                    1
 38.00  28  61 2.50E+02                                                    1
 39.00  28  61 2.38E+02                                                    1
 14.00  28  60 2.92E-02                                                    1
 15.00  28  60 2.99E-02                                                    1
 16.00  28  60 4.57E-02                                                    1
 17.00  28  60 6.19E-02                                                    1
 18.00  28  60 1.41E-01                                                    1
 19.00  28  60 2.06E-01                                                    1
 20.00  28  60 1.44E-01                                                    1
 21.00  28  60 3.23E-01                                                    1
 22.00  28  60 4.39E-01                                                    1
 23.00  28  60 6.54E-01                                                    1
 24.00  28  60 9.04E-01                                                    1
 25.00  28  60 1.29E+00                                                    1
 26.00  28  60 1.80E+00                                                    1
 27.00  28  60 4.14E+00                                                    1
 28.00  28  60 1.16E+01                                                    1
 29.00  28  60 2.18E+01                                                    1
 30.00  28  60 4.32E+01                                                    1
 31.00  28  60 6.70E+01                                                    1
 32.00  28  60 9.64E+01                                                    1
 33.00  28  60 1.30E+02                                                    1
 34.00  28  60 1.60E+02                                                    1
 35.00  28  60 1.91E+02                                                    1
 36.00  28  60 2.22E+02                                                    1
 37.00  28  60 2.47E+02                                                    1
 38.00  28  60 2.72E+02                                                    1
 39.00  28  60 2.85E+02                                                    1
 26.00  28  59 3.31E-02                                                    1
 30.00  28  59 1.67E-02                                                    1
 31.00  28  59 1.68E-02                                                    1
 32.00  28  59 5.03E-02                                                    1
 33.00  28  59 8.40E-02                                                    1
 34.00  28  59 2.02E-01                                                    1
 35.00  28  59 2.36E-01                                                    1
 36.00  28  59 2.02E-01                                                    1
 37.00  28  59 3.37E-01                                                    1
 38.00  28  59 5.73E-01                                                    1
 39.00  28  59 8.09E-01                                                    1
 16.00  27  62 1.52E-02 0.00E+00 1.52E-02          1.00E+00            0   2
 17.00  27  62 3.10E-02 0.00E+00 3.10E-02          1.00E+00            0   2
 18.00  27  62 4.71E-02 0.00E+00 4.71E-02          1.00E+00            0   2
 19.00  27  62 3.17E-01 4.76E-02 2.70E-01          8.50E-01            0   2
 20.00  27  62 5.28E-01 9.60E-02 4.32E-01          8.18E-01            0   2
 21.00  27  62 6.46E-01 6.46E-02 5.81E-01          9.00E-01            0   2
 22.00  27  62 9.59E-01 6.50E-02 8.94E-01          9.32E-01            0   2
 23.00  27  62 1.36E+00 1.23E-01 1.23E+00          9.10E-01            0   2
 24.00  27  62 1.81E+00 1.15E-01 1.69E+00          9.36E-01            0   2
 25.00  27  62 2.05E+00 1.82E-01 1.86E+00          9.11E-01            0   2
 26.00  27  62 2.20E+00 1.41E-01 2.06E+00          9.36E-01            0   2
 27.00  27  62 2.49E+00 2.33E-01 2.26E+00          9.07E-01            0   2
 28.00  27  62 1.98E+00 1.42E-01 1.84E+00          9.29E-01            0   2
 29.00  27  62 2.77E+00 1.75E-01 2.60E+00          9.37E-01            0   2
 30.00  27  62 1.86E+00 7.53E-02 1.78E+00          9.59E-01            0   2
 31.00  27  62 1.93E+00 1.59E-01 1.77E+00          9.17E-01            0   2
 32.00  27  62 2.20E+00 1.68E-01 2.03E+00          9.24E-01            0   2
 33.00  27  62 1.78E+00 1.34E-01 1.65E+00          9.25E-01            0   2
 34.00  27  62 1.51E+00 1.68E-01 1.35E+00          8.89E-01            0   2
 35.00  27  62 1.50E+00 1.60E-01 1.34E+00          8.93E-01            0   2
 36.00  27  62 1.26E+00 1.43E-01 1.12E+00          8.87E-01            0   2
 37.00  27  62 1.62E+00 7.58E-02 1.54E+00          9.53E-01            0   2
 38.00  27  62 1.40E+00 1.26E-01 1.27E+00          9.10E-01            0   2
 39.00  27  62 1.35E+00 8.42E-02 1.26E+00          9.38E-01            0   2
  5.00  27  61 3.74E-03                                                    1
  7.00  27  61 8.41E-03                                                    1
  8.00  27  61 4.00E-02                                                    1
  9.00  27  61 1.13E-01                                                    1
 10.00  27  61 1.84E-01                                                    1
 11.00  27  61 4.17E-01                                                    1
 12.00  27  61 5.47E-01                                                    1
 13.00  27  61 6.23E-01                                                    1
 14.00  27  61 1.07E+00                                                    1
 15.00  27  61 1.28E+00                                                    1
 16.00  27  61 1.57E+00                                                    1
 17.00  27  61 2.15E+00                                                    1
 18.00  27  61 2.39E+00                                                    1
 19.00  27  61 2.94E+00                                                    1
 20.00  27  61 2.90E+00                                                    1
 21.00  27  61 3.62E+00                                                    1
 22.00  27  61 3.98E+00                                                    1
 23.00  27  61 5.24E+00                                                    1
 24.00  27  61 5.57E+00                                                    1
 25.00  27  61 6.67E+00                                                    1
 26.00  27  61 7.95E+00                                                    1
 27.00  27  61 8.98E+00                                                    1
 28.00  27  61 1.05E+01                                                    1
 29.00  27  61 1.50E+01                                                    1
 30.00  27  61 1.68E+01                                                    1
 31.00  27  61 2.07E+01                                                    1
 32.00  27  61 2.31E+01                                                    1
 33.00  27  61 2.61E+01                                                    1
 34.00  27  61 2.94E+01                                                    1
 35.00  27  61 3.22E+01                                                    1
 36.00  27  61 3.53E+01                                                    1
 37.00  27  61 3.93E+01                                                    1
 38.00  27  61 4.00E+01                                                    1
 39.00  27  61 4.23E+01                                                    1
  3.00  27  60 1.27E-02 0.00E+00 1.27E-02          1.00E+00            0   2
  4.00  27  60 2.41E-01 4.83E-02 1.93E-01          8.00E-01            0   2
  5.00  27  60 1.61E+00 5.27E-01 1.08E+00          6.72E-01            0   2
  6.00  27  60 4.00E+00 1.77E+00 2.23E+00          5.57E-01            0   2
  7.00  27  60 7.31E+00 4.43E+00 2.88E+00          3.94E-01            0   2
  8.00  27  60 1.09E+01 7.49E+00 3.37E+00          3.11E-01            0   2
  9.00  27  60 1.47E+01 1.10E+01 3.63E+00          2.48E-01            0   2
 10.00  27  60 1.67E+01 1.32E+01 3.56E+00          2.13E-01            0   2
 11.00  27  60 1.74E+01 1.39E+01 3.49E+00          2.00E-01            0   2
 12.00  27  60 1.58E+01 1.30E+01 2.76E+00          1.75E-01            0   2
 13.00  27  60 1.29E+01 1.11E+01 1.71E+00          1.33E-01            0   2
 14.00  27  60 8.99E+00 7.68E+00 1.31E+00          1.46E-01            0   2
 15.00  27  60 6.08E+00 5.39E+00 6.87E-01          1.13E-01            0   2
 16.00  27  60 4.82E+00 4.33E+00 4.88E-01          1.01E-01            0   2
 17.00  27  60 2.74E+00 2.52E+00 2.17E-01          7.91E-02            0   2
 18.00  27  60 2.26E+00 2.07E+00 1.88E-01          8.33E-02            0   2
 19.00  27  60 1.75E+00 1.55E+00 1.90E-01          1.09E-01            0   2
 20.00  27  60 1.01E+00 9.28E-01 8.00E-02          7.94E-02            0   2
 21.00  27  60 9.37E-01 8.88E-01 4.84E-02          5.17E-02            0   2
 22.00  27  60 7.64E-01 6.99E-01 6.50E-02          8.51E-02            0   2
 23.00  27  60 6.54E-01 5.88E-01 6.54E-02          1.00E-01            0   2
 24.00  27  60 7.23E-01 6.90E-01 3.29E-02          4.55E-02            0   2
 25.00  27  60 1.06E+00 9.90E-01 6.60E-02          6.25E-02            0   2
 26.00  27  60 1.06E+00 1.03E+00 3.31E-02          3.13E-02            0   2
 27.00  27  60 1.20E+00 1.15E+00 4.99E-02          4.17E-02            0   2
 28.00  27  60 1.67E+00 1.48E+00 1.83E-01          1.10E-01            0   2
 29.00  27  60 2.14E+00 2.04E+00 1.00E-01          4.69E-02            0   2
 30.00  27  60 2.28E+00 2.24E+00 3.35E-02          1.47E-02            0   2
 31.00  27  60 3.02E+00 2.87E+00 1.42E-01          4.72E-02            0   2
 32.00  27  60 3.27E+00 3.00E+00 2.68E-01          8.21E-02            0   2
 33.00  27  60 4.02E+00 3.77E+00 2.44E-01          6.07E-02            0   2
 34.00  27  60 4.93E+00 4.62E+00 3.11E-01          6.31E-02            0   2
 35.00  27  60 5.52E+00 5.06E+00 4.63E-01          8.38E-02            0   2
 36.00  27  60 7.37E+00 6.84E+00 5.30E-01          7.19E-02            0   2
 37.00  27  60 1.05E+01 9.78E+00 6.99E-01          6.67E-02            0   2
 38.00  27  60 1.20E+01 1.14E+01 5.98E-01          4.99E-02            0   2
 39.00  27  60 1.54E+01 1.47E+01 6.82E-01          4.44E-02            0   2
  7.00  27  59 8.41E-03                                                    1
  8.00  27  59 3.00E-02                                                    1
  9.00  27  59 2.14E-01                                                    1
 10.00  27  59 1.20E+00                                                    1
 11.00  27  59 5.79E+00                                                    1
 12.00  27  59 1.24E+01                                                    1
 13.00  27  59 2.23E+01                                                    1
 14.00  27  59 3.50E+01                                                    1
 15.00  27  59 4.50E+01                                                    1
 16.00  27  59 5.60E+01                                                    1
 17.00  27  59 6.29E+01                                                    1
 18.00  27  59 7.19E+01                                                    1
 19.00  27  59 7.80E+01                                                    1
 20.00  27  59 8.22E+01                                                    1
 21.00  27  59 8.47E+01                                                    1
 22.00  27  59 8.56E+01                                                    1
 23.00  27  59 8.42E+01                                                    1
 24.00  27  59 7.75E+01                                                    1
 25.00  27  59 7.09E+01                                                    1
 26.00  27  59 6.27E+01                                                    1
 27.00  27  59 5.54E+01                                                    1
 28.00  27  59 4.68E+01                                                    1
 29.00  27  59 4.01E+01                                                    1
 30.00  27  59 3.46E+01                                                    1
 31.00  27  59 2.96E+01                                                    1
 32.00  27  59 2.52E+01                                                    1
 33.00  27  59 2.24E+01                                                    1
 34.00  27  59 2.09E+01                                                    1
 35.00  27  59 1.89E+01                                                    1
 36.00  27  59 1.75E+01                                                    1
 37.00  27  59 1.62E+01                                                    1
 38.00  27  59 1.49E+01                                                    1
 39.00  27  59 1.59E+01                                                    1
 20.00  27  58 1.60E-02 0.00E+00 1.60E-02          1.00E+00            0   2
 21.00  27  58 1.45E-01 1.61E-02 1.29E-01          8.89E-01            0   2
 22.00  27  58 9.43E-01 9.75E-02 8.45E-01          8.97E-01            0   2
 23.00  27  58 2.63E+00 2.78E-01 2.35E+00          8.94E-01            0   2
 24.00  27  58 6.64E+00 4.77E-01 6.16E+00          9.28E-01            0   2
 25.00  27  58 1.24E+01 8.42E-01 1.16E+01          9.32E-01            0   2
 26.00  27  58 1.92E+01 1.27E+00 1.80E+01          9.34E-01            0   2
 27.00  27  58 2.58E+01 1.54E+00 2.43E+01          9.40E-01            0   2
 28.00  27  58 3.31E+01 1.88E+00 3.12E+01          9.43E-01            0   2
 29.00  27  58 3.67E+01 1.89E+00 3.48E+01          9.48E-01            0   2
 30.00  27  58 4.45E+01 2.49E+00 4.20E+01          9.44E-01            0   2
 31.00  27  58 4.93E+01 2.58E+00 4.67E+01          9.48E-01            0   2
 32.00  27  58 5.07E+01 2.66E+00 4.80E+01          9.48E-01            0   2
 33.00  27  58 5.49E+01 2.79E+00 5.22E+01          9.49E-01            0   2
 34.00  27  58 5.45E+01 2.29E+00 5.22E+01          9.58E-01            0   2
 35.00  27  58 5.59E+01 2.44E+00 5.35E+01          9.56E-01            0   2
 36.00  27  58 5.23E+01 2.32E+00 5.00E+01          9.56E-01            0   2
 37.00  27  58 5.20E+01 2.11E+00 4.99E+01          9.60E-01            0   2
 38.00  27  58 4.65E+01 1.96E+00 4.45E+01          9.58E-01            0   2
 39.00  27  58 4.28E+01 1.70E+00 4.11E+01          9.60E-01            0   2
 30.00  27  57 1.67E-02                                                    1
 31.00  27  57 6.70E-02                                                    1
 32.00  27  57 2.35E-01                                                    1
 33.00  27  57 8.57E-01                                                    1
 34.00  27  57 1.98E+00                                                    1
 35.00  27  57 3.57E+00                                                    1
 36.00  27  57 6.82E+00                                                    1
 37.00  27  57 1.04E+01                                                    1
 38.00  27  57 1.42E+01                                                    1
 39.00  27  57 1.89E+01                                                    1
 32.00  26  61 3.36E-02                                                    1
 33.00  26  61 1.68E-02                                                    1
 34.00  26  61 3.36E-02                                                    1
 35.00  26  61 1.68E-02                                                    1
 36.00  26  61 8.42E-02                                                    1
 37.00  26  61 1.35E-01                                                    1
 38.00  26  61 1.68E-01                                                    1
 39.00  26  61 1.68E-01                                                    1
 19.00  26  60 3.17E-02                                                    1
 22.00  26  60 4.88E-02                                                    1
 23.00  26  60 6.54E-02                                                    1
 24.00  26  60 6.57E-02                                                    1
 25.00  26  60 3.30E-02                                                    1
 26.00  26  60 1.49E-01                                                    1
 27.00  26  60 1.50E-01                                                    1
 28.00  26  60 1.00E-01                                                    1
 29.00  26  60 1.67E-01                                                    1
 30.00  26  60 2.85E-01                                                    1
 31.00  26  60 4.19E-01                                                    1
 32.00  26  60 4.53E-01                                                    1
 33.00  26  60 3.87E-01                                                    1
 34.00  26  60 3.53E-01                                                    1
 35.00  26  60 5.05E-01                                                    1
 36.00  26  60 4.71E-01                                                    1
 37.00  26  60 5.73E-01                                                    1
 38.00  26  60 6.74E-01                                                    1
 39.00  26  60 7.92E-01                                                    1
 10.00  26  59 8.59E-02                                                    1
 11.00  26  59 5.21E-02                                                    1
 12.00  26  59 8.20E-02                                                    1
 13.00  26  59 7.08E-02                                                    1
 14.00  26  59 1.46E-01                                                    1
 15.00  26  59 2.84E-01                                                    1
 16.00  26  59 3.81E-01                                                    1
 17.00  26  59 7.43E-01                                                    1
 18.00  26  59 1.48E+00                                                    1
 19.00  26  59 1.97E+00                                                    1
 20.00  26  59 3.14E+00                                                    1
 21.00  26  59 4.88E+00                                                    1
 22.00  26  59 6.47E+00                                                    1
 23.00  26  59 8.38E+00                                                    1
 24.00  26  59 1.09E+01                                                    1
 25.00  26  59 1.11E+01                                                    1
 26.00  26  59 1.19E+01                                                    1
 27.00  26  59 1.14E+01                                                    1
 28.00  26  59 1.16E+01                                                    1
 29.00  26  59 1.08E+01                                                    1
 30.00  26  59 9.81E+00                                                    1
 31.00  26  59 9.59E+00                                                    1
 32.00  26  59 8.86E+00                                                    1
 33.00  26  59 8.72E+00                                                    1
 34.00  26  59 8.12E+00                                                    1
 35.00  26  59 7.72E+00                                                    1
 36.00  26  59 7.12E+00                                                    1
 37.00  26  59 6.60E+00                                                    1
 38.00  26  59 7.46E+00                                                    1
 39.00  26  59 6.37E+00                                                    1
 16.00  26  58 1.52E-02                                                    1
 18.00  26  58 1.57E-02                                                    1
 19.00  26  58 7.93E-02                                                    1
 20.00  26  58 1.76E-01                                                    1
 21.00  26  58 6.94E-01                                                    1
 22.00  26  58 3.19E+00                                                    1
 23.00  26  58 6.58E+00                                                    1
 24.00  26  58 1.14E+01                                                    1
 25.00  26  58 1.76E+01                                                    1
 26.00  26  58 2.45E+01                                                    1
 27.00  26  58 3.19E+01                                                    1
 28.00  26  58 3.94E+01                                                    1
 29.00  26  58 4.72E+01                                                    1
 30.00  26  58 5.43E+01                                                    1
 31.00  26  58 6.37E+01                                                    1
 32.00  26  58 7.40E+01                                                    1
 33.00  26  58 8.13E+01                                                    1
 34.00  26  58 8.93E+01                                                    1
 35.00  26  58 9.48E+01                                                    1
 36.00  26  58 9.79E+01                                                    1
 37.00  26  58 1.03E+02                                                    1
 38.00  26  58 1.06E+02                                                    1
 39.00  26  58 1.04E+02                                                    1
 19.00  26  57 1.59E-02                                                    1
 27.00  26  57 3.32E-02                                                    1
 28.00  26  57 3.33E-02                                                    1
 29.00  26  57 1.67E-02                                                    1
 30.00  26  57 3.35E-02                                                    1
 31.00  26  57 3.35E-02                                                    1
 32.00  26  57 8.39E-02                                                    1
 33.00  26  57 2.18E-01                                                    1
 34.00  26  57 5.72E-01                                                    1
 35.00  26  57 1.58E+00                                                    1
 36.00  26  57 3.48E+00                                                    1
 37.00  26  57 7.30E+00                                                    1
 38.00  26  57 1.27E+01                                                    1
 39.00  26  57 1.89E+01                                                    1
 27.00  26  56 1.66E-02                                                    1
 36.00  26  56 1.68E-02                                                    1
 37.00  26  56 1.68E-02                                                    1
 38.00  26  56 1.01E-01                                                    1
 39.00  26  56 1.01E-01                                                    1
 35.00  25  58 1.68E-02 1.68E-02 0.00E+00          0.00E+00            0   2
 36.00  25  58 3.37E-02 3.37E-02 0.00E+00          0.00E+00            0   2
 37.00  25  58 5.05E-02 5.05E-02 0.00E+00          0.00E+00            0   2
 39.00  25  58 2.02E-01 2.02E-01 0.00E+00          0.00E+00            0   2
 29.00  25  57 1.67E-02                                                    1
 33.00  25  57 1.68E-02                                                    1
 35.00  25  57 1.68E-02                                                    1
 37.00  25  57 1.68E-02                                                    1
 38.00  25  57 1.68E-02                                                    1
 19.00  25  56 1.59E-02                                                    1
 20.00  25  56 1.60E-02                                                    1
 21.00  25  56 1.45E-01                                                    1
 22.00  25  56 2.93E-01                                                    1
 23.00  25  56 2.94E-01                                                    1
 24.00  25  56 5.09E-01                                                    1
 25.00  25  56 1.01E+00                                                    1
 26.00  25  56 1.08E+00                                                    1
 27.00  25  56 1.03E+00                                                    1
 28.00  25  56 1.42E+00                                                    1
 29.00  25  56 1.80E+00                                                    1
 30.00  25  56 1.76E+00                                                    1
 31.00  25  56 1.56E+00                                                    1
 32.00  25  56 1.56E+00                                                    1
 33.00  25  56 1.29E+00                                                    1
 34.00  25  56 9.42E-01                                                    1
 35.00  25  56 8.75E-01                                                    1
 36.00  25  56 9.93E-01                                                    1
 37.00  25  56 5.73E-01                                                    1
 38.00  25  56 4.89E-01                                                    1
 39.00  25  56 3.37E-01                                                    1
 25.00  25  55 1.65E-02                                                    1
 26.00  25  55 4.97E-02                                                    1
 27.00  25  55 1.50E-01                                                    1
 28.00  25  55 3.17E-01                                                    1
 29.00  25  55 9.85E-01                                                    1
 30.00  25  55 1.21E+00                                                    1
 31.00  25  55 1.99E+00                                                    1
 32.00  25  55 2.68E+00                                                    1
 33.00  25  55 3.51E+00                                                    1
 34.00  25  55 4.34E+00                                                    1
 35.00  25  55 5.35E+00                                                    1
 36.00  25  55 6.60E+00                                                    1
 37.00  25  55 6.44E+00                                                    1
 38.00  25  55 7.16E+00                                                    1
 39.00  25  55 8.19E+00                                                    1
 38.00  25  54 3.37E-02                                                    1
 39.00  25  54 1.18E-01                                                    1
 34.00  24  55 3.36E-02                                                    1
 35.00  24  55 8.41E-02                                                    1
 36.00  24  55 1.01E-01                                                    1
 37.00  24  55 1.35E-01                                                    1
 38.00  24  55 2.53E-01                                                    1
 39.00  24  55 4.04E-01                                                    1
 34.00  24  54 1.68E-02                                                    1
 38.00  24  54 1.68E-02                                                    1
 39.00  24  54 5.05E-02                                                    1
  Ebeam =   1.0000000000000000      sumcs=   0.0000000000000000     
  Ebeam =   2.0000000000000000      sumcs=   0.0000000000000000     
  Ebeam =   3.0000000000000000      sumcs=   13.775457512704939     
  Ebeam =   4.0000000000000000      sumcs=   130.42057974863826     
  Ebeam =   5.0000000000000000      sumcs=   373.56726202986340     
  Ebeam =   6.0000000000000000      sumcs=   630.10582706833520     
  Ebeam =   7.0000000000000000      sumcs=   841.19296038174230     
  Ebeam =   8.0000000000000000      sumcs=   1000.9876165440676     
  Ebeam =   9.0000000000000000      sumcs=   1128.2252439694494     
  Ebeam =   10.000000000000000      sumcs=   1227.5093078432683     
  Ebeam =   11.000000000000000      sumcs=   1303.6017960983820     
  Ebeam =   12.000000000000000      sumcs=   1367.0349941472871     
  Ebeam =   13.000000000000000      sumcs=   1416.5604278023736     
  Ebeam =   14.000000000000000      sumcs=   1459.8196104312076     
  Ebeam =   15.000000000000000      sumcs=   1493.6414731797313     
  Ebeam =   16.000000000000000      sumcs=   1524.0414726224267     
  Ebeam =   17.000000000000000      sumcs=   1547.8485027511535     
  Ebeam =   18.000000000000000      sumcs=   1569.6460309659456     
  Ebeam =   19.000000000000000      sumcs=   1586.6344687262947     
  Ebeam =   20.000000000000000      sumcs=   1600.7358970786429     
  Ebeam =   21.000000000000000      sumcs=   1614.7365259259232     
  Ebeam =   22.000000000000000      sumcs=   1625.1743682574713     
  Ebeam =   23.000000000000000      sumcs=   1633.9537053593210     
  Ebeam =   24.000000000000000      sumcs=   1643.5494620265222     
  Ebeam =   25.000000000000000      sumcs=   1650.1964569032516     
  Ebeam =   26.000000000000000      sumcs=   1655.6809432207610     
  Ebeam =   27.000000000000000      sumcs=   1662.2163256030583     
  Ebeam =   28.000000000000000      sumcs=   1666.2365706029780     
  Ebeam =   29.000000000000000      sumcs=   1669.4525729367597     
  Ebeam =   30.000000000000000      sumcs=   1673.8178569787856     
  Ebeam =   31.000000000000000      sumcs=   1676.1145761004498     
  Ebeam =   32.000000000000000      sumcs=   1677.8694568932124     
  Ebeam =   33.000000000000000      sumcs=   1680.7368537177147     
  Ebeam =   34.000000000000000      sumcs=   1681.9035959453995     
  Ebeam =   35.000000000000000      sumcs=   1682.6885382854834     
  Ebeam =   36.000000000000000      sumcs=   1683.1170032923014     
  Ebeam =   37.000000000000000      sumcs=   1684.8467033522209     
  Ebeam =   38.000000000000000      sumcs=   1684.9428607903728     
  Ebeam =   39.000000000000000      sumcs=   1684.7706367679766     
