
  An isotopic target is assumed:
  At# Mass# % abundance % uncertainty
  28  58 Ni   68.077000  0.009000
  28  60 Ni   26.223000  0.008000
  28  61 Ni    1.140000  0.001000
  28  62 Ni    3.634000  0.002000
  28  64 Ni    0.926000  0.001000
  ldopt set internally =           1
 Kataria-Ramamurthy shell dependent ld

   1.0000000000000000        2.0000000000000000        28.000000000000000        64.000000000000000                1           0  ZP,AP,ZT,AT,ISOT,LEVNO
 
 
1Deuterions on Nickel                                                            
  Ebeam  Rx.cs used  Rx. cs algo fiss cs (mb) capture cs (mb)
   1.00  0.000E+00    0.00E+00    0.00E+00    0.00E+00
   2.00  0.000E+00    0.00E+00    0.00E+00    0.00E+00
   3.00  1.222E+01    0.00E+00    0.00E+00    3.37E-05
   4.00  1.177E+02    0.00E+00    0.00E+00    2.54E-04
   5.00  3.471E+02    0.00E+00    0.00E+00    5.92E-04
   6.00  5.956E+02    0.00E+00    0.00E+00    7.81E-04
   7.00  8.030E+02    0.00E+00    0.00E+00    7.86E-04
   8.00  9.615E+02    0.00E+00    0.00E+00    4.71E-03
   9.00  1.087E+03    0.00E+00    0.00E+00    4.50E-03
  10.00  1.185E+03    0.00E+00    0.00E+00    3.90E-03
  11.00  1.261E+03    0.00E+00    0.00E+00    3.34E-03
  12.00  1.324E+03    0.00E+00    0.00E+00    2.85E-03
  13.00  1.374E+03    0.00E+00    0.00E+00    2.55E-03
  14.00  1.416E+03    0.00E+00    0.00E+00    2.19E-03
  15.00  1.450E+03    0.00E+00    0.00E+00    3.19E-04
  16.00  1.480E+03    0.00E+00    0.00E+00    2.73E-04
  17.00  1.504E+03    0.00E+00    0.00E+00    1.95E-04
  18.00  1.524E+03    0.00E+00    0.00E+00    1.67E-04
  19.00  1.543E+03    0.00E+00    0.00E+00    1.46E-04
  20.00  1.557E+03    0.00E+00    0.00E+00    1.24E-04
  21.00  1.571E+03    0.00E+00    0.00E+00    1.11E-04
  22.00  1.581E+03    0.00E+00    0.00E+00    8.82E-05
  23.00  1.590E+03    0.00E+00    0.00E+00    4.70E-04
  24.00  1.599E+03    0.00E+00    0.00E+00    4.01E-04
  25.00  1.606E+03    0.00E+00    0.00E+00    3.56E-04
  26.00  1.611E+03    0.00E+00    0.00E+00    2.98E-04
  27.00  1.618E+03    0.00E+00    0.00E+00    2.44E-04
  28.00  1.622E+03    0.00E+00    0.00E+00    2.21E-04
  29.00  1.625E+03    0.00E+00    0.00E+00    1.83E-04
  30.00  1.628E+03    0.00E+00    0.00E+00    0.00E+00
  31.00  1.632E+03    0.00E+00    0.00E+00    0.00E+00
  32.00  1.634E+03    0.00E+00    0.00E+00    0.00E+00
  33.00  1.635E+03    0.00E+00    0.00E+00    0.00E+00
  34.00  1.638E+03    0.00E+00    0.00E+00    0.00E+00
  35.00  1.639E+03    0.00E+00    0.00E+00    0.00E+00
  36.00  1.639E+03    0.00E+00    0.00E+00    0.00E+00
  37.00  1.639E+03    0.00E+00    0.00E+00    0.00E+00
  38.00  1.641E+03    0.00E+00    0.00E+00    0.00E+00
  39.00  1.641E+03    0.00E+00    0.00E+00    0.00E+00
 Ebeam (MeV) Rx cs (mb) fiss cs (mb) capture cs (mb)

  Ebeam  Z   A   Total    grnd st  isomer1 isomer2  isomer1  isomer2  didl nolevs
  (MeV)           cs.      cs.      cs.     cs.     to total to total
  3.00  29  66 3.37E-05                                                    1
  4.00  29  66 2.54E-04                                                    1
  5.00  29  66 5.92E-04                                                    1
  6.00  29  66 7.81E-04                                                    1
  7.00  29  66 7.86E-04                                                    1
  8.00  29  66 4.71E-03                                                    1
  9.00  29  66 4.50E-03                                                    1
 10.00  29  66 3.90E-03                                                    1
 11.00  29  66 3.34E-03                                                    1
 12.00  29  66 2.85E-03                                                    1
 13.00  29  66 2.55E-03                                                    1
 14.00  29  66 2.19E-03                                                    1
 15.00  29  66 3.19E-04                                                    1
 16.00  29  66 2.73E-04                                                    1
 17.00  29  66 1.95E-04                                                    1
 18.00  29  66 1.67E-04                                                    1
 19.00  29  66 1.46E-04                                                    1
 20.00  29  66 1.24E-04                                                    1
 21.00  29  66 1.11E-04                                                    1
 22.00  29  66 8.82E-05                                                    1
 23.00  29  66 4.70E-04                                                    1
 24.00  29  66 4.01E-04                                                    1
 25.00  29  66 3.56E-04                                                    1
 26.00  29  66 2.98E-04                                                    1
 27.00  29  66 2.44E-04                                                    1
 28.00  29  66 2.21E-04                                                    1
 29.00  29  66 1.83E-04                                                    1
  3.00  29  65 1.20E+01                                                    1
  4.00  29  65 1.13E+02                                                    1
  5.00  29  65 3.22E+02                                                    1
  6.00  29  65 5.35E+02                                                    1
  7.00  29  65 6.56E+02                                                    1
  8.00  29  65 6.21E+02                                                    1
  9.00  29  65 5.43E+02                                                    1
 10.00  29  65 4.76E+02                                                    1
 11.00  29  65 4.30E+02                                                    1
 12.00  29  65 3.91E+02                                                    1
 13.00  29  65 3.62E+02                                                    1
 14.00  29  65 3.43E+02                                                    1
 15.00  29  65 3.23E+02                                                    1
 16.00  29  65 3.17E+02                                                    1
 17.00  29  65 3.06E+02                                                    1
 18.00  29  65 2.91E+02                                                    1
 19.00  29  65 2.91E+02                                                    1
 20.00  29  65 2.79E+02                                                    1
 21.00  29  65 2.73E+02                                                    1
 22.00  29  65 2.67E+02                                                    1
 23.00  29  65 2.56E+02                                                    1
 24.00  29  65 2.53E+02                                                    1
 25.00  29  65 2.45E+02                                                    1
 26.00  29  65 2.38E+02                                                    1
 27.00  29  65 2.34E+02                                                    1
 28.00  29  65 2.24E+02                                                    1
 29.00  29  65 2.27E+02                                                    1
 30.00  29  65 2.17E+02                                                    1
 31.00  29  65 2.13E+02                                                    1
 32.00  29  65 2.07E+02                                                    1
 33.00  29  65 2.04E+02                                                    1
 34.00  29  65 1.98E+02                                                    1
 35.00  29  65 1.91E+02                                                    1
 36.00  29  65 1.91E+02                                                    1
 37.00  29  65 1.86E+02                                                    1
 38.00  29  65 1.85E+02                                                    1
 39.00  29  65 1.83E+02                                                    1
  4.00  29  64 1.34E-01                                                    1
  5.00  29  64 9.47E-01                                                    1
  6.00  29  64 2.82E+00                                                    1
  7.00  29  64 4.32E+01                                                    1
  8.00  29  64 1.84E+02                                                    1
  9.00  29  64 3.35E+02                                                    1
 10.00  29  64 4.52E+02                                                    1
 11.00  29  64 5.31E+02                                                    1
 12.00  29  64 5.84E+02                                                    1
 13.00  29  64 6.19E+02                                                    1
 14.00  29  64 6.46E+02                                                    1
 15.00  29  64 6.57E+02                                                    1
 16.00  29  64 6.51E+02                                                    1
 17.00  29  64 6.16E+02                                                    1
 18.00  29  64 5.63E+02                                                    1
 19.00  29  64 4.89E+02                                                    1
 20.00  29  64 4.27E+02                                                    1
 21.00  29  64 3.66E+02                                                    1
 22.00  29  64 3.17E+02                                                    1
 23.00  29  64 2.76E+02                                                    1
 24.00  29  64 2.42E+02                                                    1
 25.00  29  64 2.14E+02                                                    1
 26.00  29  64 1.99E+02                                                    1
 27.00  29  64 1.84E+02                                                    1
 28.00  29  64 1.71E+02                                                    1
 29.00  29  64 1.60E+02                                                    1
 30.00  29  64 1.54E+02                                                    1
 31.00  29  64 1.49E+02                                                    1
 32.00  29  64 1.40E+02                                                    1
 33.00  29  64 1.35E+02                                                    1
 34.00  29  64 1.32E+02                                                    1
 35.00  29  64 1.28E+02                                                    1
 36.00  29  64 1.25E+02                                                    1
 37.00  29  64 1.23E+02                                                    1
 38.00  29  64 1.18E+02                                                    1
 39.00  29  64 1.13E+02                                                    1
 12.00  29  63 2.71E-02                                                    1
 13.00  29  63 1.97E-01                                                    1
 14.00  29  63 6.23E-01                                                    1
 15.00  29  63 1.42E+00                                                    1
 16.00  29  63 1.09E+01                                                    1
 17.00  29  63 4.39E+01                                                    1
 18.00  29  63 9.46E+01                                                    1
 19.00  29  63 1.59E+02                                                    1
 20.00  29  63 2.17E+02                                                    1
 21.00  29  63 2.67E+02                                                    1
 22.00  29  63 3.05E+02                                                    1
 23.00  29  63 3.39E+02                                                    1
 24.00  29  63 3.61E+02                                                    1
 25.00  29  63 3.72E+02                                                    1
 26.00  29  63 3.71E+02                                                    1
 27.00  29  63 3.70E+02                                                    1
 28.00  29  63 3.58E+02                                                    1
 29.00  29  63 3.40E+02                                                    1
 30.00  29  63 3.14E+02                                                    1
 31.00  29  63 2.85E+02                                                    1
 32.00  29  63 2.61E+02                                                    1
 33.00  29  63 2.33E+02                                                    1
 34.00  29  63 2.10E+02                                                    1
 35.00  29  63 1.90E+02                                                    1
 36.00  29  63 1.68E+02                                                    1
 37.00  29  63 1.51E+02                                                    1
 38.00  29  63 1.40E+02                                                    1
 39.00  29  63 1.26E+02                                                    1
 26.00  29  62 1.64E-02                                                    1
 27.00  29  62 4.94E-02                                                    1
 28.00  29  62 1.65E-01                                                    1
 29.00  29  62 8.53E-01                                                    1
 30.00  29  62 2.12E+00                                                    1
 31.00  29  62 4.81E+00                                                    1
 32.00  29  62 8.09E+00                                                    1
 33.00  29  62 1.45E+01                                                    1
 34.00  29  62 2.14E+01                                                    1
 35.00  29  62 2.81E+01                                                    1
 36.00  29  62 3.68E+01                                                    1
 37.00  29  62 4.43E+01                                                    1
 38.00  29  62 5.22E+01                                                    1
 39.00  29  62 5.54E+01                                                    1
 37.00  29  61 1.71E-02                                                    1
 38.00  29  61 9.97E-02                                                    1
 39.00  29  61 3.80E-01                                                    1
  3.00  28  65 4.73E-01                                                    1
  4.00  28  65 7.01E+00                                                    1
  5.00  28  65 2.88E+01                                                    1
  6.00  28  65 6.29E+01                                                    1
  7.00  28  65 1.01E+02                                                    1
  8.00  28  65 1.36E+02                                                    1
  9.00  28  65 1.62E+02                                                    1
 10.00  28  65 1.79E+02                                                    1
 11.00  28  65 1.87E+02                                                    1
 12.00  28  65 1.92E+02                                                    1
 13.00  28  65 1.98E+02                                                    1
 14.00  28  65 1.93E+02                                                    1
 15.00  28  65 1.94E+02                                                    1
 16.00  28  65 1.90E+02                                                    1
 17.00  28  65 1.86E+02                                                    1
 18.00  28  65 1.84E+02                                                    1
 19.00  28  65 1.80E+02                                                    1
 20.00  28  65 1.79E+02                                                    1
 21.00  28  65 1.73E+02                                                    1
 22.00  28  65 1.71E+02                                                    1
 23.00  28  65 1.65E+02                                                    1
 24.00  28  65 1.60E+02                                                    1
 25.00  28  65 1.58E+02                                                    1
 26.00  28  65 1.52E+02                                                    1
 27.00  28  65 1.46E+02                                                    1
 28.00  28  65 1.43E+02                                                    1
 29.00  28  65 1.42E+02                                                    1
 30.00  28  65 1.36E+02                                                    1
 31.00  28  65 1.34E+02                                                    1
 32.00  28  65 1.29E+02                                                    1
 33.00  28  65 1.28E+02                                                    1
 34.00  28  65 1.25E+02                                                    1
 35.00  28  65 1.21E+02                                                    1
 36.00  28  65 1.17E+02                                                    1
 37.00  28  65 1.19E+02                                                    1
 38.00  28  65 1.15E+02                                                    1
 39.00  28  65 1.13E+02                                                    1
  3.00  28  64 1.34E-04                                                    1
  4.00  28  64 2.67E-02                                                    1
  5.00  28  64 1.28E-01                                                    1
  6.00  28  64 6.33E-01                                                    1
  7.00  28  64 8.40E+00                                                    1
  8.00  28  64 2.56E+01                                                    1
  9.00  28  64 5.02E+01                                                    1
 10.00  28  64 8.07E+01                                                    1
 11.00  28  64 1.15E+02                                                    1
 12.00  28  64 1.54E+02                                                    1
 13.00  28  64 1.89E+02                                                    1
 14.00  28  64 2.24E+02                                                    1
 15.00  28  64 2.60E+02                                                    1
 16.00  28  64 2.92E+02                                                    1
 17.00  28  64 3.25E+02                                                    1
 18.00  28  64 3.59E+02                                                    1
 19.00  28  64 3.80E+02                                                    1
 20.00  28  64 3.96E+02                                                    1
 21.00  28  64 4.11E+02                                                    1
 22.00  28  64 4.13E+02                                                    1
 23.00  28  64 4.17E+02                                                    1
 24.00  28  64 4.17E+02                                                    1
 25.00  28  64 4.19E+02                                                    1
 26.00  28  64 4.12E+02                                                    1
 27.00  28  64 4.08E+02                                                    1
 28.00  28  64 4.07E+02                                                    1
 29.00  28  64 4.00E+02                                                    1
 30.00  28  64 3.98E+02                                                    1
 31.00  28  64 3.97E+02                                                    1
 32.00  28  64 3.97E+02                                                    1
 33.00  28  64 3.93E+02                                                    1
 34.00  28  64 3.96E+02                                                    1
 35.00  28  64 3.96E+02                                                    1
 36.00  28  64 3.93E+02                                                    1
 37.00  28  64 3.94E+02                                                    1
 38.00  28  64 3.92E+02                                                    1
 39.00  28  64 3.92E+02                                                    1
  6.00  28  63 5.96E-03                                                    1
  8.00  28  63 5.79E-02                                                    1
  9.00  28  63 1.33E-01                                                    1
 10.00  28  63 2.27E-01                                                    1
 11.00  28  63 3.94E-01                                                    1
 12.00  28  63 7.07E-01                                                    1
 13.00  28  63 9.96E-01                                                    1
 14.00  28  63 1.33E+00                                                    1
 15.00  28  63 1.71E+00                                                    1
 16.00  28  63 2.38E+00                                                    1
 17.00  28  63 3.57E+00                                                    1
 18.00  28  63 5.07E+00                                                    1
 19.00  28  63 1.11E+01                                                    1
 20.00  28  63 2.11E+01                                                    1
 21.00  28  63 3.73E+01                                                    1
 22.00  28  63 5.93E+01                                                    1
 23.00  28  63 8.29E+01                                                    1
 24.00  28  63 1.10E+02                                                    1
 25.00  28  63 1.36E+02                                                    1
 26.00  28  63 1.66E+02                                                    1
 27.00  28  63 1.88E+02                                                    1
 28.00  28  63 2.09E+02                                                    1
 29.00  28  63 2.17E+02                                                    1
 30.00  28  63 2.29E+02                                                    1
 31.00  28  63 2.36E+02                                                    1
 32.00  28  63 2.34E+02                                                    1
 33.00  28  63 2.33E+02                                                    1
 34.00  28  63 2.21E+02                                                    1
 35.00  28  63 2.16E+02                                                    1
 36.00  28  63 2.08E+02                                                    1
 37.00  28  63 1.96E+02                                                    1
 38.00  28  63 1.89E+02                                                    1
 39.00  28  63 1.82E+02                                                    1
 13.00  28  62 2.77E-02                                                    1
 16.00  28  62 8.88E-02                                                    1
 17.00  28  62 1.67E-01                                                    1
 18.00  28  62 2.15E-01                                                    1
 19.00  28  62 2.65E-01                                                    1
 20.00  28  62 3.75E-01                                                    1
 21.00  28  62 6.47E-01                                                    1
 22.00  28  62 5.73E-01                                                    1
 23.00  28  62 9.76E-01                                                    1
 24.00  28  62 1.26E+00                                                    1
 25.00  28  62 2.45E+00                                                    1
 26.00  28  62 5.91E+00                                                    1
 27.00  28  62 1.50E+01                                                    1
 28.00  28  62 3.08E+01                                                    1
 29.00  28  62 5.42E+01                                                    1
 30.00  28  62 8.59E+01                                                    1
 31.00  28  62 1.18E+02                                                    1
 32.00  28  62 1.51E+02                                                    1
 33.00  28  62 1.82E+02                                                    1
 34.00  28  62 2.12E+02                                                    1
 35.00  28  62 2.38E+02                                                    1
 36.00  28  62 2.61E+02                                                    1
 37.00  28  62 2.75E+02                                                    1
 38.00  28  62 2.92E+02                                                    1
 39.00  28  62 3.05E+02                                                    1
 25.00  28  61 1.61E-02                                                    1
 27.00  28  61 3.26E-02                                                    1
 29.00  28  61 1.65E-02                                                    1
 31.00  28  61 1.14E-01                                                    1
 32.00  28  61 1.81E-01                                                    1
 33.00  28  61 3.78E-01                                                    1
 34.00  28  61 4.28E-01                                                    1
 35.00  28  61 3.95E-01                                                    1
 36.00  28  61 7.10E-01                                                    1
 37.00  28  61 1.07E+00                                                    1
 38.00  28  61 1.42E+00                                                    1
 39.00  28  61 1.92E+00                                                    1
 38.00  28  60 1.64E-02                                                    1
 20.00  27  64 1.58E-02                                                    1
 22.00  27  64 7.93E-02                                                    1
 23.00  27  64 9.56E-02                                                    1
 24.00  27  64 1.61E-01                                                    1
 25.00  27  64 3.06E-01                                                    1
 26.00  27  64 2.43E-01                                                    1
 27.00  27  64 3.42E-01                                                    1
 28.00  27  64 6.53E-01                                                    1
 29.00  27  64 6.36E-01                                                    1
 30.00  27  64 4.57E-01                                                    1
 31.00  27  64 7.69E-01                                                    1
 32.00  27  64 5.09E-01                                                    1
 33.00  27  64 6.40E-01                                                    1
 34.00  27  64 5.42E-01                                                    1
 35.00  27  64 6.91E-01                                                    1
 36.00  27  64 6.09E-01                                                    1
 37.00  27  64 5.76E-01                                                    1
 38.00  27  64 5.93E-01                                                    1
 39.00  27  64 5.44E-01                                                    1
  5.00  27  63 3.67E-03                                                    1
  7.00  27  63 1.63E-02                                                    1
  8.00  27  63 2.90E-02                                                    1
  9.00  27  63 9.87E-02                                                    1
 10.00  27  63 1.20E-01                                                    1
 11.00  27  63 2.66E-01                                                    1
 12.00  27  63 6.27E-01                                                    1
 13.00  27  63 7.59E-01                                                    1
 14.00  27  63 1.11E+00                                                    1
 15.00  27  63 1.62E+00                                                    1
 16.00  27  63 1.77E+00                                                    1
 17.00  27  63 2.16E+00                                                    1
 18.00  27  63 2.61E+00                                                    1
 19.00  27  63 2.95E+00                                                    1
 20.00  27  63 3.28E+00                                                    1
 21.00  27  63 4.10E+00                                                    1
 22.00  27  63 4.54E+00                                                    1
 23.00  27  63 5.32E+00                                                    1
 24.00  27  63 4.92E+00                                                    1
 25.00  27  63 6.37E+00                                                    1
 26.00  27  63 6.72E+00                                                    1
 27.00  27  63 7.02E+00                                                    1
 28.00  27  63 8.13E+00                                                    1
 29.00  27  63 8.97E+00                                                    1
 30.00  27  63 9.41E+00                                                    1
 31.00  27  63 1.03E+01                                                    1
 32.00  27  63 1.18E+01                                                    1
 33.00  27  63 1.30E+01                                                    1
 34.00  27  63 1.43E+01                                                    1
 35.00  27  63 1.60E+01                                                    1
 36.00  27  63 1.76E+01                                                    1
 37.00  27  63 1.87E+01                                                    1
 38.00  27  63 1.99E+01                                                    1
 39.00  27  63 2.17E+01                                                    1
  3.00  27  62 1.22E-04 0.00E+00 0.00E+00          0.00E+00            0   2
  4.00  27  62 9.77E-03 0.00E+00 0.00E+00          0.00E+00            0   2
  5.00  27  62 8.87E-02 0.00E+00 0.00E+00          0.00E+00            0   2
  6.00  27  62 5.20E-01 0.00E+00 0.00E+00          0.00E+00            0   2
  7.00  27  62 1.18E+00 0.00E+00 0.00E+00          0.00E+00            0   2
  8.00  27  62 2.03E+00 0.00E+00 0.00E+00          0.00E+00            0   2
  9.00  27  62 3.93E+00 0.00E+00 0.00E+00          0.00E+00            0   2
 10.00  27  62 4.94E+00 0.00E+00 0.00E+00          0.00E+00            0   2
 11.00  27  62 6.10E+00 0.00E+00 0.00E+00          0.00E+00            0   2
 12.00  27  62 6.45E+00 0.00E+00 0.00E+00          0.00E+00            0   2
 13.00  27  62 5.07E+00 0.00E+00 0.00E+00          0.00E+00            0   2
 14.00  27  62 4.43E+00 0.00E+00 0.00E+00          0.00E+00            0   2
 15.00  27  62 3.22E+00 0.00E+00 0.00E+00          0.00E+00            0   2
 16.00  27  62 2.21E+00 0.00E+00 0.00E+00          0.00E+00            0   2
 17.00  27  62 1.88E+00 0.00E+00 0.00E+00          0.00E+00            0   2
 18.00  27  62 1.21E+00 0.00E+00 0.00E+00          0.00E+00            0   2
 19.00  27  62 7.44E-01 0.00E+00 0.00E+00          0.00E+00            0   2
 20.00  27  62 7.19E-01 0.00E+00 0.00E+00          0.00E+00            0   2
 21.00  27  62 3.62E-01 0.00E+00 0.00E+00          0.00E+00            0   2
 22.00  27  62 5.23E-01 0.00E+00 0.00E+00          0.00E+00            0   2
 23.00  27  62 8.15E-01 0.00E+00 0.00E+00          0.00E+00            0   2
 24.00  27  62 7.22E-01 0.00E+00 0.00E+00          0.00E+00            0   2
 25.00  27  62 1.06E+00 0.00E+00 0.00E+00          0.00E+00            0   2
 26.00  27  62 1.09E+00 0.00E+00 0.00E+00          0.00E+00            0   2
 27.00  27  62 1.56E+00 0.00E+00 0.00E+00          0.00E+00            0   2
 28.00  27  62 1.37E+00 0.00E+00 0.00E+00          0.00E+00            0   2
 29.00  27  62 1.83E+00 0.00E+00 0.00E+00          0.00E+00            0   2
 30.00  27  62 2.59E+00 0.00E+00 0.00E+00          0.00E+00            0   2
 31.00  27  62 2.87E+00 0.00E+00 0.00E+00          0.00E+00            0   2
 32.00  27  62 3.41E+00 0.00E+00 0.00E+00          0.00E+00            0   2
 33.00  27  62 3.81E+00 0.00E+00 0.00E+00          0.00E+00            0   2
 34.00  27  62 4.34E+00 0.00E+00 0.00E+00          0.00E+00            0   2
 35.00  27  62 5.28E+00 0.00E+00 0.00E+00          0.00E+00            0   2
 36.00  27  62 5.91E+00 0.00E+00 0.00E+00          0.00E+00            0   2
 37.00  27  62 7.10E+00 0.00E+00 0.00E+00          0.00E+00            0   2
 38.00  27  62 7.88E+00 0.00E+00 0.00E+00          0.00E+00            0   2
 39.00  27  62 9.41E+00 0.00E+00 0.00E+00          0.00E+00            0   2
  7.00  27  61 8.32E-03                                                    1
  8.00  27  61 1.95E-02                                                    1
  9.00  27  61 5.52E-02                                                    1
 10.00  27  61 2.16E-01                                                    1
 11.00  27  61 8.40E-01                                                    1
 12.00  27  61 3.14E+00                                                    1
 13.00  27  61 6.72E+00                                                    1
 14.00  27  61 1.14E+01                                                    1
 15.00  27  61 1.60E+01                                                    1
 16.00  27  61 2.17E+01                                                    1
 17.00  27  61 2.77E+01                                                    1
 18.00  27  61 3.09E+01                                                    1
 19.00  27  61 3.56E+01                                                    1
 20.00  27  61 4.10E+01                                                    1
 21.00  27  61 4.54E+01                                                    1
 22.00  27  61 4.91E+01                                                    1
 23.00  27  61 4.85E+01                                                    1
 24.00  27  61 4.66E+01                                                    1
 25.00  27  61 4.20E+01                                                    1
 26.00  27  61 3.91E+01                                                    1
 27.00  27  61 3.45E+01                                                    1
 28.00  27  61 3.09E+01                                                    1
 29.00  27  61 2.61E+01                                                    1
 30.00  27  61 2.26E+01                                                    1
 31.00  27  61 1.78E+01                                                    1
 32.00  27  61 1.66E+01                                                    1
 33.00  27  61 1.43E+01                                                    1
 34.00  27  61 1.28E+01                                                    1
 35.00  27  61 1.10E+01                                                    1
 36.00  27  61 9.88E+00                                                    1
 37.00  27  61 1.05E+01                                                    1
 38.00  27  61 1.01E+01                                                    1
 39.00  27  61 9.84E+00                                                    1
 19.00  27  60 1.58E-02 0.00E+00 0.00E+00          0.00E+00            0   2
 20.00  27  60 1.11E-01 0.00E+00 0.00E+00          0.00E+00            0   2
 21.00  27  60 6.20E-01 0.00E+00 0.00E+00          0.00E+00            0   2
 22.00  27  60 1.57E+00 0.00E+00 0.00E+00          0.00E+00            0   2
 23.00  27  60 5.03E+00 0.00E+00 0.00E+00          0.00E+00            0   2
 24.00  27  60 9.82E+00 0.00E+00 0.00E+00          0.00E+00            0   2
 25.00  27  60 1.55E+01 0.00E+00 0.00E+00          0.00E+00            0   2
 26.00  27  60 2.40E+01 0.00E+00 0.00E+00          0.00E+00            0   2
 27.00  27  60 3.13E+01 0.00E+00 0.00E+00          0.00E+00            0   2
 28.00  27  60 3.72E+01 0.00E+00 0.00E+00          0.00E+00            0   2
 29.00  27  60 4.56E+01 0.00E+00 0.00E+00          0.00E+00            0   2
 30.00  27  60 5.17E+01 0.00E+00 0.00E+00          0.00E+00            0   2
 31.00  27  60 5.54E+01 0.00E+00 0.00E+00          0.00E+00            0   2
 32.00  27  60 5.95E+01 0.00E+00 0.00E+00          0.00E+00            0   2
 33.00  27  60 5.96E+01 0.00E+00 0.00E+00          0.00E+00            0   2
 34.00  27  60 6.13E+01 0.00E+00 0.00E+00          0.00E+00            0   2
 35.00  27  60 5.62E+01 0.00E+00 0.00E+00          0.00E+00            0   2
 36.00  27  60 5.31E+01 0.00E+00 0.00E+00          0.00E+00            0   2
 37.00  27  60 4.87E+01 0.00E+00 0.00E+00          0.00E+00            0   2
 38.00  27  60 4.34E+01 0.00E+00 0.00E+00          0.00E+00            0   2
 39.00  27  60 3.84E+01 0.00E+00 0.00E+00          0.00E+00            0   2
 28.00  27  59 3.31E-02                                                    1
 29.00  27  59 1.48E-01                                                    1
 30.00  27  59 3.79E-01                                                    1
 31.00  27  59 1.04E+00                                                    1
 32.00  27  59 2.49E+00                                                    1
 33.00  27  59 4.50E+00                                                    1
 34.00  27  59 8.93E+00                                                    1
 35.00  27  59 1.35E+01                                                    1
 36.00  27  59 1.78E+01                                                    1
 37.00  27  59 2.40E+01                                                    1
 38.00  27  59 3.01E+01                                                    1
 39.00  27  59 3.62E+01                                                    1
 39.00  27  58 1.67E-02 0.00E+00 0.00E+00          0.00E+00            0   2
 24.00  26  62 1.62E-02                                                    1
 25.00  26  62 3.23E-02                                                    1
 26.00  26  62 1.61E-02                                                    1
 27.00  26  62 9.73E-02                                                    1
 28.00  26  62 8.11E-02                                                    1
 29.00  26  62 9.83E-02                                                    1
 30.00  26  62 6.54E-02                                                    1
 31.00  26  62 2.29E-01                                                    1
 32.00  26  62 2.63E-01                                                    1
 33.00  26  62 2.14E-01                                                    1
 34.00  26  62 4.44E-01                                                    1
 35.00  26  62 3.13E-01                                                    1
 36.00  26  62 4.45E-01                                                    1
 37.00  26  62 4.45E-01                                                    1
 38.00  26  62 4.94E-01                                                    1
 39.00  26  62 6.43E-01                                                    1
  7.00  26  61 8.22E-03                                                    1
 10.00  26  61 1.19E-02                                                    1
 11.00  26  61 2.52E-02                                                    1
 12.00  26  61 6.65E-02                                                    1
 13.00  26  61 6.91E-02                                                    1
 14.00  26  61 1.28E-01                                                    1
 15.00  26  61 1.47E-01                                                    1
 16.00  26  61 3.43E-01                                                    1
 17.00  26  61 3.17E-01                                                    1
 18.00  26  61 3.52E-01                                                    1
 19.00  26  61 5.11E-01                                                    1
 20.00  26  61 6.89E-01                                                    1
 21.00  26  61 8.67E-01                                                    1
 22.00  26  61 1.07E+00                                                    1
 23.00  26  61 1.77E+00                                                    1
 24.00  26  61 1.83E+00                                                    1
 25.00  26  61 2.47E+00                                                    1
 26.00  26  61 3.04E+00                                                    1
 27.00  26  61 3.19E+00                                                    1
 28.00  26  61 4.22E+00                                                    1
 29.00  26  61 3.97E+00                                                    1
 30.00  26  61 4.76E+00                                                    1
 31.00  26  61 4.34E+00                                                    1
 32.00  26  61 5.34E+00                                                    1
 33.00  26  61 4.39E+00                                                    1
 34.00  26  61 4.87E+00                                                    1
 35.00  26  61 4.53E+00                                                    1
 36.00  26  61 4.94E+00                                                    1
 37.00  26  61 5.00E+00                                                    1
 38.00  26  61 4.52E+00                                                    1
 39.00  26  61 5.47E+00                                                    1
 13.00  26  60 1.37E-02                                                    1
 17.00  26  60 1.53E-02                                                    1
 18.00  26  60 3.07E-02                                                    1
 19.00  26  60 6.17E-02                                                    1
 20.00  26  60 1.56E-02                                                    1
 21.00  26  60 7.90E-02                                                    1
 22.00  26  60 1.11E-01                                                    1
 23.00  26  60 1.45E-01                                                    1
 24.00  26  60 4.34E-01                                                    1
 25.00  26  60 5.82E-01                                                    1
 26.00  26  60 1.02E+00                                                    1
 27.00  26  60 1.82E+00                                                    1
 28.00  26  60 3.07E+00                                                    1
 29.00  26  60 5.00E+00                                                    1
 30.00  26  60 7.15E+00                                                    1
 31.00  26  60 9.98E+00                                                    1
 32.00  26  60 1.40E+01                                                    1
 33.00  26  60 1.82E+01                                                    1
 34.00  26  60 2.10E+01                                                    1
 35.00  26  60 2.76E+01                                                    1
 36.00  26  60 3.18E+01                                                    1
 37.00  26  60 3.68E+01                                                    1
 38.00  26  60 3.92E+01                                                    1
 39.00  26  60 4.17E+01                                                    1
 23.00  26  59 1.59E-02                                                    1
 26.00  26  59 3.22E-02                                                    1
 27.00  26  59 1.62E-02                                                    1
 28.00  26  59 1.67E-02                                                    1
 29.00  26  59 6.55E-02                                                    1
 30.00  26  59 1.63E-02                                                    1
 31.00  26  59 3.33E-02                                                    1
 32.00  26  59 4.98E-02                                                    1
 33.00  26  59 1.65E-01                                                    1
 34.00  26  59 2.31E-01                                                    1
 35.00  26  59 6.28E-01                                                    1
 36.00  26  59 1.08E+00                                                    1
 37.00  26  59 2.76E+00                                                    1
 38.00  26  59 4.74E+00                                                    1
 39.00  26  59 8.74E+00                                                    1
 32.00  26  58 1.63E-02                                                    1
 33.00  26  58 1.66E-02                                                    1
 35.00  26  58 6.60E-02                                                    1
 36.00  26  58 6.59E-02                                                    1
 37.00  26  58 3.28E-02                                                    1
 38.00  26  58 1.16E-01                                                    1
 39.00  26  58 1.15E-01                                                    1
 38.00  25  61 1.66E-02                                                    1
 28.00  25  60 1.62E-02 0.00E+00 0.00E+00          0.00E+00            0   2
 35.00  25  60 1.64E-02 0.00E+00 0.00E+00          0.00E+00            0   2
 36.00  25  60 1.70E-02 0.00E+00 0.00E+00          0.00E+00            0   2
 37.00  25  60 1.66E-02 0.00E+00 0.00E+00          0.00E+00            0   2
 38.00  25  60 1.64E-02 0.00E+00 0.00E+00          0.00E+00            0   2
 33.00  25  59 1.64E-02                                                    1
 34.00  25  59 3.28E-02                                                    1
 36.00  25  59 1.64E-02                                                    1
 37.00  25  59 1.64E-02                                                    1
 38.00  25  59 3.28E-02                                                    1
 39.00  25  59 3.28E-02                                                    1
 18.00  25  58 1.52E-02 0.00E+00 0.00E+00          0.00E+00            0   2
 23.00  25  58 1.59E-02 0.00E+00 0.00E+00          0.00E+00            0   2
 24.00  25  58 3.22E-02 0.00E+00 0.00E+00          0.00E+00            0   2
 26.00  25  58 2.75E-01 0.00E+00 0.00E+00          0.00E+00            0   2
 27.00  25  58 2.29E-01 0.00E+00 0.00E+00          0.00E+00            0   2
 28.00  25  58 3.09E-01 0.00E+00 0.00E+00          0.00E+00            0   2
 29.00  25  58 3.10E-01 0.00E+00 0.00E+00          0.00E+00            0   2
 30.00  25  58 2.95E-01 0.00E+00 0.00E+00          0.00E+00            0   2
 31.00  25  58 5.41E-01 0.00E+00 0.00E+00          0.00E+00            0   2
 32.00  25  58 6.91E-01 0.00E+00 0.00E+00          0.00E+00            0   2
 33.00  25  58 5.75E-01 0.00E+00 0.00E+00          0.00E+00            0   2
 34.00  25  58 5.77E-01 0.00E+00 0.00E+00          0.00E+00            0   2
 35.00  25  58 4.62E-01 0.00E+00 0.00E+00          0.00E+00            0   2
 36.00  25  58 3.62E-01 0.00E+00 0.00E+00          0.00E+00            0   2
 37.00  25  58 3.45E-01 0.00E+00 0.00E+00          0.00E+00            0   2
 38.00  25  58 3.30E-01 0.00E+00 0.00E+00          0.00E+00            0   2
 39.00  25  58 1.98E-01 0.00E+00 0.00E+00          0.00E+00            0   2
 28.00  25  57 3.29E-02                                                    1
 29.00  25  57 1.14E-01                                                    1
 30.00  25  57 1.48E-01                                                    1
 31.00  25  57 4.61E-01                                                    1
 32.00  25  57 6.92E-01                                                    1
 33.00  25  57 1.04E+00                                                    1
 34.00  25  57 1.43E+00                                                    1
 35.00  25  57 1.96E+00                                                    1
 36.00  25  57 2.36E+00                                                    1
 37.00  25  57 3.25E+00                                                    1
 38.00  25  57 3.12E+00                                                    1
 39.00  25  57 3.89E+00                                                    1
 36.00  25  56 1.64E-02                                                    1
 38.00  25  56 6.62E-02                                                    1
 39.00  25  56 1.32E-01                                                    1
 39.00  24  57 1.67E-02                                                    1
 33.00  24  56 1.66E-02                                                    1
  Ebeam =   1.0000000000000000      sumcs=   0.0000000000000000     
  Ebeam =   2.0000000000000000      sumcs=   0.0000000000000000     
  Ebeam =   3.0000000000000000      sumcs=   12.510467782895310     
  Ebeam =   4.0000000000000000      sumcs=   120.13503922730922     
  Ebeam =   5.0000000000000000      sumcs=   352.15275338347425     
  Ebeam =   6.0000000000000000      sumcs=   602.13601976206951     
  Ebeam =   7.0000000000000000      sumcs=   810.25164287932057     
  Ebeam =   8.0000000000000000      sumcs=   969.02522942003964     
  Ebeam =   9.0000000000000000      sumcs=   1094.7771362437011     
  Ebeam =   10.000000000000000      sumcs=   1193.3425163048537     
  Ebeam =   11.000000000000000      sumcs=   1269.4508866364313     
  Ebeam =   12.000000000000000      sumcs=   1332.4713986519128     
  Ebeam =   13.000000000000000      sumcs=   1381.7922755548580     
  Ebeam =   14.000000000000000      sumcs=   1424.5693510691231     
  Ebeam =   15.000000000000000      sumcs=   1458.2884542620641     
  Ebeam =   16.000000000000000      sumcs=   1488.3505784630918     
  Ebeam =   17.000000000000000      sumcs=   1512.1608235165570     
  Ebeam =   18.000000000000000      sumcs=   1532.0533550912510     
  Ebeam =   19.000000000000000      sumcs=   1550.9868177281542     
  Ebeam =   20.000000000000000      sumcs=   1565.2705213816644     
  Ebeam =   21.000000000000000      sumcs=   1579.1164654046243     
  Ebeam =   22.000000000000000      sumcs=   1589.5442189511107     
  Ebeam =   23.000000000000000      sumcs=   1598.2802481448080     
  Ebeam =   24.000000000000000      sumcs=   1607.5642881125520     
  Ebeam =   25.000000000000000      sumcs=   1614.1792643147380     
  Ebeam =   26.000000000000000      sumcs=   1619.7218067552647     
  Ebeam =   27.000000000000000      sumcs=   1626.1021521955665     
  Ebeam =   28.000000000000000      sumcs=   1630.2325730242076     
  Ebeam =   29.000000000000000      sumcs=   1633.5863955604825     
  Ebeam =   30.000000000000000      sumcs=   1636.7888641168611     
  Ebeam =   31.000000000000000      sumcs=   1640.2681847639458     
  Ebeam =   32.000000000000000      sumcs=   1642.1266581138673     
  Ebeam =   33.000000000000000      sumcs=   1643.5619390594743     
  Ebeam =   34.000000000000000      sumcs=   1646.1205361655152     
  Ebeam =   35.000000000000000      sumcs=   1646.9698131997857     
  Ebeam =   36.000000000000000      sumcs=   1647.4684070026733     
  Ebeam =   37.000000000000000      sumcs=   1648.1309336933405     
  Ebeam =   38.000000000000000      sumcs=   1649.2250691637907     
  Ebeam =   39.000000000000000      sumcs=   1649.1228268101713     
