  Ebeam  Z   A   Total    grnd st  isomer1 isomer2  isomer1  isomer2  didl nolevs
  (MeV)           cs.      cs.      cs.     cs.     to total to total
  3.00  29  61 9.46E+00                                                    1
  4.00  29  61 8.78E+01                                                    1
  5.00  29  61 2.48E+02                                                    1
  6.00  29  61 3.81E+02                                                    1
  7.00  29  61 3.94E+02                                                    1
  8.00  29  61 3.55E+02                                                    1
  9.00  29  61 3.20E+02                                                    1
 10.00  29  61 2.90E+02                                                    1
 11.00  29  61 2.74E+02                                                    1
 12.00  29  61 2.58E+02                                                    1
 13.00  29  61 2.46E+02                                                    1
 14.00  29  61 2.37E+02                                                    1
 15.00  29  61 2.30E+02                                                    1
 16.00  29  61 2.25E+02                                                    1
 17.00  29  61 2.17E+02                                                    1
 18.00  29  61 2.14E+02                                                    1
 19.00  29  61 2.06E+02                                                    1
 20.00  29  61 2.00E+02                                                    1
 21.00  29  61 1.96E+02                                                    1
 22.00  29  61 1.92E+02                                                    1
 23.00  29  61 1.84E+02                                                    1
 24.00  29  61 1.82E+02                                                    1
 25.00  29  61 1.73E+02                                                    1
 26.00  29  61 1.68E+02                                                    1
 27.00  29  61 1.66E+02                                                    1
 28.00  29  61 1.62E+02                                                    1
 29.00  29  61 1.56E+02                                                    1
 30.00  29  61 1.55E+02                                                    1
 31.00  29  61 1.51E+02                                                    1
 32.00  29  61 1.46E+02                                                    1
 33.00  29  61 1.44E+02                                                    1
 34.00  29  61 1.41E+02                                                    1
 35.00  29  61 1.39E+02                                                    1
 36.00  29  61 1.32E+02                                                    1
 37.00  29  61 1.33E+02                                                    1
 38.00  29  61 1.27E+02                                                    1
 39.00  29  61 1.24E+02                                                    1
 11.00  29  60 1.03E+00                                                    1
 12.00  29  60 5.06E+00                                                    1
 13.00  29  60 1.51E+01                                                    1
 14.00  29  60 2.84E+01                                                    1
 15.00  29  60 4.71E+01                                                    1
 16.00  29  60 6.45E+01                                                    1
 17.00  29  60 8.22E+01                                                    1
 18.00  29  60 9.61E+01                                                    1
 19.00  29  60 1.09E+02                                                    1
 20.00  29  60 1.11E+02                                                    1
 21.00  29  60 9.92E+01                                                    1
 22.00  29  60 9.18E+01                                                    1
 23.00  29  60 8.39E+01                                                    1
 24.00  29  60 7.10E+01                                                    1
 25.00  29  60 6.26E+01                                                    1
 26.00  29  60 5.58E+01                                                    1
 27.00  29  60 4.95E+01                                                    1
 28.00  29  60 4.46E+01                                                    1
 29.00  29  60 3.90E+01                                                    1
 30.00  29  60 3.71E+01                                                    1
 31.00  29  60 3.39E+01                                                    1
 32.00  29  60 3.23E+01                                                    1
 33.00  29  60 2.92E+01                                                    1
 34.00  29  60 2.75E+01                                                    1
 35.00  29  60 2.82E+01                                                    1
 36.00  29  60 2.56E+01                                                    1
 37.00  29  60 2.68E+01                                                    1
 38.00  29  60 2.46E+01                                                    1
 39.00  29  60 2.45E+01                                                    1
 22.00  29  59 2.41E-01                                                    1
 23.00  29  59 6.93E-01                                                    1
 24.00  29  59 2.46E+00                                                    1
 25.00  29  59 5.78E+00                                                    1
 26.00  29  59 9.97E+00                                                    1
 27.00  29  59 1.51E+01                                                    1
 28.00  29  59 2.14E+01                                                    1
 29.00  29  59 2.87E+01                                                    1
 30.00  29  59 3.22E+01                                                    1
 31.00  29  59 3.68E+01                                                    1
 32.00  29  59 3.94E+01                                                    1
 33.00  29  59 3.89E+01                                                    1
 34.00  29  59 3.70E+01                                                    1
 35.00  29  59 3.52E+01                                                    1
 36.00  29  59 3.21E+01                                                    1
 37.00  29  59 2.97E+01                                                    1
 38.00  29  59 2.85E+01                                                    1
 39.00  29  59 2.59E+01                                                    1
 38.00  29  58 3.33E-02                                                    1
 39.00  29  58 4.99E-02                                                    1
  3.00  28  61 3.46E+00                                                    1
  4.00  28  61 3.51E+01                                                    1
  5.00  28  61 1.07E+02                                                    1
  6.00  28  61 1.87E+02                                                    1
  7.00  28  61 2.47E+02                                                    1
  8.00  28  61 2.69E+02                                                    1
  9.00  28  61 2.69E+02                                                    1
 10.00  28  61 2.64E+02                                                    1
 11.00  28  61 2.51E+02                                                    1
 12.00  28  61 2.44E+02                                                    1
 13.00  28  61 2.35E+02                                                    1
 14.00  28  61 2.31E+02                                                    1
 15.00  28  61 2.26E+02                                                    1
 16.00  28  61 2.17E+02                                                    1
 17.00  28  61 2.14E+02                                                    1
 18.00  28  61 2.08E+02                                                    1
 19.00  28  61 2.05E+02                                                    1
 20.00  28  61 1.98E+02                                                    1
 21.00  28  61 1.96E+02                                                    1
 22.00  28  61 1.88E+02                                                    1
 23.00  28  61 1.83E+02                                                    1
 24.00  28  61 1.79E+02                                                    1
 25.00  28  61 1.76E+02                                                    1
 26.00  28  61 1.68E+02                                                    1
 27.00  28  61 1.66E+02                                                    1
 28.00  28  61 1.59E+02                                                    1
 29.00  28  61 1.57E+02                                                    1
 30.00  28  61 1.57E+02                                                    1
 31.00  28  61 1.50E+02                                                    1
 32.00  28  61 1.49E+02                                                    1
 33.00  28  61 1.44E+02                                                    1
 34.00  28  61 1.43E+02                                                    1
 35.00  28  61 1.39E+02                                                    1
 36.00  28  61 1.38E+02                                                    1
 37.00  28  61 1.35E+02                                                    1
 38.00  28  61 1.30E+02                                                    1
 39.00  28  61 1.30E+02                                                    1
  6.00  28  60 3.45E+01                                                    1
  7.00  28  60 1.64E+02                                                    1
  8.00  28  60 3.35E+02                                                    1
  9.00  28  60 4.92E+02                                                    1
 10.00  28  60 6.21E+02                                                    1
 11.00  28  60 7.22E+02                                                    1
 12.00  28  60 7.98E+02                                                    1
 13.00  28  60 8.53E+02                                                    1
 14.00  28  60 8.89E+02                                                    1
 15.00  28  60 9.07E+02                                                    1
 16.00  28  60 9.21E+02                                                    1
 17.00  28  60 9.28E+02                                                    1
 18.00  28  60 9.31E+02                                                    1
 19.00  28  60 9.29E+02                                                    1
 20.00  28  60 9.17E+02                                                    1
 21.00  28  60 9.00E+02                                                    1
 22.00  28  60 8.64E+02                                                    1
 23.00  28  60 8.27E+02                                                    1
 24.00  28  60 7.82E+02                                                    1
 25.00  28  60 7.44E+02                                                    1
 26.00  28  60 7.05E+02                                                    1
 27.00  28  60 6.68E+02                                                    1
 28.00  28  60 6.44E+02                                                    1
 29.00  28  60 6.16E+02                                                    1
 30.00  28  60 5.99E+02                                                    1
 31.00  28  60 5.79E+02                                                    1
 32.00  28  60 5.64E+02                                                    1
 33.00  28  60 5.55E+02                                                    1
 34.00  28  60 5.40E+02                                                    1
 35.00  28  60 5.34E+02                                                    1
 36.00  28  60 5.29E+02                                                    1
 37.00  28  60 5.22E+02                                                    1
 38.00  28  60 5.14E+02                                                    1
 39.00  28  60 5.06E+02                                                    1
  4.00  28  59 1.24E-03                                                    1
  6.00  28  59 6.13E-03                                                    1
  7.00  28  59 5.76E-02                                                    1
  8.00  28  59 2.94E-02                                                    1
  9.00  28  59 1.77E-01                                                    1
 10.00  28  59 3.74E-01                                                    1
 11.00  28  59 5.52E-01                                                    1
 12.00  28  59 1.04E+00                                                    1
 13.00  28  59 1.14E+00                                                    1
 14.00  28  59 1.71E+00                                                    1
 15.00  28  59 1.77E+00                                                    1
 16.00  28  59 2.97E+00                                                    1
 17.00  28  59 3.39E+00                                                    1
 18.00  28  59 5.70E+00                                                    1
 19.00  28  59 1.46E+01                                                    1
 20.00  28  59 3.82E+01                                                    1
 21.00  28  59 7.74E+01                                                    1
 22.00  28  59 1.29E+02                                                    1
 23.00  28  59 1.82E+02                                                    1
 24.00  28  59 2.36E+02                                                    1
 25.00  28  59 2.85E+02                                                    1
 26.00  28  59 3.23E+02                                                    1
 27.00  28  59 3.50E+02                                                    1
 28.00  28  59 3.68E+02                                                    1
 29.00  28  59 3.86E+02                                                    1
 30.00  28  59 3.90E+02                                                    1
 31.00  28  59 3.93E+02                                                    1
 32.00  28  59 3.88E+02                                                    1
 33.00  28  59 3.77E+02                                                    1
 34.00  28  59 3.67E+02                                                    1
 35.00  28  59 3.50E+02                                                    1
 36.00  28  59 3.32E+02                                                    1
 37.00  28  59 3.12E+02                                                    1
 38.00  28  59 2.98E+02                                                    1
 39.00  28  59 2.80E+02                                                    1
 16.00  28  58 1.50E-02                                                    1
 17.00  28  58 3.05E-02                                                    1
 19.00  28  58 7.82E-02                                                    1
 20.00  28  58 6.32E-02                                                    1
 21.00  28  58 1.75E-01                                                    1
 22.00  28  58 2.89E-01                                                    1
 23.00  28  58 3.39E-01                                                    1
 24.00  28  58 5.03E-01                                                    1
 25.00  28  58 5.54E-01                                                    1
 26.00  28  58 7.51E-01                                                    1
 27.00  28  58 9.68E-01                                                    1
 28.00  28  58 1.61E+00                                                    1
 29.00  28  58 2.73E+00                                                    1
 30.00  28  58 6.06E+00                                                    1
 31.00  28  58 1.16E+01                                                    1
 32.00  28  58 2.13E+01                                                    1
 33.00  28  58 3.53E+01                                                    1
 34.00  28  58 5.26E+01                                                    1
 35.00  28  58 7.32E+01                                                    1
 36.00  28  58 9.49E+01                                                    1
 37.00  28  58 1.17E+02                                                    1
 38.00  28  58 1.33E+02                                                    1
 39.00  28  58 1.54E+02                                                    1
 27.00  28  57 1.64E-02                                                    1
 30.00  28  57 1.65E-02                                                    1
 32.00  28  57 1.66E-02                                                    1
 34.00  28  57 3.32E-02                                                    1
 35.00  28  57 3.32E-02                                                    1
 36.00  28  57 1.66E-02                                                    1
 37.00  28  57 6.65E-02                                                    1
 38.00  28  57 3.33E-02                                                    1
 39.00  28  57 1.16E-01                                                    1
 12.00  27  60 1.35E-02 1.35E-02 0.00E+00          0.00E+00            0   2
 13.00  27  60 2.79E-02 2.79E-02 0.00E+00          0.00E+00            0   2
 14.00  27  60 2.01E-01 1.37E-01 6.47E-02          3.21E-01            0   2
 15.00  27  60 7.21E-01 5.74E-01 1.47E-01          2.04E-01            0   2
 16.00  27  60 1.02E+00 8.19E-01 2.03E-01          1.99E-01            0   2
 17.00  27  60 2.30E+00 1.97E+00 3.36E-01          1.46E-01            0   2
 18.00  27  60 4.30E+00 3.95E+00 3.48E-01          8.09E-02            0   2
 19.00  27  60 6.23E+00 5.66E+00 5.71E-01          9.17E-02            0   2
 20.00  27  60 9.05E+00 8.31E+00 7.34E-01          8.12E-02            0   2
 21.00  27  60 1.11E+01 1.00E+01 1.01E+00          9.15E-02            0   2
 22.00  27  60 1.20E+01 1.07E+01 1.31E+00          1.09E-01            0   2
 23.00  27  60 1.47E+01 1.34E+01 1.21E+00          8.25E-02            0   2
 24.00  27  60 1.48E+01 1.37E+01 1.13E+00          7.60E-02            0   2
 25.00  27  60 1.54E+01 1.40E+01 1.35E+00          8.79E-02            0   2
 26.00  27  60 1.58E+01 1.44E+01 1.41E+00          8.93E-02            0   2
 27.00  27  60 1.42E+01 1.30E+01 1.21E+00          8.55E-02            0   2
 28.00  27  60 1.32E+01 1.22E+01 1.01E+00          7.66E-02            0   2
 29.00  27  60 1.27E+01 1.18E+01 9.80E-01          7.70E-02            0   2
 30.00  27  60 1.07E+01 9.99E+00 6.77E-01          6.35E-02            0   2
 31.00  27  60 1.07E+01 9.90E+00 7.69E-01          7.21E-02            0   2
 32.00  27  60 9.04E+00 8.06E+00 9.77E-01          1.08E-01            0   2
 33.00  27  60 8.78E+00 8.00E+00 7.79E-01          8.87E-02            0   2
 34.00  27  60 7.80E+00 7.09E+00 7.14E-01          9.15E-02            0   2
 35.00  27  60 7.16E+00 6.42E+00 7.39E-01          1.03E-01            0   2
 36.00  27  60 7.63E+00 6.97E+00 6.56E-01          8.61E-02            0   2
 37.00  27  60 6.50E+00 6.05E+00 4.49E-01          6.91E-02            0   2
 38.00  27  60 6.47E+00 5.80E+00 6.65E-01          1.03E-01            0   2
 39.00  27  60 5.79E+00 5.16E+00 6.32E-01          1.09E-01            0   2
  6.00  27  59 6.13E-03                                                    1
  7.00  27  59 1.64E-02                                                    1
  8.00  27  59 3.93E-02                                                    1
  9.00  27  59 1.77E-01                                                    1
 10.00  27  59 2.78E-01                                                    1
 11.00  27  59 5.77E-01                                                    1
 12.00  27  59 6.86E-01                                                    1
 13.00  27  59 1.00E+00                                                    1
 14.00  27  59 1.22E+00                                                    1
 15.00  27  59 1.50E+00                                                    1
 16.00  27  59 1.95E+00                                                    1
 17.00  27  59 1.88E+00                                                    1
 18.00  27  59 2.89E+00                                                    1
 19.00  27  59 3.07E+00                                                    1
 20.00  27  59 4.52E+00                                                    1
 21.00  27  59 5.69E+00                                                    1
 22.00  27  59 8.27E+00                                                    1
 23.00  27  59 1.28E+01                                                    1
 24.00  27  59 1.79E+01                                                    1
 25.00  27  59 2.61E+01                                                    1
 26.00  27  59 3.41E+01                                                    1
 27.00  27  59 4.68E+01                                                    1
 28.00  27  59 5.62E+01                                                    1
 29.00  27  59 6.71E+01                                                    1
 30.00  27  59 7.52E+01                                                    1
 31.00  27  59 8.57E+01                                                    1
 32.00  27  59 9.49E+01                                                    1
 33.00  27  59 1.04E+02                                                    1
 34.00  27  59 1.07E+02                                                    1
 35.00  27  59 1.13E+02                                                    1
 36.00  27  59 1.14E+02                                                    1
 37.00  27  59 1.15E+02                                                    1
 38.00  27  59 1.15E+02                                                    1
 39.00  27  59 1.14E+02                                                    1
  3.00  27  58 6.13E-02 6.13E-02 0.00E+00          0.00E+00            0   2
  4.00  27  58 1.13E+00 9.20E-01 2.13E-01          1.88E-01            0   2
  5.00  27  58 5.07E+00 3.47E+00 1.59E+00          3.14E-01            0   2
  6.00  27  58 1.05E+01 5.39E+00 5.09E+00          4.86E-01            0   2
  7.00  27  58 1.68E+01 6.87E+00 9.92E+00          5.91E-01            0   2
  8.00  27  58 2.19E+01 7.00E+00 1.49E+01          6.80E-01            0   2
  9.00  27  58 2.63E+01 6.66E+00 1.96E+01          7.47E-01            0   2
 10.00  27  58 2.98E+01 6.60E+00 2.32E+01          7.79E-01            0   2
 11.00  27  58 3.07E+01 6.14E+00 2.46E+01          8.00E-01            0   2
 12.00  27  58 2.99E+01 4.82E+00 2.50E+01          8.39E-01            0   2
 13.00  27  58 2.39E+01 3.39E+00 2.05E+01          8.58E-01            0   2
 14.00  27  58 1.80E+01 2.78E+00 1.52E+01          8.46E-01            0   2
 15.00  27  58 1.30E+01 1.80E+00 1.12E+01          8.62E-01            0   2
 16.00  27  58 1.00E+01 9.46E-01 9.10E+00          9.06E-01            0   2
 17.00  27  58 6.49E+00 7.48E-01 5.74E+00          8.85E-01            0   2
 18.00  27  58 4.36E+00 6.18E-01 3.74E+00          8.58E-01            0   2
 19.00  27  58 2.58E+00 2.03E-01 2.38E+00          9.21E-01            0   2
 20.00  27  58 1.74E+00 1.74E-01 1.56E+00          9.00E-01            0   2
 21.00  27  58 1.48E+00 1.59E-02 1.47E+00          9.89E-01            0   2
 22.00  27  58 1.19E+00 4.81E-02 1.14E+00          9.59E-01            0   2
 23.00  27  58 9.83E-01 3.22E-02 9.51E-01          9.67E-01            0   2
 24.00  27  58 8.92E-01 4.86E-02 8.43E-01          9.45E-01            0   2
 25.00  27  58 1.32E+00 8.14E-02 1.24E+00          9.38E-01            0   2
 26.00  27  58 1.47E+00 1.47E-01 1.32E+00          9.00E-01            0   2
 27.00  27  58 1.69E+00 9.84E-02 1.59E+00          9.42E-01            0   2
 28.00  27  58 2.02E+00 1.81E-01 1.84E+00          9.11E-01            0   2
 29.00  27  58 2.50E+00 1.65E-01 2.34E+00          9.34E-01            0   2
 30.00  27  58 2.69E+00 1.73E-01 2.52E+00          9.36E-01            0   2
 31.00  27  58 3.47E+00 2.32E-01 3.24E+00          9.33E-01            0   2
 32.00  27  58 3.94E+00 2.24E-01 3.72E+00          9.43E-01            0   2
 33.00  27  58 4.77E+00 2.49E-01 4.52E+00          9.48E-01            0   2
 34.00  27  58 6.62E+00 3.65E-01 6.26E+00          9.45E-01            0   2
 35.00  27  58 8.24E+00 5.07E-01 7.73E+00          9.39E-01            0   2
 36.00  27  58 1.11E+01 5.07E-01 1.06E+01          9.54E-01            0   2
 37.00  27  58 1.62E+01 8.31E-01 1.54E+01          9.49E-01            0   2
 38.00  27  58 2.00E+01 1.14E+00 1.89E+01          9.43E-01            0   2
 39.00  27  58 2.64E+01 1.26E+00 2.52E+01          9.52E-01            0   2
  9.00  27  57 3.32E-02                                                    1
 10.00  27  57 3.74E-01                                                    1
 11.00  27  57 2.45E+00                                                    1
 12.00  27  57 8.59E+00                                                    1
 13.00  27  57 1.99E+01                                                    1
 14.00  27  57 3.07E+01                                                    1
 15.00  27  57 4.24E+01                                                    1
 16.00  27  57 5.37E+01                                                    1
 17.00  27  57 6.23E+01                                                    1
 18.00  27  57 6.75E+01                                                    1
 19.00  27  57 7.26E+01                                                    1
 20.00  27  57 7.80E+01                                                    1
 21.00  27  57 7.59E+01                                                    1
 22.00  27  57 7.90E+01                                                    1
 23.00  27  57 7.01E+01                                                    1
 24.00  27  57 6.60E+01                                                    1
 25.00  27  57 5.69E+01                                                    1
 26.00  27  57 5.03E+01                                                    1
 27.00  27  57 4.30E+01                                                    1
 28.00  27  57 3.75E+01                                                    1
 29.00  27  57 3.17E+01                                                    1
 30.00  27  57 2.75E+01                                                    1
 31.00  27  57 2.57E+01                                                    1
 32.00  27  57 2.18E+01                                                    1
 33.00  27  57 1.89E+01                                                    1
 34.00  27  57 1.85E+01                                                    1
 35.00  27  57 1.70E+01                                                    1
 36.00  27  57 1.66E+01                                                    1
 37.00  27  57 1.59E+01                                                    1
 38.00  27  57 1.58E+01                                                    1
 39.00  27  57 1.56E+01                                                    1
 22.00  27  56 3.21E-02                                                    1
 24.00  27  56 1.46E-01                                                    1
 25.00  27  56 5.21E-01                                                    1
 26.00  27  56 1.06E+00                                                    1
 27.00  27  56 2.21E+00                                                    1
 28.00  27  56 3.77E+00                                                    1
 29.00  27  56 5.82E+00                                                    1
 30.00  27  56 7.48E+00                                                    1
 31.00  27  56 9.78E+00                                                    1
 32.00  27  56 1.18E+01                                                    1
 33.00  27  56 1.38E+01                                                    1
 34.00  27  56 1.58E+01                                                    1
 35.00  27  56 1.78E+01                                                    1
 36.00  27  56 1.86E+01                                                    1
 37.00  27  56 1.80E+01                                                    1
 38.00  27  56 1.96E+01                                                    1
 39.00  27  56 1.77E+01                                                    1
 35.00  27  55 4.98E-02                                                    1
 36.00  27  55 4.98E-02                                                    1
 37.00  27  55 2.33E-01                                                    1
 38.00  27  55 2.83E-01                                                    1
 39.00  27  55 5.99E-01                                                    1
 26.00  26  59 1.63E-02                                                    1
 27.00  26  59 3.28E-02                                                    1
 28.00  26  59 4.93E-02                                                    1
 29.00  26  59 8.24E-02                                                    1
 30.00  26  59 2.31E-01                                                    1
 31.00  26  59 3.97E-01                                                    1
 32.00  26  59 6.13E-01                                                    1
 33.00  26  59 1.03E+00                                                    1
 34.00  26  59 1.68E+00                                                    1
 35.00  26  59 1.89E+00                                                    1
 36.00  26  59 2.44E+00                                                    1
 37.00  26  59 3.01E+00                                                    1
 38.00  26  59 3.56E+00                                                    1
 39.00  26  59 3.68E+00                                                    1
 16.00  26  58 1.50E-02                                                    1
 19.00  26  58 1.56E-02                                                    1
 20.00  26  58 3.16E-02                                                    1
 21.00  26  58 6.37E-02                                                    1
 22.00  26  58 3.21E-02                                                    1
 23.00  26  58 1.29E-01                                                    1
 24.00  26  58 1.95E-01                                                    1
 25.00  26  58 2.77E-01                                                    1
 26.00  26  58 2.94E-01                                                    1
 27.00  26  58 3.28E-01                                                    1
 28.00  26  58 4.93E-01                                                    1
 29.00  26  58 5.77E-01                                                    1
 30.00  26  58 7.60E-01                                                    1
 31.00  26  58 9.26E-01                                                    1
 32.00  26  58 1.29E+00                                                    1
 33.00  26  58 2.02E+00                                                    1
 34.00  26  58 2.94E+00                                                    1
 35.00  26  58 4.70E+00                                                    1
 36.00  26  58 6.91E+00                                                    1
 37.00  26  58 9.45E+00                                                    1
 38.00  26  58 1.40E+01                                                    1
 39.00  26  58 1.64E+01                                                    1
  7.00  26  57 1.64E-02                                                    1
  8.00  26  57 9.81E-03                                                    1
  9.00  26  57 1.11E-02                                                    1
 10.00  26  57 8.45E-02                                                    1
 11.00  26  57 1.03E-01                                                    1
 12.00  26  57 2.69E-01                                                    1
 13.00  26  57 4.33E-01                                                    1
 14.00  26  57 1.31E+00                                                    1
 15.00  26  57 2.44E+00                                                    1
 16.00  26  57 4.75E+00                                                    1
 17.00  26  57 8.45E+00                                                    1
 18.00  26  57 1.19E+01                                                    1
 19.00  26  57 1.64E+01                                                    1
 20.00  26  57 2.07E+01                                                    1
 21.00  26  57 2.65E+01                                                    1
 22.00  26  57 2.83E+01                                                    1
 23.00  26  57 3.51E+01                                                    1
 24.00  26  57 3.64E+01                                                    1
 25.00  26  57 3.50E+01                                                    1
 26.00  26  57 3.52E+01                                                    1
 27.00  26  57 3.38E+01                                                    1
 28.00  26  57 2.95E+01                                                    1
 29.00  26  57 2.62E+01                                                    1
 30.00  26  57 2.49E+01                                                    1
 31.00  26  57 2.16E+01                                                    1
 32.00  26  57 1.99E+01                                                    1
 33.00  26  57 1.81E+01                                                    1
 34.00  26  57 1.74E+01                                                    1
 35.00  26  57 1.55E+01                                                    1
 36.00  26  57 1.48E+01                                                    1
 37.00  26  57 1.39E+01                                                    1
 38.00  26  57 1.41E+01                                                    1
 39.00  26  57 1.29E+01                                                    1
 10.00  26  56 1.21E-02                                                    1
 15.00  26  56 1.47E-02                                                    1
 17.00  26  56 1.53E-02                                                    1
 18.00  26  56 7.73E-02                                                    1
 19.00  26  56 7.82E-02                                                    1
 20.00  26  56 9.16E-01                                                    1
 21.00  26  56 3.38E+00                                                    1
 22.00  26  56 8.42E+00                                                    1
 23.00  26  56 1.73E+01                                                    1
 24.00  26  56 3.00E+01                                                    1
 25.00  26  56 4.44E+01                                                    1
 26.00  26  56 6.22E+01                                                    1
 27.00  26  56 8.09E+01                                                    1
 28.00  26  56 9.85E+01                                                    1
 29.00  26  56 1.13E+02                                                    1
 30.00  26  56 1.24E+02                                                    1
 31.00  26  56 1.38E+02                                                    1
 32.00  26  56 1.49E+02                                                    1
 33.00  26  56 1.58E+02                                                    1
 34.00  26  56 1.69E+02                                                    1
 35.00  26  56 1.70E+02                                                    1
 36.00  26  56 1.74E+02                                                    1
 37.00  26  56 1.74E+02                                                    1
 38.00  26  56 1.79E+02                                                    1
 39.00  26  56 1.75E+02                                                    1
 24.00  26  55 1.62E-02                                                    1
 25.00  26  55 4.88E-02                                                    1
 26.00  26  55 3.27E-02                                                    1
 27.00  26  55 1.64E-02                                                    1
 28.00  26  55 1.64E-02                                                    1
 29.00  26  55 4.94E-02                                                    1
 30.00  26  55 6.61E-02                                                    1
 31.00  26  55 3.31E-02                                                    1
 32.00  26  55 1.16E-01                                                    1
 33.00  26  55 2.32E-01                                                    1
 34.00  26  55 8.47E-01                                                    1
 35.00  26  55 1.89E+00                                                    1
 36.00  26  55 4.19E+00                                                    1
 37.00  26  55 7.50E+00                                                    1
 38.00  26  55 1.31E+01                                                    1
 39.00  26  55 2.03E+01                                                    1
 36.00  26  54 1.66E-02                                                    1
 38.00  26  54 1.66E-02                                                    1
 39.00  26  54 3.33E-02                                                    1
 32.00  25  57 1.66E-02                                                    1
 26.00  25  56 1.63E-02                                                    1
 31.00  25  56 9.93E-02                                                    1
 32.00  25  56 1.16E-01                                                    1
 33.00  25  56 2.15E-01                                                    1
 34.00  25  56 3.49E-01                                                    1
 35.00  25  56 5.81E-01                                                    1
 36.00  25  56 8.80E-01                                                    1
 37.00  25  56 1.53E+00                                                    1
 38.00  25  56 1.60E+00                                                    1
 39.00  25  56 2.29E+00                                                    1
 31.00  25  55 3.31E-02                                                    1
 32.00  25  55 1.66E-02                                                    1
 33.00  25  55 1.66E-02                                                    1
 35.00  25  55 6.64E-02                                                    1
 36.00  25  55 8.31E-02                                                    1
 37.00  25  55 9.98E-02                                                    1
 38.00  25  55 3.16E-01                                                    1
 39.00  25  55 5.49E-01                                                    1
 16.00  25  54 1.50E-02                                                    1
 17.00  25  54 3.05E-02                                                    1
 18.00  25  54 1.55E-02                                                    1
 19.00  25  54 1.56E-01                                                    1
 20.00  25  54 2.37E-01                                                    1
 21.00  25  54 5.10E-01                                                    1
 22.00  25  54 6.89E-01                                                    1
 23.00  25  54 6.45E-01                                                    1
 24.00  25  54 1.15E+00                                                    1
 25.00  25  54 1.25E+00                                                    1
 26.00  25  54 1.70E+00                                                    1
 27.00  25  54 1.82E+00                                                    1
 28.00  25  54 2.02E+00                                                    1
 29.00  25  54 2.34E+00                                                    1
 30.00  25  54 2.03E+00                                                    1
 31.00  25  54 1.67E+00                                                    1
 32.00  25  54 2.02E+00                                                    1
 33.00  25  54 1.51E+00                                                    1
 34.00  25  54 1.25E+00                                                    1
 35.00  25  54 1.31E+00                                                    1
 36.00  25  54 9.97E-01                                                    1
 37.00  25  54 7.65E-01                                                    1
 38.00  25  54 5.99E-01                                                    1
 39.00  25  54 4.49E-01                                                    1
 27.00  25  53 4.92E-02                                                    1
 28.00  25  53 1.64E-01                                                    1
 29.00  25  53 2.64E-01                                                    1
 30.00  25  53 5.12E-01                                                    1
 31.00  25  53 1.03E+00                                                    1
 32.00  25  53 1.47E+00                                                    1
 33.00  25  53 1.87E+00                                                    1
 34.00  25  53 2.17E+00                                                    1
 35.00  25  53 2.77E+00                                                    1
 36.00  25  53 3.46E+00                                                    1
 37.00  25  53 4.24E+00                                                    1
 38.00  25  53 3.91E+00                                                    1
 39.00  25  53 4.46E+00                                                    1
 32.00  24  54 1.66E-02                                                    1
 39.00  24  54 1.66E-02                                                    1
 28.00  24  53 1.64E-02                                                    1
 29.00  24  53 1.65E-02                                                    1
 30.00  24  53 3.30E-02                                                    1
 31.00  24  53 4.96E-02                                                    1
 32.00  24  53 8.28E-02                                                    1
 33.00  24  53 1.16E-01                                                    1
 34.00  24  53 2.32E-01                                                    1
 35.00  24  53 4.15E-01                                                    1
 36.00  24  53 6.98E-01                                                    1
 37.00  24  53 1.16E+00                                                    1
 38.00  24  53 1.56E+00                                                    1
 39.00  24  53 1.73E+00                                                    1
 35.00  24  52 1.66E-02                                                    1
 36.00  24  52 3.32E-02                                                    1
 37.00  24  52 4.99E-02                                                    1
 38.00  24  52 3.33E-02                                                    1
 39.00  24  52 1.66E-01                                                    1
 38.00  23  50 1.66E-02                                                    1