
  An isotopic target is assumed:
  At# Mass# % abundance % uncertainty
  77 191 Ir   37.300000  0.200000
  77 193 Ir   62.700000  0.200000
  ldopt set internally =           0
 Fermi gas level densities

   1.0000000000000000        2.0000000000000000        77.000000000000000        193.00000000000000                1           0  ZP,AP,ZT,AT,ISOT,LEVNO


1deuterions on iridium                                                           
  Ebeam  Rx.cs used  Rx. cs algo fiss cs (mb) capture cs (mb)
   1.00  0.000E+00    0.00E+00    0.00E+00    0.00E+00
   2.00  0.000E+00    0.00E+00    0.00E+00    0.00E+00
   3.00  0.000E+00    0.00E+00    0.00E+00    0.00E+00
   4.00  0.000E+00    0.00E+00    0.00E+00    0.00E+00
   5.00  0.000E+00    0.00E+00    0.00E+00    0.00E+00
   6.00  0.000E+00    0.00E+00    0.00E+00    0.00E+00
   7.00  8.278E-01    0.00E+00    1.42E-09    9.63E-08
   8.00  1.674E+01    0.00E+00    1.89E-07    1.21E-06
   9.00  7.195E+01    0.00E+00    3.08E-06    3.34E-06
  10.00  2.001E+02    0.00E+00    2.76E-05    6.84E-06
  11.00  3.876E+02    0.00E+00    1.36E-04    8.77E-06
  12.00  5.885E+02    0.00E+00    4.57E-04    9.00E-06
  13.00  7.798E+02    0.00E+00    1.22E-03    8.21E-06
  14.00  9.504E+02    0.00E+00    2.78E-03    7.02E-06
  15.00  1.100E+03    0.00E+00    5.16E-03    5.76E-06
  16.00  1.229E+03    0.00E+00    8.57E-03    4.61E-06
  17.00  1.344E+03    0.00E+00    1.45E-02    3.64E-06
  18.00  1.445E+03    0.00E+00    2.41E-02    2.85E-06
  19.00  1.532E+03    0.00E+00    3.59E-02    1.61E-06
  20.00  1.610E+03    0.00E+00    4.52E-02    1.39E-06
  21.00  1.679E+03    0.00E+00    6.28E-02    1.08E-06
  22.00  1.742E+03    0.00E+00    9.06E-02    8.49E-07
  23.00  1.797E+03    0.00E+00    1.26E-01    6.64E-07
  24.00  1.847E+03    0.00E+00    1.75E-01    5.27E-07
  25.00  1.892E+03    0.00E+00    2.42E-01    4.10E-07
  26.00  1.934E+03    0.00E+00    2.97E-01    3.24E-07
  27.00  1.970E+03    0.00E+00    3.39E-01    2.54E-07
  28.00  2.003E+03    0.00E+00    4.11E-01    2.03E-07
  29.00  2.036E+03    0.00E+00    5.27E-01    0.00E+00
  30.00  2.063E+03    0.00E+00    6.80E-01    0.00E+00
  31.00  2.090E+03    0.00E+00    8.43E-01    0.00E+00
  32.00  2.114E+03    0.00E+00    1.05E+00    0.00E+00
  33.00  2.135E+03    0.00E+00    1.15E+00    0.00E+00
  34.00  2.157E+03    0.00E+00    1.18E+00    0.00E+00
  35.00  2.175E+03    0.00E+00    1.30E+00    0.00E+00
  36.00  2.192E+03    0.00E+00    1.50E+00    0.00E+00
  37.00  2.209E+03    0.00E+00    1.74E+00    0.00E+00
  38.00  2.224E+03    0.00E+00    2.05E+00    0.00E+00
  39.00  2.237E+03    0.00E+00    2.45E+00    0.00E+00
 Ebeam (MeV) Rx cs (mb) fiss cs (mb) capture cs (mb)

  Ebeam  Z   A   Total    grnd st  isomer1 isomer2  isomer1  isomer2  didl nolevs
  (MeV)           cs.      cs.      cs.     cs.     to total to total
  7.00  78  195 9.63E-08 0.00E+00 0.00E+00          0.00E+00            0   2
  8.00  78  195 1.21E-06 0.00E+00 0.00E+00          0.00E+00            0   2
  9.00  78  195 3.34E-06 0.00E+00 0.00E+00          0.00E+00            0   2
 10.00  78  195 6.84E-06 0.00E+00 0.00E+00          0.00E+00            0   2
 11.00  78  195 8.77E-06 0.00E+00 0.00E+00          0.00E+00            0   2
 12.00  78  195 9.00E-06 0.00E+00 0.00E+00          0.00E+00            0   2
 13.00  78  195 8.21E-06 0.00E+00 0.00E+00          0.00E+00            0   2
 14.00  78  195 7.02E-06 0.00E+00 0.00E+00          0.00E+00            0   2
 15.00  78  195 5.76E-06 0.00E+00 0.00E+00          0.00E+00            0   2
 16.00  78  195 4.61E-06 0.00E+00 0.00E+00          0.00E+00            0   2
 17.00  78  195 3.64E-06 0.00E+00 0.00E+00          0.00E+00            0   2
 18.00  78  195 2.85E-06 0.00E+00 0.00E+00          0.00E+00            0   2
 19.00  78  195 1.61E-06 0.00E+00 0.00E+00          0.00E+00            0   2
 20.00  78  195 1.39E-06 0.00E+00 0.00E+00          0.00E+00            0   2
 21.00  78  195 1.08E-06 0.00E+00 0.00E+00          0.00E+00            0   2
 22.00  78  195 8.49E-07 0.00E+00 0.00E+00          0.00E+00            0   2
 23.00  78  195 6.64E-07 0.00E+00 0.00E+00          0.00E+00            0   2
 24.00  78  195 5.27E-07 0.00E+00 0.00E+00          0.00E+00            0   2
 25.00  78  195 4.10E-07 0.00E+00 0.00E+00          0.00E+00            0   2
 26.00  78  195 3.24E-07 0.00E+00 0.00E+00          0.00E+00            0   2
 27.00  78  195 2.54E-07 0.00E+00 0.00E+00          0.00E+00            0   2
 28.00  78  195 2.03E-07 0.00E+00 0.00E+00          0.00E+00            0   2
  7.00  78  194 2.49E-01                                                    1
  8.00  78  194 4.16E+00                                                    1
  9.00  78  194 1.59E+01                                                    1
 10.00  78  194 4.09E+01                                                    1
 11.00  78  194 7.38E+01                                                    1
 12.00  78  194 1.06E+02                                                    1
 13.00  78  194 1.33E+02                                                    1
 14.00  78  194 1.53E+02                                                    1
 15.00  78  194 1.69E+02                                                    1
 16.00  78  194 1.79E+02                                                    1
 17.00  78  194 1.87E+02                                                    1
 18.00  78  194 1.92E+02                                                    1
 19.00  78  194 1.97E+02                                                    1
 20.00  78  194 1.95E+02                                                    1
 21.00  78  194 1.99E+02                                                    1
 22.00  78  194 1.97E+02                                                    1
 23.00  78  194 2.00E+02                                                    1
 24.00  78  194 1.94E+02                                                    1
 25.00  78  194 1.96E+02                                                    1
 26.00  78  194 1.93E+02                                                    1
 27.00  78  194 1.91E+02                                                    1
 28.00  78  194 1.87E+02                                                    1
 29.00  78  194 1.87E+02                                                    1
 30.00  78  194 1.82E+02                                                    1
 31.00  78  194 1.82E+02                                                    1
 32.00  78  194 1.77E+02                                                    1
 33.00  78  194 1.76E+02                                                    1
 34.00  78  194 1.73E+02                                                    1
 35.00  78  194 1.72E+02                                                    1
 36.00  78  194 1.69E+02                                                    1
 37.00  78  194 1.65E+02                                                    1
 38.00  78  194 1.61E+02                                                    1
 39.00  78  194 1.62E+02                                                    1
  7.00  78  193 5.95E-01 0.00E+00 0.00E+00          0.00E+00            0   2
  8.00  78  193 1.28E+01 0.00E+00 0.00E+00          0.00E+00            0   2
  9.00  78  193 5.65E+01 0.00E+00 0.00E+00          0.00E+00            0   2
 10.00  78  193 1.59E+02 0.00E+00 0.00E+00          0.00E+00            0   2
 11.00  78  193 3.01E+02 0.00E+00 0.00E+00          0.00E+00            0   2
 12.00  78  193 3.86E+02 0.00E+00 0.00E+00          0.00E+00            0   2
 13.00  78  193 3.79E+02 0.00E+00 0.00E+00          0.00E+00            0   2
 14.00  78  193 3.30E+02 0.00E+00 0.00E+00          0.00E+00            0   2
 15.00  78  193 2.82E+02 0.00E+00 0.00E+00          0.00E+00            0   2
 16.00  78  193 2.44E+02 0.00E+00 0.00E+00          0.00E+00            0   2
 17.00  78  193 2.27E+02 0.00E+00 0.00E+00          0.00E+00            0   2
 18.00  78  193 2.17E+02 0.00E+00 0.00E+00          0.00E+00            0   2
 19.00  78  193 2.09E+02 0.00E+00 0.00E+00          0.00E+00            0   2
 20.00  78  193 2.06E+02 0.00E+00 0.00E+00          0.00E+00            0   2
 21.00  78  193 2.01E+02 0.00E+00 0.00E+00          0.00E+00            0   2
 22.00  78  193 1.97E+02 0.00E+00 0.00E+00          0.00E+00            0   2
 23.00  78  193 1.99E+02 0.00E+00 0.00E+00          0.00E+00            0   2
 24.00  78  193 1.91E+02 0.00E+00 0.00E+00          0.00E+00            0   2
 25.00  78  193 1.86E+02 0.00E+00 0.00E+00          0.00E+00            0   2
 26.00  78  193 1.85E+02 0.00E+00 0.00E+00          0.00E+00            0   2
 27.00  78  193 1.83E+02 0.00E+00 0.00E+00          0.00E+00            0   2
 28.00  78  193 1.82E+02 0.00E+00 0.00E+00          0.00E+00            0   2
 29.00  78  193 1.75E+02 0.00E+00 0.00E+00          0.00E+00            0   2
 30.00  78  193 1.70E+02 0.00E+00 0.00E+00          0.00E+00            0   2
 31.00  78  193 1.69E+02 0.00E+00 0.00E+00          0.00E+00            0   2
 32.00  78  193 1.66E+02 0.00E+00 0.00E+00          0.00E+00            0   2
 33.00  78  193 1.60E+02 0.00E+00 0.00E+00          0.00E+00            0   2
 34.00  78  193 1.61E+02 0.00E+00 0.00E+00          0.00E+00            0   2
 35.00  78  193 1.56E+02 0.00E+00 0.00E+00          0.00E+00            0   2
 36.00  78  193 1.55E+02 0.00E+00 0.00E+00          0.00E+00            0   2
 37.00  78  193 1.57E+02 0.00E+00 0.00E+00          0.00E+00            0   2
 38.00  78  193 1.50E+02 0.00E+00 0.00E+00          0.00E+00            0   2
 39.00  78  193 1.45E+02 0.00E+00 0.00E+00          0.00E+00            0   2
 11.00  78  192 8.59E+00                                                    1
 12.00  78  192 8.46E+01                                                    1
 13.00  78  192 2.46E+02                                                    1
 14.00  78  192 4.33E+02                                                    1
 15.00  78  192 6.02E+02                                                    1
 16.00  78  192 7.44E+02                                                    1
 17.00  78  192 8.52E+02                                                    1
 18.00  78  192 9.41E+02                                                    1
 19.00  78  192 1.02E+03                                                    1
 20.00  78  192 1.08E+03                                                    1
 21.00  78  192 1.10E+03                                                    1
 22.00  78  192 1.06E+03                                                    1
 23.00  78  192 9.38E+02                                                    1
 24.00  78  192 8.00E+02                                                    1
 25.00  78  192 6.54E+02                                                    1
 26.00  78  192 5.35E+02                                                    1
 27.00  78  192 4.45E+02                                                    1
 28.00  78  192 3.76E+02                                                    1
 29.00  78  192 3.30E+02                                                    1
 30.00  78  192 3.01E+02                                                    1
 31.00  78  192 2.79E+02                                                    1
 32.00  78  192 2.62E+02                                                    1
 33.00  78  192 2.52E+02                                                    1
 34.00  78  192 2.43E+02                                                    1
 35.00  78  192 2.35E+02                                                    1
 36.00  78  192 2.24E+02                                                    1
 37.00  78  192 2.18E+02                                                    1
 38.00  78  192 2.14E+02                                                    1
 39.00  78  192 2.05E+02                                                    1
 20.00  78  191 2.92E+00                                                    1
 21.00  78  191 3.30E+01                                                    1
 22.00  78  191 1.28E+02                                                    1
 23.00  78  191 2.81E+02                                                    1
 24.00  78  191 4.65E+02                                                    1
 25.00  78  191 6.39E+02                                                    1
 26.00  78  191 7.88E+02                                                    1
 27.00  78  191 8.98E+02                                                    1
 28.00  78  191 9.81E+02                                                    1
 29.00  78  191 1.02E+03                                                    1
 30.00  78  191 9.91E+02                                                    1
 31.00  78  191 9.10E+02                                                    1
 32.00  78  191 8.07E+02                                                    1
 33.00  78  191 6.86E+02                                                    1
 34.00  78  191 5.68E+02                                                    1
 35.00  78  191 4.70E+02                                                    1
 36.00  78  191 3.84E+02                                                    1
 37.00  78  191 3.16E+02                                                    1
 38.00  78  191 2.73E+02                                                    1
 39.00  78  191 2.38E+02                                                    1
 26.00  78  190 1.95E-02                                                    1
 27.00  78  190 1.07E+00                                                    1
 28.00  78  190 1.01E+01                                                    1
 29.00  78  190 4.28E+01                                                    1
 30.00  78  190 1.14E+02                                                    1
 31.00  78  190 2.30E+02                                                    1
 32.00  78  190 3.61E+02                                                    1
 33.00  78  190 5.05E+02                                                    1
 34.00  78  190 6.36E+02                                                    1
 35.00  78  190 7.51E+02                                                    1
 36.00  78  190 8.50E+02                                                    1
 37.00  78  190 9.22E+02                                                    1
 38.00  78  190 9.78E+02                                                    1
 39.00  78  190 1.01E+03                                                    1
 37.00  78  189 6.87E-01                                                    1
 38.00  78  189 3.77E+00                                                    1
 39.00  78  189 1.61E+01                                                    1
  7.00  77  194 3.10E-03 0.00E+00 0.00E+00 0.00E+00 0.00E+00 0.00E+00   1   3
  8.00  77  194 1.16E-01 0.00E+00 0.00E+00 0.00E+00 0.00E+00 0.00E+00   1   3
  9.00  77  194 7.96E-01 0.00E+00 0.00E+00 0.00E+00 0.00E+00 0.00E+00   1   3
 10.00  77  194 3.27E+00 0.00E+00 0.00E+00 0.00E+00 0.00E+00 0.00E+00   1   3
 11.00  77  194 8.49E+00 0.00E+00 0.00E+00 0.00E+00 0.00E+00 0.00E+00   1   3
 12.00  77  194 1.64E+01 0.00E+00 0.00E+00 0.00E+00 0.00E+00 0.00E+00   1   3
 13.00  77  194 2.60E+01 0.00E+00 0.00E+00 0.00E+00 0.00E+00 0.00E+00   1   3
 14.00  77  194 3.63E+01 0.00E+00 0.00E+00 0.00E+00 0.00E+00 0.00E+00   1   3
 15.00  77  194 4.53E+01 0.00E+00 0.00E+00 0.00E+00 0.00E+00 0.00E+00   1   3
 16.00  77  194 5.50E+01 0.00E+00 0.00E+00 0.00E+00 0.00E+00 0.00E+00   1   3
 17.00  77  194 6.21E+01 0.00E+00 0.00E+00 0.00E+00 0.00E+00 0.00E+00   1   3
 18.00  77  194 6.98E+01 0.00E+00 0.00E+00 0.00E+00 0.00E+00 0.00E+00   1   3
 19.00  77  194 7.44E+01 0.00E+00 0.00E+00 0.00E+00 0.00E+00 0.00E+00   1   3
 20.00  77  194 7.93E+01 0.00E+00 0.00E+00 0.00E+00 0.00E+00 0.00E+00   1   3
 21.00  77  194 8.24E+01 0.00E+00 0.00E+00 0.00E+00 0.00E+00 0.00E+00   1   3
 22.00  77  194 8.62E+01 0.00E+00 0.00E+00 0.00E+00 0.00E+00 0.00E+00   1   3
 23.00  77  194 8.77E+01 0.00E+00 0.00E+00 0.00E+00 0.00E+00 0.00E+00   1   3
 24.00  77  194 9.19E+01 0.00E+00 0.00E+00 0.00E+00 0.00E+00 0.00E+00   1   3
 25.00  77  194 9.25E+01 0.00E+00 0.00E+00 0.00E+00 0.00E+00 0.00E+00   1   3
 26.00  77  194 9.38E+01 0.00E+00 0.00E+00 0.00E+00 0.00E+00 0.00E+00   1   3
 27.00  77  194 9.66E+01 0.00E+00 0.00E+00 0.00E+00 0.00E+00 0.00E+00   1   3
 28.00  77  194 9.50E+01 0.00E+00 0.00E+00 0.00E+00 0.00E+00 0.00E+00   1   3
 29.00  77  194 9.41E+01 0.00E+00 0.00E+00 0.00E+00 0.00E+00 0.00E+00   1   3
 30.00  77  194 9.35E+01 0.00E+00 0.00E+00 0.00E+00 0.00E+00 0.00E+00   1   3
 31.00  77  194 9.41E+01 0.00E+00 0.00E+00 0.00E+00 0.00E+00 0.00E+00   1   3
 32.00  77  194 9.41E+01 0.00E+00 0.00E+00 0.00E+00 0.00E+00 0.00E+00   1   3
 33.00  77  194 9.41E+01 0.00E+00 0.00E+00 0.00E+00 0.00E+00 0.00E+00   1   3
 34.00  77  194 9.45E+01 0.00E+00 0.00E+00 0.00E+00 0.00E+00 0.00E+00   1   3
 35.00  77  194 9.46E+01 0.00E+00 0.00E+00 0.00E+00 0.00E+00 0.00E+00   1   3
 36.00  77  194 9.46E+01 0.00E+00 0.00E+00 0.00E+00 0.00E+00 0.00E+00   1   3
 37.00  77  194 9.51E+01 0.00E+00 0.00E+00 0.00E+00 0.00E+00 0.00E+00   1   3
 38.00  77  194 9.26E+01 0.00E+00 0.00E+00 0.00E+00 0.00E+00 0.00E+00   1   3
 39.00  77  194 9.21E+01 0.00E+00 0.00E+00 0.00E+00 0.00E+00 0.00E+00   1   3
 10.00  77  193 2.06E-03 0.00E+00 0.00E+00          0.00E+00            0   2
 11.00  77  193 3.14E-02 0.00E+00 0.00E+00          0.00E+00            0   2
 12.00  77  193 4.16E-01 0.00E+00 0.00E+00          0.00E+00            0   2
 13.00  77  193 1.35E+00 0.00E+00 0.00E+00          0.00E+00            0   2
 14.00  77  193 3.63E+00 0.00E+00 0.00E+00          0.00E+00            0   2
 15.00  77  193 7.78E+00 0.00E+00 0.00E+00          0.00E+00            0   2
 16.00  77  193 1.32E+01 0.00E+00 0.00E+00          0.00E+00            0   2
 17.00  77  193 2.09E+01 0.00E+00 0.00E+00          0.00E+00            0   2
 18.00  77  193 2.98E+01 0.00E+00 0.00E+00          0.00E+00            0   2
 19.00  77  193 4.02E+01 0.00E+00 0.00E+00          0.00E+00            0   2
 20.00  77  193 5.29E+01 0.00E+00 0.00E+00          0.00E+00            0   2
 21.00  77  193 6.38E+01 0.00E+00 0.00E+00          0.00E+00            0   2
 22.00  77  193 7.57E+01 0.00E+00 0.00E+00          0.00E+00            0   2
 23.00  77  193 8.86E+01 0.00E+00 0.00E+00          0.00E+00            0   2
 24.00  77  193 9.64E+01 0.00E+00 0.00E+00          0.00E+00            0   2
 25.00  77  193 1.10E+02 0.00E+00 0.00E+00          0.00E+00            0   2
 26.00  77  193 1.17E+02 0.00E+00 0.00E+00          0.00E+00            0   2
 27.00  77  193 1.25E+02 0.00E+00 0.00E+00          0.00E+00            0   2
 28.00  77  193 1.34E+02 0.00E+00 0.00E+00          0.00E+00            0   2
 29.00  77  193 1.41E+02 0.00E+00 0.00E+00          0.00E+00            0   2
 30.00  77  193 1.49E+02 0.00E+00 0.00E+00          0.00E+00            0   2
 31.00  77  193 1.55E+02 0.00E+00 0.00E+00          0.00E+00            0   2
 32.00  77  193 1.59E+02 0.00E+00 0.00E+00          0.00E+00            0   2
 33.00  77  193 1.66E+02 0.00E+00 0.00E+00          0.00E+00            0   2
 34.00  77  193 1.69E+02 0.00E+00 0.00E+00          0.00E+00            0   2
 35.00  77  193 1.75E+02 0.00E+00 0.00E+00          0.00E+00            0   2
 36.00  77  193 1.79E+02 0.00E+00 0.00E+00          0.00E+00            0   2
 37.00  77  193 1.86E+02 0.00E+00 0.00E+00          0.00E+00            0   2
 38.00  77  193 1.84E+02 0.00E+00 0.00E+00          0.00E+00            0   2
 39.00  77  193 1.93E+02 0.00E+00 0.00E+00          0.00E+00            0   2
 13.00  77  192 4.73E-02 0.00E+00 0.00E+00 0.00E+00 0.00E+00 0.00E+00   1   3
 14.00  77  192 1.92E-02 0.00E+00 0.00E+00 0.00E+00 0.00E+00 0.00E+00   1   3
 15.00  77  192 1.22E-01 0.00E+00 0.00E+00 0.00E+00 0.00E+00 0.00E+00   1   3
 16.00  77  192 2.35E-01 0.00E+00 0.00E+00 0.00E+00 0.00E+00 0.00E+00   1   3
 17.00  77  192 3.64E-01 0.00E+00 0.00E+00 0.00E+00 0.00E+00 0.00E+00   1   3
 18.00  77  192 6.25E-01 0.00E+00 0.00E+00 0.00E+00 0.00E+00 0.00E+00   1   3
 19.00  77  192 8.77E-01 0.00E+00 0.00E+00 0.00E+00 0.00E+00 0.00E+00   1   3
 20.00  77  192 1.34E+00 0.00E+00 0.00E+00 0.00E+00 0.00E+00 0.00E+00   1   3
 21.00  77  192 2.73E+00 0.00E+00 0.00E+00 0.00E+00 0.00E+00 0.00E+00   1   3
 22.00  77  192 4.65E+00 0.00E+00 0.00E+00 0.00E+00 0.00E+00 0.00E+00   1   3
 23.00  77  192 7.49E+00 0.00E+00 0.00E+00 0.00E+00 0.00E+00 0.00E+00   1   3
 24.00  77  192 1.22E+01 0.00E+00 0.00E+00 0.00E+00 0.00E+00 0.00E+00   1   3
 25.00  77  192 1.71E+01 0.00E+00 0.00E+00 0.00E+00 0.00E+00 0.00E+00   1   3
 26.00  77  192 2.30E+01 0.00E+00 0.00E+00 0.00E+00 0.00E+00 0.00E+00   1   3
 27.00  77  192 3.09E+01 0.00E+00 0.00E+00 0.00E+00 0.00E+00 0.00E+00   1   3
 28.00  77  192 3.79E+01 0.00E+00 0.00E+00 0.00E+00 0.00E+00 0.00E+00   1   3
 29.00  77  192 4.51E+01 0.00E+00 0.00E+00 0.00E+00 0.00E+00 0.00E+00   1   3
 30.00  77  192 5.28E+01 0.00E+00 0.00E+00 0.00E+00 0.00E+00 0.00E+00   1   3
 31.00  77  192 5.83E+01 0.00E+00 0.00E+00 0.00E+00 0.00E+00 0.00E+00   1   3
 32.00  77  192 6.73E+01 0.00E+00 0.00E+00 0.00E+00 0.00E+00 0.00E+00   1   3
 33.00  77  192 7.18E+01 0.00E+00 0.00E+00 0.00E+00 0.00E+00 0.00E+00   1   3
 34.00  77  192 7.55E+01 0.00E+00 0.00E+00 0.00E+00 0.00E+00 0.00E+00   1   3
 35.00  77  192 7.97E+01 0.00E+00 0.00E+00 0.00E+00 0.00E+00 0.00E+00   1   3
 36.00  77  192 8.09E+01 0.00E+00 0.00E+00 0.00E+00 0.00E+00 0.00E+00   1   3
 37.00  77  192 8.31E+01 0.00E+00 0.00E+00 0.00E+00 0.00E+00 0.00E+00   1   3
 38.00  77  192 8.77E+01 0.00E+00 0.00E+00 0.00E+00 0.00E+00 0.00E+00   1   3
 39.00  77  192 8.96E+01 0.00E+00 0.00E+00 0.00E+00 0.00E+00 0.00E+00   1   3
 18.00  77  191 1.46E-02 0.00E+00 0.00E+00 0.00E+00 0.00E+00 0.00E+00   1   3
 19.00  77  191 1.53E-02 0.00E+00 0.00E+00 0.00E+00 0.00E+00 0.00E+00   1   3
 20.00  77  191 4.85E-02 0.00E+00 0.00E+00 0.00E+00 0.00E+00 0.00E+00   1   3
 21.00  77  191 1.01E-01 0.00E+00 0.00E+00 0.00E+00 0.00E+00 0.00E+00   1   3
 22.00  77  191 1.75E-01 0.00E+00 0.00E+00 0.00E+00 0.00E+00 0.00E+00   1   3
 23.00  77  191 5.77E-01 0.00E+00 0.00E+00 0.00E+00 0.00E+00 0.00E+00   1   3
 24.00  77  191 5.75E-01 0.00E+00 0.00E+00 0.00E+00 0.00E+00 0.00E+00   1   3
 25.00  77  191 5.69E-01 0.00E+00 0.00E+00 0.00E+00 0.00E+00 0.00E+00   1   3
 26.00  77  191 8.74E-01 0.00E+00 0.00E+00 0.00E+00 0.00E+00 0.00E+00   1   3
 27.00  77  191 1.56E+00 0.00E+00 0.00E+00 0.00E+00 0.00E+00 0.00E+00   1   3
 28.00  77  191 2.78E+00 0.00E+00 0.00E+00 0.00E+00 0.00E+00 0.00E+00   1   3
 29.00  77  191 4.45E+00 0.00E+00 0.00E+00 0.00E+00 0.00E+00 0.00E+00   1   3
 30.00  77  191 7.54E+00 0.00E+00 0.00E+00 0.00E+00 0.00E+00 0.00E+00   1   3
 31.00  77  191 1.08E+01 0.00E+00 0.00E+00 0.00E+00 0.00E+00 0.00E+00   1   3
 32.00  77  191 1.63E+01 0.00E+00 0.00E+00 0.00E+00 0.00E+00 0.00E+00   1   3
 33.00  77  191 2.05E+01 0.00E+00 0.00E+00 0.00E+00 0.00E+00 0.00E+00   1   3
 34.00  77  191 2.80E+01 0.00E+00 0.00E+00 0.00E+00 0.00E+00 0.00E+00   1   3
 35.00  77  191 3.48E+01 0.00E+00 0.00E+00 0.00E+00 0.00E+00 0.00E+00   1   3
 36.00  77  191 4.41E+01 0.00E+00 0.00E+00 0.00E+00 0.00E+00 0.00E+00   1   3
 37.00  77  191 5.29E+01 0.00E+00 0.00E+00 0.00E+00 0.00E+00 0.00E+00   1   3
 38.00  77  191 6.18E+01 0.00E+00 0.00E+00 0.00E+00 0.00E+00 0.00E+00   1   3
 39.00  77  191 6.91E+01 0.00E+00 0.00E+00 0.00E+00 0.00E+00 0.00E+00   1   3
 26.00  77  190 1.95E-02 2.46E+01 6.92E+01 0.00E+00 3.56E+03 0.00E+00   0   3
 28.00  77  190 6.02E-02 2.31E+01 7.19E+01 0.00E+00 1.19E+03 0.00E+00   0   3
 29.00  77  190 8.18E-02 2.25E+01 7.17E+01 0.00E+00 8.76E+02 0.00E+00   0   3
 30.00  77  190 1.87E-01 2.12E+01 7.22E+01 0.00E+00 3.87E+02 0.00E+00   0   3
 31.00  77  190 3.36E-01 2.08E+01 7.33E+01 0.00E+00 2.18E+02 0.00E+00   0   3
 32.00  77  190 4.03E-01 1.96E+01 7.45E+01 0.00E+00 1.85E+02 0.00E+00   0   3
 33.00  77  190 5.36E-01 1.79E+01 7.63E+01 0.00E+00 1.42E+02 0.00E+00   0   3
 34.00  77  190 9.95E-01 1.85E+01 7.61E+01 0.00E+00 7.64E+01 0.00E+00   0   3
 35.00  77  190 1.05E+00 1.78E+01 7.68E+01 0.00E+00 7.34E+01 0.00E+00   0   3
 36.00  77  190 1.76E+00 1.66E+01 7.80E+01 0.00E+00 4.43E+01 0.00E+00   0   3
 37.00  77  190 2.97E+00 1.60E+01 7.91E+01 0.00E+00 2.66E+01 0.00E+00   0   3
 38.00  77  190 4.17E+00 1.52E+01 7.75E+01 0.00E+00 1.86E+01 0.00E+00   0   3
 39.00  77  190 5.61E+00 1.46E+01 7.74E+01 0.00E+00 1.38E+01 0.00E+00   0   3
 34.00  77  189 2.17E-02 5.85E+00 1.41E+02 2.24E+01 6.50E+03 1.03E+03   0   3
 35.00  77  189 2.19E-02 5.76E+00 1.47E+02 2.30E+01 6.71E+03 1.05E+03   0   3
 36.00  77  189 6.60E-02 5.80E+00 1.48E+02 2.48E+01 2.25E+03 3.75E+02   0   3
 37.00  77  189 1.55E-01 6.14E+00 1.55E+02 2.52E+01 9.97E+02 1.63E+02   0   3
 38.00  77  189 2.68E-01 5.98E+00 1.53E+02 2.54E+01 5.70E+02 9.47E+01   0   3
 39.00  77  189 3.59E-01 6.47E+00 1.61E+02 2.61E+01 4.47E+02 7.28E+01   0   3
 34.00  76  193 2.16E-02                                                    1
 35.00  76  193 6.54E-02                                                    1
 36.00  76  193 4.40E-02                                                    1
 38.00  76  193 2.24E-02                                                    1
 39.00  76  193 6.72E-02                                                    1
 12.00  76  192 5.88E-03 0.00E+00 0.00E+00          0.00E+00            0   2
 13.00  76  192 1.57E-02 0.00E+00 0.00E+00          0.00E+00            0   2
 14.00  76  192 9.50E-03 0.00E+00 0.00E+00          0.00E+00            0   2
 15.00  76  192 7.74E-02 0.00E+00 0.00E+00          0.00E+00            0   2
 16.00  76  192 1.11E-01 0.00E+00 0.00E+00          0.00E+00            0   2
 17.00  76  192 2.43E-01 0.00E+00 0.00E+00          0.00E+00            0   2
 18.00  76  192 2.61E-01 0.00E+00 0.00E+00          0.00E+00            0   2
 19.00  76  192 2.15E-01 0.00E+00 0.00E+00          0.00E+00            0   2
 20.00  76  192 3.88E-01 0.00E+00 0.00E+00          0.00E+00            0   2
 21.00  76  192 6.74E-01 0.00E+00 0.00E+00          0.00E+00            0   2
 22.00  76  192 8.57E-01 0.00E+00 0.00E+00          0.00E+00            0   2
 23.00  76  192 8.12E-01 0.00E+00 0.00E+00          0.00E+00            0   2
 24.00  76  192 9.83E-01 0.00E+00 0.00E+00          0.00E+00            0   2
 25.00  76  192 1.42E+00 0.00E+00 0.00E+00          0.00E+00            0   2
 26.00  76  192 1.36E+00 0.00E+00 0.00E+00          0.00E+00            0   2
 27.00  76  192 1.78E+00 0.00E+00 0.00E+00          0.00E+00            0   2
 28.00  76  192 1.97E+00 0.00E+00 0.00E+00          0.00E+00            0   2
 29.00  76  192 2.55E+00 0.00E+00 0.00E+00          0.00E+00            0   2
 30.00  76  192 2.86E+00 0.00E+00 0.00E+00          0.00E+00            0   2
 31.00  76  192 2.85E+00 0.00E+00 0.00E+00          0.00E+00            0   2
 32.00  76  192 2.72E+00 0.00E+00 0.00E+00          0.00E+00            0   2
 33.00  76  192 2.59E+00 0.00E+00 0.00E+00          0.00E+00            0   2
 34.00  76  192 3.96E+00 0.00E+00 0.00E+00          0.00E+00            0   2
 35.00  76  192 3.84E+00 0.00E+00 0.00E+00          0.00E+00            0   2
 36.00  76  192 4.18E+00 0.00E+00 0.00E+00          0.00E+00            0   2
 37.00  76  192 4.54E+00 0.00E+00 0.00E+00          0.00E+00            0   2
 38.00  76  192 5.11E+00 0.00E+00 0.00E+00          0.00E+00            0   2
 39.00  76  192 5.27E+00 0.00E+00 0.00E+00          0.00E+00            0   2
 10.00  76  191 2.06E-03 0.00E+00 0.00E+00          0.00E+00            0   2
 13.00  76  191 1.57E-02 0.00E+00 0.00E+00          0.00E+00            0   2
 14.00  76  191 9.50E-03 0.00E+00 0.00E+00          0.00E+00            0   2
 15.00  76  191 2.21E-02 0.00E+00 0.00E+00          0.00E+00            0   2
 16.00  76  191 3.71E-02 0.00E+00 0.00E+00          0.00E+00            0   2
 17.00  76  191 1.34E-02 0.00E+00 0.00E+00          0.00E+00            0   2
 18.00  76  191 5.82E-02 0.00E+00 0.00E+00          0.00E+00            0   2
 19.00  76  191 6.14E-02 0.00E+00 0.00E+00          0.00E+00            0   2
 20.00  76  191 1.61E-02 0.00E+00 0.00E+00          0.00E+00            0   2
 21.00  76  191 1.01E-01 0.00E+00 0.00E+00          0.00E+00            0   2
 22.00  76  191 1.05E-01 0.00E+00 0.00E+00          0.00E+00            0   2
 23.00  76  191 1.26E-01 0.00E+00 0.00E+00          0.00E+00            0   2
 24.00  76  191 9.27E-02 0.00E+00 0.00E+00          0.00E+00            0   2
 25.00  76  191 1.71E-01 0.00E+00 0.00E+00          0.00E+00            0   2
 26.00  76  191 2.14E-01 0.00E+00 0.00E+00          0.00E+00            0   2
 27.00  76  191 2.57E-01 0.00E+00 0.00E+00          0.00E+00            0   2
 28.00  76  191 5.03E-01 0.00E+00 0.00E+00          0.00E+00            0   2
 29.00  76  191 5.52E-01 0.00E+00 0.00E+00          0.00E+00            0   2
 30.00  76  191 7.25E-01 0.00E+00 0.00E+00          0.00E+00            0   2
 31.00  76  191 7.98E-01 0.00E+00 0.00E+00          0.00E+00            0   2
 32.00  76  191 7.85E-01 0.00E+00 0.00E+00          0.00E+00            0   2
 33.00  76  191 1.22E+00 0.00E+00 0.00E+00          0.00E+00            0   2
 34.00  76  191 1.17E+00 0.00E+00 0.00E+00          0.00E+00            0   2
 35.00  76  191 1.83E+00 0.00E+00 0.00E+00          0.00E+00            0   2
 36.00  76  191 1.85E+00 0.00E+00 0.00E+00          0.00E+00            0   2
 37.00  76  191 1.93E+00 0.00E+00 0.00E+00          0.00E+00            0   2
 38.00  76  191 2.36E+00 0.00E+00 0.00E+00          0.00E+00            0   2
 39.00  76  191 2.74E+00 0.00E+00 0.00E+00          0.00E+00            0   2
 11.00  76  190 3.88E-03 0.00E+00 0.00E+00          0.00E+00            0   2
 12.00  76  190 5.96E-03 0.00E+00 0.00E+00          0.00E+00            0   2
 13.00  76  190 1.58E-02 0.00E+00 0.00E+00          0.00E+00            0   2
 14.00  76  190 3.82E-02 0.00E+00 0.00E+00          0.00E+00            0   2
 15.00  76  190 6.65E-02 0.00E+00 0.00E+00          0.00E+00            0   2
 16.00  76  190 1.86E-01 0.00E+00 0.00E+00          0.00E+00            0   2
 17.00  76  190 3.65E-01 0.00E+00 0.00E+00          0.00E+00            0   2
 18.00  76  190 3.05E-01 0.00E+00 0.00E+00          0.00E+00            0   2
 19.00  76  190 3.08E-01 0.00E+00 0.00E+00          0.00E+00            0   2
 20.00  76  190 5.02E-01 0.00E+00 0.00E+00          0.00E+00            0   2
 21.00  76  190 7.93E-01 0.00E+00 0.00E+00          0.00E+00            0   2
 22.00  76  190 6.99E-01 0.00E+00 0.00E+00          0.00E+00            0   2
 23.00  76  190 7.40E-01 0.00E+00 0.00E+00          0.00E+00            0   2
 24.00  76  190 9.27E-01 0.00E+00 0.00E+00          0.00E+00            0   2
 25.00  76  190 9.30E-01 0.00E+00 0.00E+00          0.00E+00            0   2
 26.00  76  190 1.03E+00 0.00E+00 0.00E+00          0.00E+00            0   2
 27.00  76  190 1.13E+00 0.00E+00 0.00E+00          0.00E+00            0   2
 28.00  76  190 1.17E+00 0.00E+00 0.00E+00          0.00E+00            0   2
 29.00  76  190 1.04E+00 0.00E+00 0.00E+00          0.00E+00            0   2
 30.00  76  190 9.74E-01 0.00E+00 0.00E+00          0.00E+00            0   2
 31.00  76  190 1.34E+00 0.00E+00 0.00E+00          0.00E+00            0   2
 32.00  76  190 1.40E+00 0.00E+00 0.00E+00          0.00E+00            0   2
 33.00  76  190 1.18E+00 0.00E+00 0.00E+00          0.00E+00            0   2
 34.00  76  190 1.80E+00 0.00E+00 0.00E+00          0.00E+00            0   2
 35.00  76  190 1.31E+00 0.00E+00 0.00E+00          0.00E+00            0   2
 36.00  76  190 1.34E+00 0.00E+00 0.00E+00          0.00E+00            0   2
 37.00  76  190 1.64E+00 0.00E+00 0.00E+00          0.00E+00            0   2
 38.00  76  190 2.01E+00 0.00E+00 0.00E+00          0.00E+00            0   2
 39.00  76  190 2.04E+00 0.00E+00 0.00E+00          0.00E+00            0   2
 18.00  76  189 1.46E-02 0.00E+00 0.00E+00          0.00E+00            0   2
 19.00  76  189 3.09E-02 0.00E+00 0.00E+00          0.00E+00            0   2
 21.00  76  189 5.06E-02 0.00E+00 0.00E+00          0.00E+00            0   2
 22.00  76  189 1.05E-01 0.00E+00 0.00E+00          0.00E+00            0   2
 23.00  76  189 5.41E-01 0.00E+00 0.00E+00          0.00E+00            0   2
 24.00  76  189 8.35E-01 0.00E+00 0.00E+00          0.00E+00            0   2
 25.00  76  189 1.01E+00 0.00E+00 0.00E+00          0.00E+00            0   2
 26.00  76  189 1.09E+00 0.00E+00 0.00E+00          0.00E+00            0   2
 27.00  76  189 1.27E+00 0.00E+00 0.00E+00          0.00E+00            0   2
 28.00  76  189 1.77E+00 0.00E+00 0.00E+00          0.00E+00            0   2
 29.00  76  189 1.59E+00 0.00E+00 0.00E+00          0.00E+00            0   2
 30.00  76  189 1.84E+00 0.00E+00 0.00E+00          0.00E+00            0   2
 31.00  76  189 1.95E+00 0.00E+00 0.00E+00          0.00E+00            0   2
 32.00  76  189 2.18E+00 0.00E+00 0.00E+00          0.00E+00            0   2
 33.00  76  189 1.95E+00 0.00E+00 0.00E+00          0.00E+00            0   2
 34.00  76  189 1.77E+00 0.00E+00 2.16E-02          1.22E-02            0   2
 35.00  76  189 1.96E+00 0.00E+00 6.54E-02          3.33E-02            0   2
 36.00  76  189 1.94E+00 0.00E+00 4.40E-02          2.27E-02            0   2
 37.00  76  189 1.73E+00 0.00E+00 0.00E+00          0.00E+00            0   2
 38.00  76  189 1.41E+00 0.00E+00 2.24E-02          1.59E-02            0   2
 39.00  76  189 1.50E+00 0.00E+00 6.72E-02          4.47E-02            0   2
 26.00  76  188 1.94E-02                                                    1
 27.00  76  188 1.58E-01                                                    1
 28.00  76  188 1.81E-01                                                    1
 29.00  76  188 3.68E-01                                                    1
 30.00  76  188 8.49E-01                                                    1
 31.00  76  188 1.30E+00                                                    1
 32.00  76  188 1.70E+00                                                    1
 33.00  76  188 2.49E+00                                                    1
 34.00  76  188 2.86E+00                                                    1
 35.00  76  188 2.88E+00                                                    1
 36.00  76  188 4.07E+00                                                    1
 37.00  76  188 4.50E+00                                                    1
 38.00  76  188 4.88E+00                                                    1
 39.00  76  188 5.16E+00                                                    1
 35.00  76  187 4.37E-02                                                    1
 36.00  76  187 3.30E-01                                                    1
 37.00  76  187 1.55E-01                                                    1
 38.00  76  187 7.35E-01                                                    1
 39.00  76  187 1.12E+00                                                    1
 26.00  75  191 1.95E-02                                                    1
 27.00  75  191 1.98E-02                                                    1
 28.00  75  191 2.01E-02                                                    1
 30.00  75  191 4.13E-02                                                    1
 32.00  75  191 8.48E-02                                                    1
 33.00  75  191 4.29E-02                                                    1
 34.00  75  191 2.16E-02                                                    1
 35.00  75  191 6.55E-02                                                    1
 36.00  75  191 1.10E-01                                                    1
 37.00  75  191 1.55E-01                                                    1
 38.00  75  191 2.90E-01                                                    1
 39.00  75  191 1.57E-01                                                    1
 13.00  75  190 7.88E-03 0.00E+00 0.00E+00          0.00E+00            0   2
 15.00  75  190 1.11E-02 0.00E+00 0.00E+00          0.00E+00            0   2
 16.00  75  190 1.24E-02 0.00E+00 0.00E+00          0.00E+00            0   2
 18.00  75  190 2.91E-02 0.00E+00 0.00E+00          0.00E+00            0   2
 19.00  75  190 6.16E-02 0.00E+00 0.00E+00          0.00E+00            0   2
 20.00  75  190 4.84E-02 0.00E+00 0.00E+00          0.00E+00            0   2
 21.00  75  190 1.69E-02 0.00E+00 0.00E+00          0.00E+00            0   2
 22.00  75  190 8.72E-02 0.00E+00 0.00E+00          0.00E+00            0   2
 23.00  75  190 9.04E-02 0.00E+00 0.00E+00          0.00E+00            0   2
 24.00  75  190 1.67E-01 0.00E+00 0.00E+00          0.00E+00            0   2
 25.00  75  190 1.90E-01 0.00E+00 0.00E+00          0.00E+00            0   2
 26.00  75  190 2.52E-01 0.00E+00 0.00E+00          0.00E+00            0   2
 27.00  75  190 3.16E-01 0.00E+00 0.00E+00          0.00E+00            0   2
 28.00  75  190 2.62E-01 0.00E+00 0.00E+00          0.00E+00            0   2
 29.00  75  190 4.29E-01 0.00E+00 0.00E+00          0.00E+00            0   2
 30.00  75  190 3.52E-01 0.00E+00 0.00E+00          0.00E+00            0   2
 31.00  75  190 1.89E-01 0.00E+00 0.00E+00          0.00E+00            0   2
 32.00  75  190 3.39E-01 0.00E+00 0.00E+00          0.00E+00            0   2
 33.00  75  190 5.57E-01 0.00E+00 0.00E+00          0.00E+00            0   2
 34.00  75  190 5.62E-01 0.00E+00 0.00E+00          0.00E+00            0   2
 35.00  75  190 6.11E-01 0.00E+00 0.00E+00          0.00E+00            0   2
 36.00  75  190 6.60E-01 0.00E+00 0.00E+00          0.00E+00            0   2
 37.00  75  190 6.65E-01 0.00E+00 0.00E+00          0.00E+00            0   2
 38.00  75  190 6.69E-01 0.00E+00 0.00E+00          0.00E+00            0   2
 39.00  75  190 9.20E-01 0.00E+00 0.00E+00          0.00E+00            0   2
 20.00  75  189 1.62E-02                                                    1
 24.00  75  189 5.57E-02                                                    1
 25.00  75  189 1.90E-02                                                    1
 26.00  75  189 1.95E-02                                                    1
 27.00  75  189 9.91E-02                                                    1
 28.00  75  189 1.00E-01                                                    1
 29.00  75  189 2.05E-02                                                    1
 30.00  75  189 1.45E-01                                                    1
 31.00  75  189 8.38E-02                                                    1
 32.00  75  189 1.27E-01                                                    1
 33.00  75  189 1.28E-01                                                    1
 34.00  75  189 1.08E-01                                                    1
 35.00  75  189 8.73E-02                                                    1
 36.00  75  189 3.74E-01                                                    1
 37.00  75  189 1.77E-01                                                    1
 38.00  75  189 1.79E-01                                                    1
 39.00  75  189 3.59E-01                                                    1
 24.00  75  188 1.85E-02 0.00E+00 0.00E+00          0.00E+00            0   2
 32.00  75  188 2.13E-02 0.00E+00 0.00E+00          0.00E+00            0   2
 34.00  75  188 2.17E-02 0.00E+00 0.00E+00          0.00E+00            0   2
 35.00  75  188 2.17E-02 0.00E+00 0.00E+00          0.00E+00            0   2
 39.00  75  188 2.25E-02 0.00E+00 0.00E+00          0.00E+00            0   2
 36.00  75  187 2.20E-02                                                    1
 39.00  75  187 2.25E-02                                                    1
 25.00  74  187 1.89E-02                                                    1
 36.00  74  187 2.20E-02                                                    1
  Ebeam =   1.0000000000000000      sumcs=   0.0000000000000000
  Ebeam =   2.0000000000000000      sumcs=   0.0000000000000000
  Ebeam =   3.0000000000000000      sumcs=   0.0000000000000000
  Ebeam =   4.0000000000000000      sumcs=   0.0000000000000000
  Ebeam =   5.0000000000000000      sumcs=   0.0000000000000000
  Ebeam =   6.0000000000000000      sumcs=   0.0000000000000000
  Ebeam =   7.0000000000000000      sumcs=  0.84743193631532232
  Ebeam =   8.0000000000000000      sumcs=   17.065384689684382
  Ebeam =   9.0000000000000000      sumcs=   73.239475940650323
  Ebeam =   10.000000000000000      sumcs=   203.61034244733273
  Ebeam =   11.000000000000000      sumcs=   391.90135318498852
  Ebeam =   12.000000000000000      sumcs=   593.41797445843304
  Ebeam =   13.000000000000000      sumcs=   785.22757336913514
  Ebeam =   14.000000000000000      sumcs=   956.18986741877200
  Ebeam =   15.000000000000000      sumcs=   1106.3148149585672
  Ebeam =   16.000000000000000      sumcs=   1235.6067554381052
  Ebeam =   17.000000000000000      sumcs=   1350.7559407644083
  Ebeam =   18.000000000000000      sumcs=   1451.5764281724321
  Ebeam =   19.000000000000000      sumcs=   1538.6560638774110
  Ebeam =   20.000000000000000      sumcs=   1617.2531293202783
  Ebeam =   21.000000000000000      sumcs=   1685.7085081182881
  Ebeam =   22.000000000000000      sumcs=   1748.6141187578910
  Ebeam =   23.000000000000000      sumcs=   1803.4429185593563
  Ebeam =   24.000000000000000      sumcs=   1854.3775682833075
  Ebeam =   25.000000000000000      sumcs=   1898.8133551085268
  Ebeam =   26.000000000000000      sumcs=   1940.5403984175180
  Ebeam =   27.000000000000000      sumcs=   1977.1654682965705
  Ebeam =   28.000000000000000      sumcs=   2010.2765805724775
  Ebeam =   29.000000000000000      sumcs=   2042.3509148930170
  Ebeam =   30.000000000000000      sumcs=   2069.9817078310784
  Ebeam =   31.000000000000000      sumcs=   2096.8416876979718
  Ebeam =   32.000000000000000      sumcs=   2120.0871831982913
  Ebeam =   33.000000000000000      sumcs=   2141.3692998202009
  Ebeam =   34.000000000000000      sumcs=   2162.7474014261466
  Ebeam =   35.000000000000000      sumcs=   2180.9230290414184
  Ebeam =   36.000000000000000      sumcs=   2197.5333075144231
  Ebeam =   37.000000000000000      sumcs=   2214.6652018055065
  Ebeam =   38.000000000000000      sumcs=   2228.9436505668959
  Ebeam =   39.000000000000000      sumcs=   2242.3772543725595
