  Ebeam  Z   A   Total    grnd st  isomer1 isomer2  isomer1  isomer2  didl nolevs
  (MeV)           cs.      cs.      cs.     cs.     to total to total
  3.00  30  66 3.01E+00                                                    1
  5.00  30  66 9.66E+01                                                    1
  7.00  30  66 1.60E+02                                                    1
  9.00  30  66 1.46E+02                                                    1
 11.00  30  66 1.27E+02                                                    1
 13.00  30  66 1.16E+02                                                    1
 15.00  30  66 1.07E+02                                                    1
 17.00  30  66 1.00E+02                                                    1
 19.00  30  66 9.53E+01                                                    1
 21.00  30  66 9.05E+01                                                    1
 23.00  30  66 8.46E+01                                                    1
 25.00  30  66 8.43E+01                                                    1
 27.00  30  66 8.00E+01                                                    1
 29.00  30  66 7.57E+01                                                    1
 31.00  30  66 7.24E+01                                                    1
 33.00  30  66 6.91E+01                                                    1
 35.00  30  66 6.78E+01                                                    1
 37.00  30  66 6.38E+01                                                    1
 39.00  30  66 6.16E+01                                                    1
  7.00  30  65 5.29E+01                                                    1
  9.00  30  65 1.31E+02                                                    1
 11.00  30  65 1.77E+02                                                    1
 13.00  30  65 2.00E+02                                                    1
 15.00  30  65 2.07E+02                                                    1
 17.00  30  65 1.80E+02                                                    1
 19.00  30  65 1.45E+02                                                    1
 21.00  30  65 1.12E+02                                                    1
 23.00  30  65 8.84E+01                                                    1
 25.00  30  65 7.29E+01                                                    1
 27.00  30  65 6.52E+01                                                    1
 29.00  30  65 5.80E+01                                                    1
 31.00  30  65 5.32E+01                                                    1
 33.00  30  65 5.09E+01                                                    1
 35.00  30  65 4.74E+01                                                    1
 37.00  30  65 4.40E+01                                                    1
 39.00  30  65 4.30E+01                                                    1
  3.00  30  64 5.97E+00                                                    1
  5.00  30  64 1.92E+02                                                    1
  7.00  30  64 3.46E+02                                                    1
  9.00  30  64 3.09E+02                                                    1
 11.00  30  64 2.65E+02                                                    1
 13.00  30  64 2.35E+02                                                    1
 15.00  30  64 2.24E+02                                                    1
 17.00  30  64 2.45E+02                                                    1
 19.00  30  64 2.71E+02                                                    1
 21.00  30  64 2.87E+02                                                    1
 23.00  30  64 3.02E+02                                                    1
 25.00  30  64 3.04E+02                                                    1
 27.00  30  64 2.93E+02                                                    1
 29.00  30  64 2.79E+02                                                    1
 31.00  30  64 2.62E+02                                                    1
 33.00  30  64 2.40E+02                                                    1
 35.00  30  64 2.18E+02                                                    1
 37.00  30  64 2.00E+02                                                    1
 39.00  30  64 1.89E+02                                                    1
  9.00  30  63 2.61E+01                                                    1
 11.00  30  63 9.02E+01                                                    1
 13.00  30  63 1.49E+02                                                    1
 15.00  30  63 1.91E+02                                                    1
 17.00  30  63 2.17E+02                                                    1
 19.00  30  63 2.17E+02                                                    1
 21.00  30  63 1.88E+02                                                    1
 23.00  30  63 1.47E+02                                                    1
 25.00  30  63 1.14E+02                                                    1
 27.00  30  63 9.41E+01                                                    1
 29.00  30  63 8.35E+01                                                    1
 31.00  30  63 7.36E+01                                                    1
 33.00  30  63 7.25E+01                                                    1
 35.00  30  63 7.07E+01                                                    1
 37.00  30  63 7.27E+01                                                    1
 39.00  30  63 7.28E+01                                                    1
 17.00  30  62 3.38E-01                                                    1
 19.00  30  62 1.42E+01                                                    1
 21.00  30  62 5.06E+01                                                    1
 23.00  30  62 8.65E+01                                                    1
 25.00  30  62 1.14E+02                                                    1
 27.00  30  62 1.26E+02                                                    1
 29.00  30  62 1.27E+02                                                    1
 31.00  30  62 1.22E+02                                                    1
 33.00  30  62 1.09E+02                                                    1
 35.00  30  62 9.90E+01                                                    1
 37.00  30  62 8.30E+01                                                    1
 39.00  30  62 7.23E+01                                                    1
 35.00  30  61 1.52E-01                                                    1
 37.00  30  61 3.04E-01                                                    1
 39.00  30  61 1.16E+00                                                    1
  3.00  29  66 1.28E-01                                                    1
  5.00  29  66 7.47E+00                                                    1
  7.00  29  66 2.54E+01                                                    1
  9.00  29  66 3.76E+01                                                    1
 11.00  29  66 4.48E+01                                                    1
 13.00  29  66 4.80E+01                                                    1
 15.00  29  66 4.89E+01                                                    1
 17.00  29  66 4.87E+01                                                    1
 19.00  29  66 4.83E+01                                                    1
 21.00  29  66 4.74E+01                                                    1
 23.00  29  66 4.56E+01                                                    1
 25.00  29  66 4.40E+01                                                    1
 27.00  29  66 4.09E+01                                                    1
 29.00  29  66 4.16E+01                                                    1
 31.00  29  66 4.05E+01                                                    1
 33.00  29  66 3.85E+01                                                    1
 35.00  29  66 3.63E+01                                                    1
 37.00  29  66 3.42E+01                                                    1
 39.00  29  66 3.55E+01                                                    1
  7.00  29  65 2.18E+00                                                    1
  9.00  29  65 1.13E+01                                                    1
 11.00  29  65 2.57E+01                                                    1
 13.00  29  65 4.41E+01                                                    1
 15.00  29  65 6.20E+01                                                    1
 17.00  29  65 7.96E+01                                                    1
 19.00  29  65 9.06E+01                                                    1
 21.00  29  65 9.89E+01                                                    1
 23.00  29  65 9.92E+01                                                    1
 25.00  29  65 9.45E+01                                                    1
 27.00  29  65 9.54E+01                                                    1
 29.00  29  65 9.28E+01                                                    1
 31.00  29  65 9.26E+01                                                    1
 33.00  29  65 9.53E+01                                                    1
 35.00  29  65 9.81E+01                                                    1
 37.00  29  65 9.77E+01                                                    1
 39.00  29  65 9.82E+01                                                    1
  3.00  29  64 5.65E-01                                                    1
  5.00  29  64 2.94E+01                                                    1
  7.00  29  64 8.76E+01                                                    1
  9.00  29  64 1.23E+02                                                    1
 11.00  29  64 1.29E+02                                                    1
 13.00  29  64 1.35E+02                                                    1
 15.00  29  64 1.34E+02                                                    1
 17.00  29  64 1.28E+02                                                    1
 19.00  29  64 1.30E+02                                                    1
 21.00  29  64 1.34E+02                                                    1
 23.00  29  64 1.46E+02                                                    1
 25.00  29  64 1.51E+02                                                    1
 27.00  29  64 1.66E+02                                                    1
 29.00  29  64 1.68E+02                                                    1
 31.00  29  64 1.70E+02                                                    1
 33.00  29  64 1.67E+02                                                    1
 35.00  29  64 1.58E+02                                                    1
 37.00  29  64 1.49E+02                                                    1
 39.00  29  64 1.40E+02                                                    1
  7.00  29  63 5.69E+01                                                    1
  9.00  29  63 1.71E+02                                                    1
 11.00  29  63 2.48E+02                                                    1
 13.00  29  63 2.96E+02                                                    1
 15.00  29  63 3.33E+02                                                    1
 17.00  29  63 3.56E+02                                                    1
 19.00  29  63 3.53E+02                                                    1
 21.00  29  63 3.30E+02                                                    1
 23.00  29  63 2.99E+02                                                    1
 25.00  29  63 2.81E+02                                                    1
 27.00  29  63 2.65E+02                                                    1
 29.00  29  63 2.65E+02                                                    1
 31.00  29  63 2.72E+02                                                    1
 33.00  29  63 2.84E+02                                                    1
 35.00  29  63 2.98E+02                                                    1
 37.00  29  63 3.18E+02                                                    1
 39.00  29  63 3.23E+02                                                    1
 17.00  29  62 7.69E-02                                                    1
 19.00  29  62 1.56E+00                                                    1
 21.00  29  62 1.07E+01                                                    1
 23.00  29  62 3.11E+01                                                    1
 25.00  29  62 6.38E+01                                                    1
 27.00  29  62 9.47E+01                                                    1
 29.00  29  62 1.24E+02                                                    1
 31.00  29  62 1.42E+02                                                    1
 33.00  29  62 1.44E+02                                                    1
 35.00  29  62 1.38E+02                                                    1
 37.00  29  62 1.25E+02                                                    1
 39.00  29  62 1.09E+02                                                    1
 27.00  29  61 1.16E-01                                                    1
 29.00  29  61 1.84E+00                                                    1
 31.00  29  61 1.13E+01                                                    1
 33.00  29  61 3.06E+01                                                    1
 35.00  29  61 5.81E+01                                                    1
 37.00  29  61 8.79E+01                                                    1
 39.00  29  61 1.13E+02                                                    1
 15.00  28  65 4.51E-02                                                    1
 17.00  28  65 2.18E-01                                                    1
 19.00  28  65 2.24E-01                                                    1
 21.00  28  65 5.22E-01                                                    1
 23.00  28  65 6.77E-01                                                    1
 25.00  28  65 4.67E-01                                                    1
 27.00  28  65 6.06E-01                                                    1
 29.00  28  65 5.75E-01                                                    1
 31.00  28  65 6.45E-01                                                    1
 33.00  28  65 3.75E-01                                                    1
 35.00  28  65 2.73E-01                                                    1
 37.00  28  65 4.44E-01                                                    1
 39.00  28  65 3.42E-01                                                    1
 17.00  28  64 1.56E-02                                                    1
 19.00  28  64 1.60E-01                                                    1
 21.00  28  64 9.30E-01                                                    1
 23.00  28  64 2.08E+00                                                    1
 25.00  28  64 3.46E+00                                                    1
 27.00  28  64 4.39E+00                                                    1
 29.00  28  64 7.07E+00                                                    1
 31.00  28  64 8.42E+00                                                    1
 33.00  28  64 9.52E+00                                                    1
 35.00  28  64 1.02E+01                                                    1
 37.00  28  64 1.02E+01                                                    1
 39.00  28  64 9.52E+00                                                    1
  3.00  28  63 1.79E-02                                                    1
  5.00  28  63 9.92E-01                                                    1
  7.00  28  63 2.96E+00                                                    1
  9.00  28  63 2.72E+00                                                    1
 11.00  28  63 1.92E+00                                                    1
 13.00  28  63 1.54E+00                                                    1
 15.00  28  63 3.16E+00                                                    1
 17.00  28  63 5.17E+00                                                    1
 19.00  28  63 7.71E+00                                                    1
 21.00  28  63 8.77E+00                                                    1
 23.00  28  63 8.05E+00                                                    1
 25.00  28  63 6.36E+00                                                    1
 27.00  28  63 6.13E+00                                                    1
 29.00  28  63 5.19E+00                                                    1
 31.00  28  63 4.48E+00                                                    1
 33.00  28  63 4.40E+00                                                    1
 35.00  28  63 5.01E+00                                                    1
 37.00  28  63 7.16E+00                                                    1
 39.00  28  63 1.02E+01                                                    1
  7.00  28  62 8.56E+00                                                    1
  9.00  28  62 1.62E+01                                                    1
 11.00  28  62 2.49E+01                                                    1
 13.00  28  62 2.85E+01                                                    1
 15.00  28  62 3.34E+01                                                    1
 17.00  28  62 4.50E+01                                                    1
 19.00  28  62 7.86E+01                                                    1
 21.00  28  62 1.20E+02                                                    1
 23.00  28  62 1.51E+02                                                    1
 25.00  28  62 1.68E+02                                                    1
 27.00  28  62 1.69E+02                                                    1
 29.00  28  62 1.67E+02                                                    1
 31.00  28  62 1.63E+02                                                    1
 33.00  28  62 1.54E+02                                                    1
 35.00  28  62 1.44E+02                                                    1
 37.00  28  62 1.34E+02                                                    1
 39.00  28  62 1.22E+02                                                    1
  3.00  28  61 1.34E-01                                                    1
  5.00  28  61 5.55E+00                                                    1
  7.00  28  61 1.48E+01                                                    1
  9.00  28  61 1.34E+01                                                    1
 11.00  28  61 8.25E+00                                                    1
 13.00  28  61 3.86E+00                                                    1
 15.00  28  61 1.66E+00                                                    1
 17.00  28  61 8.46E-01                                                    1
 19.00  28  61 1.18E+00                                                    1
 21.00  28  61 5.74E+00                                                    1
 23.00  28  61 1.30E+01                                                    1
 25.00  28  61 2.24E+01                                                    1
 27.00  28  61 2.79E+01                                                    1
 29.00  28  61 3.23E+01                                                    1
 31.00  28  61 3.62E+01                                                    1
 33.00  28  61 4.20E+01                                                    1
 35.00  28  61 5.30E+01                                                    1
 37.00  28  61 6.29E+01                                                    1
 39.00  28  61 7.79E+01                                                    1
  7.00  28  60 4.75E+01                                                    1
  9.00  28  60 1.17E+02                                                    1
 11.00  28  60 1.45E+02                                                    1
 13.00  28  60 1.49E+02                                                    1
 15.00  28  60 1.43E+02                                                    1
 17.00  28  60 1.38E+02                                                    1
 19.00  28  60 1.28E+02                                                    1
 21.00  28  60 1.19E+02                                                    1
 23.00  28  60 1.05E+02                                                    1
 25.00  28  60 8.22E+01                                                    1
 27.00  28  60 6.98E+01                                                    1
 29.00  28  60 5.86E+01                                                    1
 31.00  28  60 5.66E+01                                                    1
 33.00  28  60 6.01E+01                                                    1
 35.00  28  60 6.07E+01                                                    1
 37.00  28  60 6.45E+01                                                    1
 39.00  28  60 6.60E+01                                                    1
 19.00  28  59 3.79E-01                                                    1
 21.00  28  59 4.39E+00                                                    1
 23.00  28  59 1.57E+01                                                    1
 25.00  28  59 3.00E+01                                                    1
 27.00  28  59 4.13E+01                                                    1
 29.00  28  59 4.68E+01                                                    1
 31.00  28  59 4.91E+01                                                    1
 33.00  28  59 4.88E+01                                                    1
 35.00  28  59 4.23E+01                                                    1
 37.00  28  59 3.52E+01                                                    1
 39.00  28  59 2.87E+01                                                    1
 29.00  28  58 8.35E-02                                                    1
 31.00  28  58 1.12E+00                                                    1
 33.00  28  58 3.45E+00                                                    1
 35.00  28  58 8.22E+00                                                    1
 37.00  28  58 1.57E+01                                                    1
 39.00  28  58 2.17E+01                                                    1
 19.00  27  62 6.40E-02 0.00E+00 6.40E-02          1.00E+00            0   2
 21.00  27  62 1.30E-01 0.00E+00 1.30E-01          1.00E+00            0   2
 23.00  27  62 3.96E-01 0.00E+00 3.96E-01          1.00E+00            0   2
 25.00  27  62 6.34E-01 8.35E-03 6.26E-01          9.87E-01            0   2
 27.00  27  62 6.39E-01 0.00E+00 6.39E-01          1.00E+00            0   2
 29.00  27  62 7.27E-01 0.00E+00 7.27E-01          1.00E+00            0   2
 31.00  27  62 4.41E-01 0.00E+00 4.41E-01          1.00E+00            0   2
 33.00  27  62 4.08E-01 0.00E+00 4.08E-01          1.00E+00            0   2
 35.00  27  62 5.10E-01 0.00E+00 5.10E-01          1.00E+00            0   2
 37.00  27  62 4.92E-01 0.00E+00 4.92E-01          1.00E+00            0   2
 39.00  27  62 6.96E-01 0.00E+00 6.96E-01          1.00E+00            0   2
 23.00  27  61 1.65E-02                                                    1
 25.00  27  61 2.17E-01                                                    1
 27.00  27  61 8.58E-01                                                    1
 29.00  27  61 1.98E+00                                                    1
 31.00  27  61 3.62E+00                                                    1
 33.00  27  61 5.13E+00                                                    1
 35.00  27  61 7.03E+00                                                    1
 37.00  27  61 8.13E+00                                                    1
 39.00  27  61 8.85E+00                                                    1
 13.00  27  60 2.80E-02 2.10E-02 7.00E-03          2.50E-01            0   2
 15.00  27  60 2.67E-01 2.59E-01 7.40E-03          2.78E-02            0   2
 17.00  27  60 8.15E-01 8.15E-01 0.00E+00          0.00E+00            0   2
 19.00  27  60 2.20E+00 2.18E+00 1.58E-02          7.19E-03            0   2
 21.00  27  60 3.94E+00 3.89E+00 5.63E-02          1.43E-02            0   2
 23.00  27  60 5.69E+00 5.68E+00 8.15E-03          1.43E-03            0   2
 25.00  27  60 5.77E+00 5.72E+00 4.94E-02          8.57E-03            0   2
 27.00  27  60 5.50E+00 5.45E+00 4.98E-02          9.06E-03            0   2
 29.00  27  60 5.11E+00 5.07E+00 3.34E-02          6.54E-03            0   2
 31.00  27  60 3.64E+00 3.64E+00 0.00E+00          0.00E+00            0   2
 33.00  27  60 2.51E+00 2.51E+00 0.00E+00          0.00E+00            0   2
 35.00  27  60 2.18E+00 2.17E+00 8.42E-03          3.87E-03            0   2
 37.00  27  60 2.83E+00 2.82E+00 8.54E-03          3.02E-03            0   2
 39.00  27  60 4.01E+00 4.00E+00 1.71E-02          4.26E-03            0   2
 21.00  27  59 2.58E-01                                                    1
 23.00  27  59 1.66E+00                                                    1
 25.00  27  59 5.19E+00                                                    1
 27.00  27  59 1.22E+01                                                    1
 29.00  27  59 2.05E+01                                                    1
 31.00  27  59 2.73E+01                                                    1
 33.00  27  59 3.63E+01                                                    1
 35.00  27  59 4.07E+01                                                    1
 37.00  27  59 4.19E+01                                                    1
 39.00  27  59 4.12E+01                                                    1
 33.00  27  58 1.18E-01 0.00E+00 1.18E-01          1.00E+00            0   2
 35.00  27  58 4.72E-01 8.42E-03 4.63E-01          9.82E-01            0   2
 37.00  27  58 2.87E+00 2.53E-02 2.84E+00          9.91E-01            0   2
 39.00  27  58 7.00E+00 2.53E-02 6.98E+00          9.96E-01            0   2
 35.00  26  61 1.71E-02                                                    1
 37.00  26  61 1.71E-02                                                    1
 39.00  26  61 5.13E-02                                                    1
 39.00  26  60 5.13E-02                                                    1
 17.00  26  59 1.56E-02                                                    1
 19.00  26  59 6.40E-02                                                    1
 21.00  26  59 3.26E-01                                                    1
 23.00  26  59 4.13E-01                                                    1
 25.00  26  59 7.18E-01                                                    1
 27.00  26  59 7.73E-01                                                    1
 29.00  26  59 6.92E-01                                                    1
 31.00  26  59 6.27E-01                                                    1
 33.00  26  59 8.78E-01                                                    1
 35.00  26  59 1.33E+00                                                    1
 37.00  26  59 2.06E+00                                                    1
 39.00  26  59 2.67E+00                                                    1
 21.00  26  58 1.63E-02                                                    1
 23.00  26  58 3.30E-02                                                    1
 25.00  26  58 3.34E-01                                                    1
 27.00  26  58 1.26E+00                                                    1
 29.00  26  58 2.30E+00                                                    1
 31.00  26  58 3.72E+00                                                    1
 33.00  26  58 5.41E+00                                                    1
 35.00  26  58 8.21E+00                                                    1
 37.00  26  58 1.04E+01                                                    1
 39.00  26  58 1.44E+01                                                    1
 13.00  26  57 2.80E-02                                                    1
 15.00  26  57 2.96E-02                                                    1
 17.00  26  57 2.15E-01                                                    1
 19.00  26  57 1.07E+00                                                    1
 21.00  26  57 1.59E+00                                                    1
 23.00  26  57 3.02E+00                                                    1
 25.00  26  57 3.48E+00                                                    1
 27.00  26  57 3.11E+00                                                    1
 29.00  26  57 2.62E+00                                                    1
 31.00  26  57 1.66E+00                                                    1
 33.00  26  57 1.08E+00                                                    1
 35.00  26  57 8.96E-01                                                    1
 37.00  26  57 9.01E-01                                                    1
 39.00  26  57 1.77E+00                                                    1
 21.00  26  56 4.83E-02                                                    1
 23.00  26  56 3.26E-01                                                    1
 25.00  26  56 1.68E+00                                                    1
 27.00  26  56 4.43E+00                                                    1
 29.00  26  56 7.59E+00                                                    1
 31.00  26  56 1.05E+01                                                    1
 33.00  26  56 1.37E+01                                                    1
 35.00  26  56 1.53E+01                                                    1
 37.00  26  56 1.68E+01                                                    1
 39.00  26  56 1.62E+01                                                    1
 35.00  26  55 1.01E-01                                                    1
 37.00  26  55 4.39E-01                                                    1
 39.00  26  55 1.43E+00                                                    1
 33.00  25  56 5.05E-02                                                    1
 35.00  25  56 6.74E-02                                                    1
 37.00  25  56 2.70E-01                                                    1
 39.00  25  56 4.05E-01                                                    1
 37.00  25  55 1.69E-02                                                    1
 39.00  25  55 1.01E-01                                                    1
 39.00  24  55 1.71E-02                                                    1
 37.00  24  53 6.75E-02                                                    1
 39.00  24  53 2.19E-01                                                    1
  Ebeam =   1.0000000000000000      sumcs=   0.0000000000000000     
  Ebeam =   3.0000000000000000      sumcs=   9.8226272933264784     
  Ebeam =   5.0000000000000000      sumcs=   332.35873769564887     
  Ebeam =   7.0000000000000000      sumcs=   805.22826392724710     
  Ebeam =   9.0000000000000000      sumcs=   1103.7617622656830     
  Ebeam =   11.000000000000000      sumcs=   1287.3005737579520     
  Ebeam =   13.000000000000000      sumcs=   1406.0962369533829     
  Ebeam =   15.000000000000000      sumcs=   1487.4001945622510     
  Ebeam =   17.000000000000000      sumcs=   1544.7084005092293     
  Ebeam =   19.000000000000000      sumcs=   1585.8764114421908     
  Ebeam =   21.000000000000000      sumcs=   1616.0111386551760     
  Ebeam =   23.000000000000000      sumcs=   1636.9413988692843     
  Ebeam =   25.000000000000000      sumcs=   1654.5467738093839     
  Ebeam =   27.000000000000000      sumcs=   1667.6135422839116     
  Ebeam =   29.000000000000000      sumcs=   1675.6890574653578     
  Ebeam =   31.000000000000000      sumcs=   1683.1531539101009     
  Ebeam =   33.000000000000000      sumcs=   1688.4999395657780     
  Ebeam =   35.000000000000000      sumcs=   1691.0519142349581     
  Ebeam =   37.000000000000000      sumcs=   1693.7724885441030     
  Ebeam =   39.000000000000000      sumcs=   1694.1356279333020     
