0.68333,1.6182e+05,17100,9.3552e+08,9.886e+07,6000
0.68333,1.3844e+05,11938,8.0317e+08,6.9257e+07,6000
0.68333,1.3642e+05,14243,7.9158e+08,8.2646e+07,6000
0.68333,1.3629e+05,7585.6,7.9091e+08,4.4018e+07,6000
0.68333,1.4139e+05,7761.1,8.2057e+08,4.5041e+07,6000
0.68333,1.5878e+05,18254,9.2148e+08,1.0594e+08,6000
0.68333,1.3641e+05,7932.5,7.9166e+08,4.6036e+07,6000
0.68333,2.0494e+05,81759,1.1892e+09,4.7443e+08,6000
0.68333,1.6046e+05,42856,9.3133e+08,2.4874e+08,6000
2.7,1.416e+05,14373,8.1862e+08,8.3093e+07,6000
2.7,1.2881e+05,11107,7.4729e+08,6.4438e+07,6000
2.7,1.3009e+05,12813,7.5487e+08,7.4349e+07,6000
2.7,1.2639e+05,7044.9,7.3346e+08,4.088e+07,6000
2.7,1.2899e+05,7027,7.4857e+08,4.0781e+07,6000
2.7,1.4792e+05,16852,8.5844e+08,9.7803e+07,6000
2.7,1.264e+05,7350.7,7.336e+08,4.266e+07,6000
2.7,1.5009e+05,63430,8.7096e+08,3.6807e+08,6000
2.7,94286,31534,5.4725e+08,1.8303e+08,6000
4.6,1.3232e+05,13178,7.6496e+08,7.6185e+07,6000
4.6,1.2025e+05,10369,6.9764e+08,6.0157e+07,6000
4.6,1.2232e+05,12048,7.0981e+08,6.9911e+07,6000
4.6,1.1788e+05,6570.4,6.8407e+08,3.8127e+07,6000
4.6,1.1895e+05,6480.1,6.9031e+08,3.7607e+07,6000
4.6,1.4215e+05,16058,8.2498e+08,9.3195e+07,6000
4.6,1.177e+05,6844.3,6.8307e+08,3.9721e+07,6000
4.6,2.0684e+05,1.0697e+05,1.2006e+09,6.2089e+08,6000
4.6,1.346e+05,55803,7.8107e+08,3.2381e+08,6000
4.6,1.025e+05,30103,5.9495e+08,1.7472e+08,6000
4.6,1.193e+05,41397,6.9245e+08,2.4029e+08,6000
6.45,1.2786e+05,12676,7.3921e+08,7.3282e+07,6000
6.45,1.1145e+05,9599.6,6.466e+08,5.5692e+07,6000
6.45,1.1321e+05,10845,6.5693e+08,6.2928e+07,6000
6.45,1.0941e+05,6098.1,6.3489e+08,3.5386e+07,6000
6.45,1.0924e+05,5908,6.3397e+08,3.4286e+07,6000
6.45,1.2709e+05,14318,7.376e+08,8.3098e+07,6000
6.45,1.1077e+05,6469,6.4286e+08,3.7543e+07,6000
6.45,1.567e+05,91615,9.0956e+08,5.3178e+08,6000
6.45,1.1179e+05,48656,6.4866e+08,2.8234e+08,6000
6.45,94286,27370,5.4725e+08,1.5886e+08,6000
8.2667,1.1594e+05,11442,7.0265e+08,6.9342e+07,6300
8.2667,1.038e+05,8940.7,6.3131e+08,5.4375e+07,6300
8.2667,1.0279e+05,9955.1,6.2526e+08,6.0556e+07,6300
8.2667,1.024e+05,5707.5,6.2293e+08,3.4719e+07,6300
8.2667,1.0376e+05,5653,6.3128e+08,3.4391e+07,6300
8.2667,1.1569e+05,12999,7.0384e+08,7.9085e+07,6300
8.2667,1.0287e+05,5958.4,6.2588e+08,3.625e+07,6300
8.2667,1.0544e+05,44636,6.4138e+08,2.7152e+08,6300
8.2667,96956,25974,5.8993e+08,1.5804e+08,6300
8.2667,87108,41707,5.3003e+08,2.5378e+08,6300
11.8,92889,8527,3.7189e+07,3.4088e+06,403
11.8,88514,7602.2,3.5562e+07,3.0492e+06,403
11.8,92866,10212,3.7318e+07,4.0992e+06,403
11.8,91068,5117.5,3.6597e+07,2.0485e+06,403
11.8,93493,6060.2,3.7575e+07,2.4285e+06,403
11.8,1.0947e+05,13276,4.3998e+07,5.3311e+06,403
11.8,95196,6215.3,3.826e+07,2.4908e+06,403
11.8,1.427e+05,58432,5.7342e+07,2.3479e+07,403
11.8,1.0761e+05,37661,4.3254e+07,1.5136e+07,403
81.983,8014.5,2333.9,3.0272e+07,8.8156e+06,3875
81.983,5983.9,562.81,2.2682e+07,2.1332e+06,3875
81.983,5804.6,1950.1,2.2006e+07,7.3929e+06,3875
81.983,5749.7,343.62,2.1799e+07,1.3027e+06,3875
81.983,4861.3,778.48,1.8433e+07,2.9518e+06,3875
81.983,6322.2,1337.1,2.3972e+07,5.0699e+06,3875
81.983,5893.7,504.88,2.2348e+07,1.9144e+06,3875
46.9,27444,6007.2,3.2897e+07,7.2007e+06,1212
46.9,22553,2099.9,2.713e+07,2.5256e+06,1212
46.9,24811,5230.6,2.9851e+07,6.293e+06,1212
46.9,23195,1419.5,2.7909e+07,1.7073e+06,1212
46.9,24058,2704.9,2.895e+07,3.2546e+06,1212
46.9,29604,4936.1,3.5625e+07,5.9396e+06,1212
46.9,23126,2084.8,2.7829e+07,2.5083e+06,1212
59.267,16233,2244.5,6.1067e+07,8.4434e+06,3859
59.267,14221,1244.7,5.3685e+07,4.6986e+06,3859
59.267,13400,2260.3,5.0594e+07,8.5347e+06,3859
59.267,13656,767.08,5.1567e+07,2.8964e+06,3859
59.267,12612,1094.5,4.7629e+07,4.1331e+06,3859
59.267,14988,2112,5.6601e+07,7.9757e+06,3859
59.267,14469,936.26,5.464e+07,3.5357e+06,3859
153.07,3352.7,1340.7,1.8514e+08,7.4032e+07,85534
153.07,360.57,67.371,1.9981e+07,3.7333e+06,85534
153.07,348.76,31.708,1.9331e+07,1.7574e+06,85534
153.07,354.23,194.57,1.9636e+07,1.0785e+07,85534
153.07,730.05,87.673,4.0469e+07,4.86e+06,85534
153.07,65623,31908,3.6382e+09,1.769e+09,85534
320.58,2505.6,804.39,1.3877e+08,4.455e+07,85957
320.58,338.72,59.385,1.8832e+07,3.3017e+06,85957
320.58,45117,27346,2.5088e+09,1.5206e+09,85957
66.033,11873,2337.1,4.4586e+07,8.7764e+06,3852
66.033,10803,959.95,4.0711e+07,3.6174e+06,3852
66.033,12432,2140.8,4.6856e+07,8.069e+06,3852
66.033,10519,596.43,3.9649e+07,2.248e+06,3852
66.033,9720.5,893.16,3.6643e+07,3.3669e+06,3852
66.033,10920,1706.8,4.1165e+07,6.4343e+06,3852
66.033,10721,753.07,4.0414e+07,2.8388e+06,3852
454.1,2203,639.42,1.1706e+08,3.3976e+07,80330
454.1,365.87,59.979,1.9516e+07,3.1994e+06,80330
454.1,47996,26116,2.5605e+09,1.3933e+09,80330
593.4,7621.5,1429.7,6.7419e+08,1.2647e+08,3.3901e+05
593.4,962.55,91.775,8.5477e+07,8.1494e+06,3.3901e+05
593.4,1.0265e+05,35683,9.117e+09,3.1692e+09,3.3901e+05
38.567,33241,2940.5,5.6359e+07,4.985e+06,1719
38.567,30325,2628.6,5.1595e+07,4.472e+06,1719
38.567,32752,2937.1,5.5735e+07,4.9978e+06,1719
38.567,30508,1784.5,5.1919e+07,3.0363e+06,1719
38.567,31520,2143.4,5.3647e+07,3.6476e+06,1719
38.567,36774,4405,6.2589e+07,7.4969e+06,1719
38.567,32141,2447,5.4704e+07,4.1643e+06,1719
38.567,71939,38371,1.2246e+08,6.5317e+07,1719
38.567,36743,13137,6.2528e+07,2.2355e+07,1719
38.567,60558,13383,1.0308e+08,2.2779e+07,1719
38.567,37452,17421,6.3753e+07,2.9655e+07,1719
372.4,55660,13553,4.1913e+09,1.0205e+09,1.5993e+05
