0.48333,9091,587.98,2.3649e+06,1.5117e+05,301
0.48333,9212.6,1469.1,2.6877e+06,4.282e+05,301
0.48333,11321,1475,3.3642e+06,4.3776e+05,301
0.48333,9147.2,570.5,2.7324e+06,1.6945e+05,301
0.48333,9735.6,480.12,2.9091e+06,1.4216e+05,301
0.48333,7.3596e+05,1.2582e+05,2.2022e+08,3.7619e+07,301
0.48333,9651.4,740.98,2.8905e+06,2.2108e+05,301
0.48333,9263.7,380.84,2.7771e+06,1.1267e+05,301
0.48333,9317.5,1436.1,2.7949e+06,4.3037e+05,301
5.8,9403.1,431.11,1.4192e+07,6.4223e+05,1750
5.8,9564.9,692.79,1.6191e+07,1.1723e+06,1750
5.8,14670,1521.8,2.5295e+07,2.6237e+06,1750
5.8,9382.7,359.85,1.6262e+07,6.2338e+05,1750
5.8,9469,279.73,1.6417e+07,4.8458e+05,1750
5.8,7.5289e+05,1.2618e+05,1.3071e+09,2.1906e+08,1750
5.8,8861.6,487.33,1.5398e+07,8.4661e+05,1750
5.8,8755.8,287.93,1.5229e+07,5.005e+05,1750
5.8,8794.5,527.75,1.5306e+07,9.1831e+05,1750
10.5,8691.4,362.31,6.6777e+07,2.7409e+06,9000
10.5,8428.5,431.92,7.2625e+07,3.7199e+06,9000
10.5,13610,1366.9,1.1946e+08,1.1998e+07,9000
10.5,8972.3,289.02,7.9159e+07,2.5497e+06,9000
10.5,8978.4,231.26,7.9238e+07,2.0407e+06,9000
10.5,7.2544e+05,1.2126e+05,6.411e+09,1.0716e+09,9000
10.5,8462.4,426.67,7.4852e+07,3.7739e+06,9000
10.5,8437.1,259.66,7.4701e+07,2.2989e+06,9000
10.5,8368,338.85,7.4134e+07,3.0019e+06,9000
13.25,8556.6,356.69,6.5741e+07,2.6984e+06,9000
13.25,8163.9,435.45,7.0345e+07,3.7505e+06,9000
13.25,13302,1327.8,1.1675e+08,1.1654e+07,9000
13.25,8767.2,282.41,7.7349e+07,2.4914e+06,9000
13.25,8740.2,222.22,7.7135e+07,1.9609e+06,9000
13.25,7.0165e+05,1.1728e+05,6.2008e+09,1.0365e+09,9000
13.25,8233.9,415.15,7.2831e+07,3.672e+06,9000
13.25,8171.1,251.48,7.2347e+07,2.2264e+06,9000
13.25,8142.5,334.02,7.2137e+07,2.9591e+06,9000
15.983,8211.4,342.3,6.3089e+07,2.5895e+06,9000
15.983,8424.6,404.11,7.2591e+07,3.4803e+06,9000
15.983,12916,1286.9,1.1336e+08,1.1295e+07,9000
15.983,8481.4,273.21,7.4827e+07,2.4102e+06,9000
15.983,8444.1,214.69,7.4522e+07,1.8945e+06,9000
15.983,6.8261e+05,1.141e+05,6.0325e+09,1.0084e+09,9000
15.983,8033.7,405.05,7.106e+07,3.5827e+06,9000
15.983,7934.5,244.19,7.0251e+07,2.162e+06,9000
15.983,7989.9,323.54,7.0785e+07,2.8663e+06,9000
18.7,8048.7,335.52,6.1839e+07,2.5382e+06,9000
18.7,7904.4,394.43,6.8109e+07,3.397e+06,9000
18.7,12593,1257,1.1053e+08,1.1033e+07,9000
18.7,8303.2,267.47,7.3255e+07,2.3596e+06,9000
18.7,8274.7,210.39,7.3028e+07,1.8565e+06,9000
18.7,6.6763e+05,1.1163e+05,5.9002e+09,9.865e+08,9000
18.7,7834.8,396.96,6.9301e+07,3.5111e+06,9000
18.7,7768.3,239.08,6.878e+07,2.1167e+06,9000
18.7,7869,322.8,6.9714e+07,2.8597e+06,9000
21.417,7760.1,325.62,5.9622e+07,2.4639e+06,9000
21.417,7822.3,395.55,6.7402e+07,3.4067e+06,9000
21.417,12192,1212.6,1.0701e+08,1.0643e+07,9000
21.417,8072.4,260.03,7.1219e+07,2.294e+06,9000
24.1,7596.4,318.75,5.8364e+07,2.4119e+06,9000
24.1,7459.3,377.19,6.4274e+07,3.2486e+06,9000
24.1,11926,1186.1,1.0467e+08,1.0411e+07,9000
24.1,7929,258.47,6.9954e+07,2.2802e+06,9000
24.1,7872.2,200.15,6.9475e+07,1.7662e+06,9000
24.1,6.3171e+05,1.0562e+05,5.5827e+09,9.3342e+08,9000
24.1,7356.9,372.75,6.5074e+07,3.297e+06,9000
24.1,7335.5,225.76,6.4948e+07,1.9988e+06,9000
24.1,7118.3,312.54,6.3063e+07,2.7688e+06,9000
26.783,7200.4,302.14,5.5321e+07,2.2862e+06,9000
26.783,7504.9,384.58,6.4667e+07,3.3123e+06,9000
26.783,11637,1161.6,1.0214e+08,1.0195e+07,9000
26.783,7679.7,250.35,6.7755e+07,2.2085e+06,9000
26.783,7581.6,195.28,6.691e+07,1.7232e+06,9000
26.783,6.0612e+05,1.0132e+05,5.3566e+09,8.9537e+08,9000
26.783,7121.8,360.83,6.2994e+07,3.1916e+06,9000
26.783,7111.3,220.35,6.2963e+07,1.9509e+06,9000
26.783,7064.8,293.66,6.2589e+07,2.6015e+06,9000
29.467,7208.4,302.47,5.5383e+07,2.2887e+06,9000
29.467,7220.4,365.11,6.2216e+07,3.1445e+06,9000
29.467,11404,1134.3,1.001e+08,9.9554e+06,9000
29.467,7456.9,243.08,6.5789e+07,2.1444e+06,9000
29.467,7306.3,185.76,6.4481e+07,1.6392e+06,9000
29.467,5.9229e+05,99003,5.2343e+09,8.7493e+08,9000
29.467,6971,355.05,6.166e+07,3.1404e+06,9000
29.467,6937.6,213.51,6.1425e+07,1.8903e+06,9000
29.467,6885.1,290.05,6.0997e+07,2.5696e+06,9000
61.833,5042.4,381.86,1.7802e+07,1.3419e+06,4107
61.833,5162.9,630.63,2.0442e+07,2.4966e+06,4107
61.833,7601,866.61,3.0655e+07,3.495e+06,4107
61.833,6345.3,312.95,2.5724e+07,1.2686e+06,4107
61.833,5322.9,215.57,2.1586e+07,8.741e+05,4107
61.833,4.2885e+05,72777,1.7415e+09,2.9553e+08,4107
61.833,4817,322.71,1.9578e+07,1.3116e+06,4107
61.833,4890.1,207.93,1.9895e+07,8.4588e+05,4107
61.833,5052.7,421.82,2.0569e+07,1.7171e+06,4107
83.133,4250.9,214.06,2.8044e+07,1.3973e+06,7714
83.133,4259.7,300.46,3.1517e+07,2.2225e+06,7714
83.133,6386.5,660.19,4.8132e+07,4.9755e+06,7714
83.133,4580.8,160.7,3.4702e+07,1.2173e+06,7714
83.133,4334.2,122.06,3.2845e+07,9.2484e+05,7714
83.133,3.5123e+05,58808,2.6653e+09,4.4626e+08,7714
83.133,4021.3,215.22,3.0543e+07,1.6346e+06,7714
83.133,4005.5,128.01,3.0452e+07,9.7314e+05,7714
83.133,4102.2,200.39,3.1206e+07,1.5244e+06,7714
88.5,4000.4,246.92,3.2869e+08,2.0147e+07,1.1072e+05
88.5,3952.4,198.79,3.642e+08,1.8309e+07,1.1072e+05
88.5,3998.1,398.45,3.7527e+08,3.7399e+07,1.1072e+05
88.5,4051.6,131.41,3.8227e+08,1.2398e+07,1.1072e+05
88.5,3985.2,107.34,3.7612e+08,1.0129e+07,1.1072e+05
88.5,3.2059e+05,53681,3.0299e+10,5.0733e+09,1.1072e+05
88.5,3760,190.24,3.5567e+08,1.7995e+07,1.1072e+05
88.5,3740.1,123.04,3.5413e+08,1.1649e+07,1.1072e+05
88.5,3856.2,144.99,3.6535e+08,1.3737e+07,1.1072e+05
201.3,1201.4,81.862,8.2116e+07,5.5633e+06,89506
201.3,1125,119.34,8.6239e+07,9.147e+06,89506
201.3,1810.9,202.58,1.414e+08,1.5817e+07,89506
201.3,2403.5,94.084,1.8864e+08,7.3841e+06,89506
201.3,1238,44.428,9.7198e+07,3.488e+06,89506
201.3,1.0228e+05,17270,8.041e+09,1.3577e+09,89506
201.3,1171.6,68.031,9.2192e+07,5.3533e+06,89506
201.3,1157.4,45.785,9.1166e+07,3.6063e+06,89506
201.3,1169.5,74.786,9.2171e+07,5.8941e+06,89506
67.283,4827.1,242.2,9.34e+06,4.636e+05,2245
67.283,4634.9,413.59,1.0058e+07,8.973e+05,2245
67.283,7193.3,764.15,1.59e+07,1.689e+06,2245
67.283,5024.7,209.32,1.1164e+07,4.6496e+05,2245
67.283,4877.9,159.35,1.0842e+07,3.5402e+05,2245
67.283,3.9878e+05,66985,8.8752e+08,1.4908e+08,2245
67.283,4771.2,281.78,1.0628e+07,6.276e+05,2245
67.283,4517.1,152.31,1.0072e+07,3.3949e+05,2245
67.283,4700.6,293.69,1.0488e+07,6.5518e+05,2245
688.22,525.05,18.694,6.8871e+07,2.4519e+06,1.6553e+05
688.22,6.5563,1.8207,8.6305e+05,2.3967e+05,1.6553e+05
329.65,314.93,13.72,1.3536e+07,5.8142e+05,53583
329.65,310.35,19.989,1.496e+07,9.6329e+05,53583
329.65,491.18,49.494,2.4118e+07,2.4302e+06,53583
329.65,324.21,10.72,1.6002e+07,5.2906e+05,53583
329.65,327.35,8.5345,1.6162e+07,4.2133e+05,53583
329.65,26330,4403.8,1.3017e+09,2.1772e+08,53583
329.65,317.34,16.124,1.5703e+07,7.9784e+05,53583
329.65,314.3,9.7723,1.5568e+07,4.8403e+05,53583
329.65,383.59,15.925,1.9011e+07,7.8924e+05,53583
