#10.4,43549,14269,3.8299e+08,1.2549e+08,9000
#13.817,42480,12542,3.7359e+08,1.103e+08,9000
#17.117,40367,11218,3.55e+08,9.8656e+07,9000
#20.317,40700,10651,3.5793e+08,9.3666e+07,9000
#23.433,39738,10684,3.4947e+08,9.3961e+07,9000
#26.483,36687,9830.9,3.2264e+08,8.6456e+07,9000
#29.483,21719,9994.4,1.656e+08,7.6203e+07,7800
#66.217,36037,16352,1.1898e+08,5.3989e+07,3373
#88.5,28020,4092.1,2.8997e+09,4.2347e+08,1.0881e+05
#88.5,31669,4098.8,3.2672e+09,4.2285e+08,1.0881e+05
#60.567,35200,11862,1.2114e+08,4.0821e+07,3516
#83.15,26288,10356,1.9553e+08,7.7024e+07,7585
#83.15,33443,7313.1,2.4798e+08,5.4225e+07,7585
256.78,19339,2671.7,3.3675e+09,4.6451e+08,2.1632e+05
256.78,22947,2387.1,4.5716e+09,4.7556e+08,2.1632e+05
256.78,21125,2473.3,4.1958e+09,4.9121e+08,2.1632e+05
201.28,25365,3260.4,2.1205e+09,2.7256e+08,87335
201.28,24847,3177.4,2.0708e+09,2.648e+08,87335
615.12,4720.3,660.08,3.3277e+08,4.6533e+07,73337
