#0.7,25103,1081.7,6.1358e+06,2.5927e+05,263
#6.3833,23804,755.4,4.7186e+07,1.4868e+06,2134
#32.2,17979,752.37,1.5004e+08,6.2545e+06,9000
#35.15,17222,720.69,1.4372e+08,5.9912e+06,9000
#38.1,16816,703.73,1.4034e+08,5.8502e+06,9000
#41.017,16365,691.28,1.3657e+08,5.7471e+06,9000
#43.933,15965,680.97,1.3324e+08,5.6618e+06,9000
#46.833,15637,660.52,1.305e+08,5.4914e+06,9000
#49.717,15316,653.25,1.2781e+08,5.4313e+06,9000
#52.583,14576,615.72,1.2164e+08,5.1189e+06,9000
#55.45,14656,691.24,4.8992e+07,2.3035e+06,3600
#61.833,14504,545.16,5.0972e+07,1.9066e+06,3785
#67.267,13107,701.6,2.4011e+07,1.282e+06,1972
#83.133,11746,436.44,7.7379e+07,2.8611e+06,7101
#15.917,21453,768.12,3.2348e+07,1.1514e+06,1623
#201.3,3220.2,74.102,2.6066e+08,5.9218e+06,89129
688.22,161.69,8.1757,2.3775e+07,1.199e+06,1.6510e+05
120.72,7227.4,190.43,3.7428e+08,9.7659e+06,56544
353.68,940.6,16.971,5.0402e+07,8.9045e+05,58538
