4.65,4866.5,1915.3,7.9819e+06,3.1414e+06,1678
4.65,66418,22211,1.1021e+08,3.6856e+07,1678
4.65,5505.5,282.65,9.1446e+06,4.6934e+05,1678
4.65,5054.1,258.82,8.4014e+06,4.3009e+05,1678
4.65,5006.9,135.82,8.3267e+06,2.2563e+05,1678
4.65,4912.2,204.66,8.2049e+06,3.417e+05,1678
4.65,5122.7,1446.7,8.5585e+06,2.4169e+06,1678
4.65,28901,1101,4.8338e+07,1.8406e+06,1678
4.65,4817.2,794.73,8.0573e+06,1.3292e+06,1678
0.6,1.0746e+05,58054,3.1669e+07,1.7108e+07,298
0.6,5398.5,629.94,1.5926e+06,1.8552e+05,298
0.6,4196.1,589.89,1.2388e+06,1.7396e+05,298
0.6,4684.7,278.15,1.3837e+06,81627,298
0.6,5272,482.45,1.564e+06,1.4274e+05,298
0.6,23313,3279.3,6.925e+06,9.73e+05,298
10.4,5665.5,537.48,6.6416e+07,6.3003e+06,12000
10.4,20381,3616.9,2.4173e+08,4.2896e+07,12000
10.4,5409.6,132.3,6.4221e+07,1.5703e+06,12000
10.4,5141.8,108.9,6.1091e+07,1.2935e+06,12000
10.4,5010.1,89.223,5.9553e+07,1.0602e+06,12000
10.4,3966.3,1358.4,4.7259e+07,1.6185e+07,12000
10.4,5560,1524.9,6.6318e+07,1.8189e+07,12000
10.4,4764.3,88.738,5.6879e+07,1.0593e+06,12000
10.4,5155.7,320.33,6.1565e+07,3.8251e+06,12000
10.4,17862,492.89,2.135e+08,5.8913e+06,12000
10.4,28730,589.02,3.4344e+08,7.0408e+06,12000
10.4,5184.4,278.57,6.1978e+07,3.3302e+06,12000
10.4,6112.5,2743.9,7.3147e+07,3.2836e+07,12000
14.933,5556.4,537.45,6.5137e+07,6.3e+06,12000
14.933,17013,3373.7,2.0178e+08,4.0013e+07,12000
14.933,5379.5,121.62,6.3864e+07,1.4435e+06,12000
14.933,5116.8,108.37,6.0793e+07,1.2873e+06,12000
14.933,5009.5,89.212,5.9545e+07,1.06e+06,12000
14.933,3998.6,1349.5,4.7644e+07,1.6079e+07,12000
14.933,5448.8,1273.2,6.4991e+07,1.5186e+07,12000
14.933,4802.6,89.451,5.7335e+07,1.0678e+06,12000
14.933,5295.8,289.11,6.3238e+07,3.4522e+06,12000
14.933,15844,437.23,1.8939e+08,5.226e+06,12000
14.933,28644,617.23,3.4241e+08,7.378e+06,12000
14.933,5210.4,265.79,6.2288e+07,3.1774e+06,12000
14.933,4678.9,2595.5,5.5992e+07,3.106e+07,12000
19.25,32719,7896.6,3.687e+08,8.8976e+07,12000
19.25,5658.8,500.31,6.6337e+07,5.8646e+06,12000
19.25,16192,3307.5,1.9204e+08,3.9227e+07,12000
19.25,5459.4,123.43,6.4813e+07,1.4649e+06,12000
19.25,4999.1,103.13,5.9394e+07,1.225e+06,12000
19.25,5007.7,87.619,5.9523e+07,1.0411e+06,12000
19.25,5669.2,1251.5,6.7549e+07,1.4912e+07,12000
19.25,5851.1,1309.4,6.979e+07,1.5618e+07,12000
19.25,4759.8,88.654,5.6825e+07,1.0583e+06,12000
19.25,4893.1,271.7,5.8429e+07,3.2444e+06,12000
19.25,14572,448.08,1.7418e+08,5.3557e+06,12000
19.25,28187,623.53,3.3695e+08,7.4534e+06,12000
19.25,5041.5,252.64,6.027e+07,3.0202e+06,12000
19.25,5296.2,2414.4,6.3378e+07,2.8893e+07,12000
23.433,5636.6,472.66,6.6077e+07,5.5405e+06,12000
23.433,11182,3230.4,1.3262e+08,3.8313e+07,12000
23.433,5443.4,123.07,6.4623e+07,1.4606e+06,12000
23.433,5121,103.01,6.0843e+07,1.2235e+06,12000
23.433,4993.4,88.925,5.9354e+07,1.0566e+06,12000
23.433,5324.3,1233.7,6.3439e+07,1.47e+07,12000
23.433,4781,1240.2,5.7027e+07,1.4792e+07,12000
23.433,4742.9,88.339,5.6623e+07,1.0545e+06,12000
23.433,5025.9,255.69,6.0016e+07,3.0532e+06,12000
23.433,13815,391.85,1.6513e+08,4.6836e+06,12000
23.433,27868,585.45,3.3314e+08,6.9982e+06,12000
23.433,4972,235.85,5.9439e+07,2.8195e+06,12000
23.433,4639.1,2286.2,5.5515e+07,2.7359e+07,12000
27.483,5568.4,441.87,7.5062e+07,5.9558e+06,13800
27.483,13529,2817.4,1.8451e+08,3.8423e+07,13800
27.483,5466,120.52,7.4618e+07,1.6448e+06,13800
27.483,5075.2,102.08,6.9337e+07,1.3943e+06,13800
27.483,5011.2,89.242,6.8494e+07,1.2194e+06,13800
27.483,4677.2,1144.4,6.4082e+07,1.5679e+07,13800
27.483,5676.5,1108,7.7857e+07,1.5197e+07,13800
27.483,4789.9,89.214,6.5755e+07,1.2246e+06,13800
27.483,4962.8,238.8,6.8145e+07,3.2789e+06,13800
27.483,12460,353.4,1.7125e+08,4.8571e+06,13800
27.483,28238,593.23,3.8816e+08,8.154e+06,13800
27.483,5801.3,317.02,7.9749e+07,4.3579e+06,13800
27.483,5523.5,1879,7.6006e+07,2.5856e+07,13800
83.133,5375,960.63,4.011e+07,7.1685e+06,7637
83.133,5711.1,155.64,4.316e+07,1.176e+06,7637
83.133,4894.4,143.84,3.7017e+07,1.0877e+06,7637
83.133,4876.5,93.621,3.6898e+07,7.0813e+05,7637
83.133,4608.8,119.14,3.5025e+07,9.0538e+05,7637
83.133,4971.9,722.2,3.7793e+07,5.4897e+06,7637
83.133,6267.6,531.27,4.769e+07,4.0424e+06,7637
83.133,24213,695.1,1.8425e+08,5.2891e+06,7637
83.133,4341.7,537.82,3.304e+07,4.0928e+06,7637
61.817,4387.1,1116.3,1.6842e+07,4.2852e+06,3928
61.817,5781.4,194.93,2.2477e+07,7.5766e+05,3928
61.817,4998,179.7,1.9446e+07,6.9904e+05,3928
61.817,4957,115.48,1.9295e+07,4.4933e+05,3928
61.817,4872.3,153.68,1.9049e+07,6.0073e+05,3928
61.817,4495.9,851.47,1.7581e+07,3.3296e+06,3928
61.817,8251.9,699.98,3.2301e+07,2.7399e+06,3928
61.817,26535,981.5,1.0388e+08,3.8419e+06,3928
61.817,4431.7,634.73,1.735e+07,2.4849e+06,3928
201.3,4449.9,683.55,3.8164e+08,5.8622e+07,88245
201.3,4798,200.14,4.1192e+08,1.7176e+07,88245
201.3,9230,705.63,8.0169e+08,6.1287e+07,88245
201.3,4850.8,90.896,4.2173e+08,7.8998e+06,88245
201.3,4689.1,83.033,4.0799e+08,7.2221e+06,88245
201.3,4663.5,78.744,4.0595e+08,6.8523e+06,88245
201.3,4380.3,299.91,3.8222e+08,2.6169e+07,88245
201.3,4868.6,351.26,4.2528e+08,3.0683e+07,88245
201.3,4437.1,76.711,3.8794e+08,6.7062e+06,88245
201.3,4765.6,120.11,4.1675e+08,1.0503e+07,88245
201.3,3940.3,455.22,3.446e+08,3.9811e+07,88245
201.3,4778.3,100.4,4.1827e+08,8.788e+06,88245
201.3,14385,271.53,1.2593e+09,2.377e+07,88245
201.3,4560.8,114.48,3.9929e+08,1.0023e+07,88245
201.3,4787.7,567.14,4.1958e+08,4.9703e+07,88245
67.283,4060.4,1456.6,8.6836e+06,3.115e+06,2188
67.283,5708.4,243.35,1.2363e+07,5.2689e+05,2188
67.283,4740.6,213.76,1.0275e+07,4.6321e+05,2188
67.283,4973.1,131.14,1.0784e+07,2.8415e+05,2188
67.283,4826.4,187.45,1.0512e+07,4.0814e+05,2188
67.283,5660.4,1122.6,1.2331e+07,2.4455e+06,2188
67.283,8123.7,839.26,1.7714e+07,1.83e+06,2188
67.283,27072,1137.3,5.9039e+07,2.4796e+06,2188
67.283,5042.5,806.75,1.0997e+07,1.7594e+06,2188
688.22,4714.9,1941.2,7.2745e+08,2.9949e+08,1.6568e+05
688.22,3613,961.36,5.7931e+08,1.5414e+08,1.6568e+05
688.22,4143.7,197.07,6.6509e+08,3.1621e+07,1.6568e+05
688.22,3215.8,1413.2,5.222e+08,2.2949e+08,1.6568e+05
688.22,4470.9,80.308,7.2673e+08,1.3048e+07,1.6568e+05
688.22,3862.9,62.719,6.2839e+08,1.0198e+07,1.6568e+05
688.22,3869.2,59.127,6.297e+08,9.6185e+06,1.6568e+05
688.22,3753.1,503.54,6.1227e+08,8.2146e+07,1.6568e+05
688.22,3759.3,575.36,6.1394e+08,9.3962e+07,1.6568e+05
688.22,3696.8,63.304,6.0426e+08,1.0347e+07,1.6568e+05
688.22,4001.1,149.02,6.5415e+08,2.4364e+07,1.6568e+05
688.22,3119.3,884.54,5.1002e+08,1.4462e+08,1.6568e+05
688.22,3495.8,114.88,5.7212e+08,1.8801e+07,1.6568e+05
688.22,7810,183.34,1.2783e+09,3.0007e+07,1.6568e+05
688.22,3697.1,154.95,6.0514e+08,2.5362e+07,1.6568e+05
688.22,2917.7,1589.4,4.7805e+08,2.6042e+08,1.6568e+05
120.72,5379.5,1457.8,2.9896e+08,8.1014e+07,57086
120.72,5229.7,269.4,2.9093e+08,1.4983e+07,57086
120.72,11163,2919.3,6.2826e+08,1.6431e+08,57086
120.72,4902.5,176.11,2.762e+08,9.9208e+06,57086
120.72,4850.8,63.237,2.735e+08,3.5631e+06,57086
120.72,4800.4,53.764,2.7078e+08,3.0303e+06,57086
120.72,4452.3,706.21,2.5175e+08,3.9932e+07,57086
120.72,4965.3,738.54,2.8105e+08,4.1804e+07,57086
120.72,4611,60.195,2.6123e+08,3.4098e+06,57086
120.72,5285,182.16,2.9948e+08,1.0322e+07,57086
120.72,5152.6,1006.8,2.92e+08,5.7053e+07,57086
120.72,5726.5,144.68,3.2483e+08,8.2063e+06,57086
120.72,22874,394.8,1.2976e+09,2.2396e+07,57086
120.72,4753.1,166,2.6965e+08,9.4176e+06,57086
120.72,6268.5,1631.8,3.5598e+08,9.2669e+07,57086
344.7,7815.6,1492.7,2.3458e+08,4.4798e+07,31997
344.7,4552.1,418.44,1.4199e+08,1.3051e+07,31997
344.7,4591.3,104.75,1.4336e+08,3.2665e+06,31997
344.7,6993.2,582.6,2.2091e+08,1.8404e+07,31997
344.7,4397.4,46.542,1.3905e+08,1.47e+06,31997
344.7,4459.4,45.966,1.4112e+08,1.4531e+06,31997
344.7,4455.5,42.174,1.4106e+08,1.3337e+06,31997
344.7,4460.7,309.01,1.4157e+08,9.8066e+06,31997
344.7,4509.5,277.51,1.4327e+08,8.8163e+06,31997
344.7,4352.1,52.909,1.3839e+08,1.6821e+06,31997
344.7,4498.2,94.498,1.4307e+08,3.0054e+06,31997
344.7,3869.7,318.59,1.2309e+08,1.0133e+07,31997
344.7,4092.3,82.29,1.303e+08,2.62e+06,31997
344.7,4762.8,102.01,1.5165e+08,3.248e+06,31997
344.7,5292.3,369.3,1.6869e+08,1.1771e+07,31997
344.7,5968.6,1166.5,1.903e+08,3.7194e+07,31997
