#0.18333,23714,1254.8,4.6984e+06,2.4407e+05,213
#5.8,30544,969.44,4.6891e+07,1.4775e+06,1651
#10.5,29187,777.12,2.4378e+08,6.4305e+06,9000
#13.25,28607,761.7,2.3895e+08,6.3029e+06,9000
#15.983,27882,742.37,2.3288e+08,6.143e+06,9000
#18.7,26950,726.13,2.2511e+08,6.0099e+06,9000
#21.417,26058,693.81,2.1765e+08,5.7412e+06,9000
#24.1,25669,691.6,2.144e+08,5.7241e+06,9000
#26.8,24951,664.35,2.0841e+08,5.4974e+06,9000
#29.467,24021,647.21,2.0064e+08,5.3567e+06,9000
#66.2,17729,662.35,4.9341e+07,1.8344e+06,2994
#83.133,13632,587.28,9.8385e+07,4.2234e+06,7774
#88.5,11541,330.6,1.1771e+09,3.3449e+07,1.129e+05
#61.817,17916,382.59,6.347e+07,1.3354e+06,3812
320.42,1487.2,26.195,4.4773e+07,7.7176e+05,32638
201.28,3925.3,104.51,3.1696e+08,8.3607e+06,88826
