#1.0333,64939,3871.4,1.5713e+07,9.2716e+05,260
#10.4,58128,1508.1,4.8575e+08,1.248e+07,9000
#13.817,59701,1548.9,4.9889e+08,1.2818e+07,9000
#17.117,57716,1497.4,4.823e+08,1.2392e+07,9000
#20.317,55749,1330,4.6587e+08,1.0986e+07,9000
#23.433,54465,1214.4,4.5514e+08,1.0014e+07,9000
#26.483,52260,1149.8,4.3671e+08,9.479e+06,9000
#29.483,50775,1117.2,3.6784e+08,7.9843e+06,7800
#66.217,34290,1070.1,1.0755e+08,3.3332e+06,3373
#88.5,24093,512.26,2.372e+09,4.9707e+07,1.0881e+05
#60.567,36856,1006,1.2049e+08,3.2595e+06,3516
#83.15,28877,768.8,2.0345e+08,5.3665e+06,7585
256.78,4229.3,70.396,8.0522e+08,1.3086e+07,2.1632e+05
201.28,8193.4,144.63,6.5104e+08,1.1251e+07,87335
615.12,250.44,7.2457,1.6771e+07,4.8145e+05,73337
