4.65,10193,477.59,1.4731e+07,6.8144e+05,1678
4.65,9870,792.28,1.6016e+07,1.2853e+06,1678
4.65,15953,1649.7,2.6374e+07,2.7271e+06,1678
4.65,10430,400.04,1.7334e+07,6.6449e+05,1678
4.65,10664,321.3,1.7728e+07,5.3369e+05,1678
4.65,8.3744e+05,1.4035e+05,1.3941e+09,2.3364e+08,1678
4.65,9848.5,546.16,1.641e+07,9.0981e+05,1678
4.65,9723.5,316.06,1.6218e+07,5.2678e+05,1678
4.65,9738.8,530.22,1.6253e+07,8.8466e+05,1678
0.6,10175,650.44,2.6167e+06,1.6523e+05,298
0.6,9833.1,1415.6,2.8393e+06,4.0829e+05,298
0.6,12858,1658.5,3.7825e+06,4.8722e+05,298
0.6,10387,656.92,3.0717e+06,1.9317e+05,298
0.6,10437,462.65,3.0874e+06,1.3528e+05,298
0.6,8.9136e+05,1.5138e+05,2.6404e+08,4.4808e+07,298
0.6,10204,799.02,3.0254e+06,2.3603e+05,298
0.6,10469,418.62,3.1069e+06,1.2248e+05,298
0.6,10906,1408.7,3.2387e+06,4.1776e+05,298
10.4,9611.1,595.42,9.7894e+07,6.0218e+06,12000
10.4,9564.9,500.47,1.0939e+08,5.7211e+06,12000
10.4,9773.3,977.15,1.1388e+08,1.1385e+07,12000
10.4,9677.5,316.86,1.1335e+08,3.711e+06,12000
10.4,9694,263.25,1.1358e+08,3.0841e+06,12000
10.4,7.8065e+05,1.3073e+05,9.1593e+09,1.5338e+09,12000
10.4,9211.4,469.04,1.0817e+08,5.508e+06,12000
10.4,9146.2,300.89,1.0751e+08,3.5368e+06,12000
10.4,9418.1,363.02,1.1078e+08,4.2698e+06,12000
14.933,9130.1,565.63,9.2996e+07,5.7205e+06,12000
14.933,9238.2,483.37,1.0565e+08,5.5257e+06,12000
14.933,9622.8,962.11,1.1212e+08,1.121e+07,12000
14.933,9237.9,302.46,1.082e+08,3.5425e+06,12000
14.933,9358,254.12,1.0964e+08,2.9772e+06,12000
14.933,7.471e+05,1.2511e+05,8.7655e+09,1.4679e+09,12000
14.933,8769.7,446.55,1.0299e+08,5.2439e+06,12000
14.933,8725.8,287.98,1.0257e+08,3.3851e+06,12000
14.933,8857.6,344.05,1.0418e+08,4.0467e+06,12000
19.25,8742.9,541.63,8.9051e+07,5.4778e+06,12000
19.25,8737.3,460.08,9.9925e+07,5.2594e+06,12000
19.25,8939.6,893.8,1.0416e+08,1.0414e+07,12000
19.25,8868.8,290.38,1.0388e+08,3.4009e+06,12000
19.25,8992.6,244.2,1.0536e+08,2.861e+06,12000
19.25,7.1786e+05,1.2022e+05,8.4225e+09,1.4105e+09,12000
19.25,8468.5,431.21,9.9448e+07,5.0638e+06,12000
19.25,8369.3,275.33,9.8381e+07,3.2364e+06,12000
19.25,8648.2,333.35,1.0172e+08,3.9208e+06,12000
23.433,8373.3,518.74,8.5287e+07,5.2463e+06,12000
23.433,8311.1,437.64,9.5051e+07,5.0029e+06,12000
23.433,8580,858.74,9.9972e+07,1.0006e+07,12000
23.433,8487.8,277.9,9.9417e+07,3.2548e+06,12000
23.433,8623.7,235.61,1.0104e+08,2.7603e+06,12000
23.433,6.8597e+05,1.1488e+05,8.0484e+09,1.3478e+09,12000
23.433,8104.3,412.67,9.5172e+07,4.846e+06,12000
23.433,8040.6,264.52,9.4517e+07,3.1093e+06,12000
23.433,8340.5,323.96,9.8102e+07,3.8104e+06,12000
27.483,8051.5,498.09,9.4072e+07,5.7783e+06,13800
27.483,8121.5,422.37,1.0654e+08,5.5385e+06,13800
27.483,8122.2,812.08,1.0856e+08,1.0854e+07,13800
27.483,8161.9,267.23,1.0966e+08,3.5902e+06,13800
27.483,8283.5,224.95,1.1133e+08,3.023e+06,13800
27.483,6.5813e+05,1.1021e+05,8.8575e+09,1.4833e+09,13800
27.483,7740,394.12,1.0426e+08,5.309e+06,13800
27.483,7715.6,254.64,1.0404e+08,3.4335e+06,13800
27.483,7988.7,310.3,1.0778e+08,4.1865e+06,13800
83.133,4389.5,260.7,2.8629e+07,1.6872e+06,7637
83.133,4482.2,352.55,3.2825e+07,2.5814e+06,7637
83.133,7093,730.27,5.2922e+07,5.4486e+06,7637
83.133,4926.8,187.44,3.6952e+07,1.4058e+06,7637
83.133,5246.8,167.57,3.9365e+07,1.2571e+06,7637
83.133,3.7133e+05,62339,2.7899e+09,4.6836e+08,7637
83.133,4358.9,239.3,3.2778e+07,1.7995e+06,7637
83.133,4172.5,144.32,3.1407e+07,1.0863e+06,7637
83.133,4470.6,242.36,3.3672e+07,1.8254e+06,7637
61.817,5921.6,310.45,1.9969e+07,1.0365e+06,3928
61.817,5740.5,445.01,2.1736e+07,1.6847e+06,3928
61.817,8964.2,929.18,3.4582e+07,3.5845e+06,3928
61.817,6130.1,254.89,2.3772e+07,9.8834e+05,3928
61.817,5728.2,184.65,2.2221e+07,7.1615e+05,3928
61.817,4.8229e+05,81193,1.8735e+09,3.154e+08,3928
61.817,5712.8,330.6,2.2212e+07,1.2853e+06,3928
61.817,5406.8,204.05,2.1043e+07,7.9406e+05,3928
61.817,5337.2,309.23,2.0785e+07,1.2042e+06,3928
201.3,1322.1,81.906,8.9112e+07,5.4816e+06,88245
201.3,1363.9,72.794,1.0322e+08,5.5068e+06,88245
201.3,1358.5,136.47,1.0474e+08,1.0522e+07,88245
201.3,1487.6,49.339,1.153e+08,3.8239e+06,88245
201.3,1359,37.129,1.0537e+08,2.8785e+06,88245
201.3,1.0849e+05,18172,8.4235e+09,1.4109e+09,88245
201.3,1284.3,65.801,9.9806e+07,5.1133e+06,88245
201.3,1270.6,41.934,9.8836e+07,3.2619e+06,88245
201.3,1335.6,52.307,1.0396e+08,4.0712e+06,88245
67.283,5481.8,314.38,1.0323e+07,5.8705e+05,2188
67.283,5186.3,501.37,1.0966e+07,1.0599e+06,2188
67.283,8053,861.52,1.7348e+07,1.8558e+06,2188
67.283,5879.6,263.89,1.2732e+07,5.7131e+05,2188
67.283,5382.6,196.05,1.166e+07,4.2452e+05,2188
67.283,4.546e+05,76716,9.8609e+08,1.6641e+08,2188
67.283,5273.5,326.34,1.1449e+07,7.0843e+05,2188
67.283,5248.6,200.12,1.1406e+07,4.3479e+05,2188
67.283,5435.7,365.99,1.182e+07,7.958e+05,2188
688.22,681.7,25.935,8.9475e+07,3.4038e+06,1.6568e+05
688.22,7.8107,2.6211,1.0289e+06,3.4525e+05,1.6568e+05
120.72,3086.6,126.58,1.4045e+08,5.6664e+06,57086
120.72,3064.5,133.05,1.5657e+08,6.7933e+06,57086
120.72,4780.8,473.95,2.4885e+08,2.467e+07,57086
120.72,3404.9,106.3,1.7816e+08,5.5617e+06,57086
120.72,3171.6,78.871,1.6601e+08,4.1279e+06,57086
120.72,2.5388e+05,42418,1.3307e+10,2.2233e+09,57086
120.72,3035.6,150.62,1.5925e+08,7.9017e+06,57086
120.72,2943.7,89.631,1.5458e+08,4.7067e+06,57086
120.72,3076.2,116.07,1.6164e+08,6.0989e+06,57086
344.7,315.07,13.73,8.3203e+06,3.5738e+05,31997
344.7,304.37,23.024,9.0251e+06,6.8254e+05,31997
344.7,485.76,50.21,1.4674e+07,1.5168e+06,31997
344.7,314.27,10.691,9.5436e+06,3.2464e+05,31997
344.7,316.7,8.7005,9.6205e+06,2.6428e+05,31997
344.7,25810,4318.5,7.8512e+08,1.3137e+08,31997
344.7,308.32,15.945,9.3873e+06,4.8547e+05,31997
344.7,307.68,9.5665,9.3772e+06,2.9155e+05,31997
344.7,384.51,16.864,1.1726e+07,5.1426e+05,31997
