#14.933,55283,25032,6.4766e+08,2.9326e+08,12000
#19.25,63465,24658,7.4352e+08,2.8888e+08,12000
#23.433,43855,25876,5.1537e+08,3.0408e+08,12000
#60.55,45948,19995,1.6994e+08,7.3953e+07,3779
#66.2,54448,19790,1.7263e+08,6.2745e+07,3229
#66.2,68247,16114,2.1572e+08,5.0934e+07,3229
#88.5,58784,8311.5,6.1934e+09,8.7568e+08,1.1085e+05
#88.5,59242,8058.9,6.2225e+09,8.4643e+08,1.1085e+05
#186.5,48898,8778.5,1.956e+09,3.5083e+08,47231
#186.5,53720,6127.1,2.4584e+09,2.8038e+08,47231
#186.5,49181,6015.5,2.2437e+09,2.7443e+08,47231
#83.15,59588,12886,4.1843e+08,9.0484e+07,7160
#83.15,64023,11095,4.4819e+08,7.7669e+07,7160
224.88,44244,6163.3,3.8911e+09,5.4123e+08,1.0569e+05
224.88,50626,5189.3,5.0936e+09,5.2209e+08,1.0569e+05
224.88,45617,5340.8,4.5756e+09,5.3568e+08,1.0569e+05
