# d +  63Cu Total alpha    production
# Q-value    = 9.35296E+00
# 
# # energies =    50
#    E         xs         Yield
 1.00000E+00 0.00000E+00 0.00000E+00
 2.00000E+00 3.77030E-03 3.69728E-02
 3.00000E+00 2.21336E-01 2.74797E-02
 4.00000E+00 3.02868E+00 3.95923E-02
 5.00000E+00 1.60078E+01 6.30483E-02
 6.00000E+00 4.13464E+01 8.67591E-02
 7.00000E+00 6.95053E+01 1.04231E-01
 8.00000E+00 9.07575E+01 1.11015E-01
 9.00000E+00 1.04010E+02 1.11680E-01
 1.00000E+01 1.13006E+02 1.11064E-01
 1.10000E+01 1.22212E+02 1.12376E-01
 1.20000E+01 1.31988E+02 1.15140E-01
 1.30000E+01 1.41346E+02 1.18259E-01
 1.40000E+01 1.49394E+02 1.20911E-01
 1.50000E+01 1.55193E+02 1.22332E-01
 1.60000E+01 1.58637E+02 1.22448E-01
 1.70000E+01 1.60327E+02 1.21658E-01
 1.80000E+01 1.61708E+02 1.20950E-01
 1.90000E+01 1.63716E+02 1.20938E-01
 2.00000E+01 1.65962E+02 1.21291E-01
 2.10000E+01 1.70534E+02 1.23497E-01
 2.20000E+01 1.74965E+02 1.25725E-01
 2.30000E+01 1.79210E+02 1.27931E-01
 2.40000E+01 1.83254E+02 1.30087E-01
 2.50000E+01 1.84713E+02 1.30498E-01
 2.60000E+01 1.86050E+02 1.30908E-01
 2.70000E+01 1.84029E+02 1.29042E-01
 2.80000E+01 1.82165E+02 1.27369E-01
 2.90000E+01 1.79183E+02 1.24982E-01
 3.00000E+01 1.75958E+02 1.22482E-01
 3.10000E+01 1.74162E+02 1.21025E-01
 3.20000E+01 1.69747E+02 1.17787E-01
 3.30000E+01 1.67526E+02 1.16117E-01
 3.40000E+01 1.65992E+02 1.14960E-01
 3.50000E+01 1.65020E+02 1.14224E-01
 3.60000E+01 1.65767E+02 1.14708E-01
 3.70000E+01 1.65590E+02 1.14575E-01
 3.80000E+01 1.64208E+02 1.13628E-01
 3.90000E+01 1.63378E+02 1.13078E-01
 4.00000E+01 1.62847E+02 1.12754E-01
 4.10000E+01 1.62034E+02 1.12251E-01
 4.20000E+01 1.60579E+02 1.11316E-01
 4.30000E+01 1.58412E+02 1.09903E-01
 4.40000E+01 1.57074E+02 1.09077E-01
 4.50000E+01 1.54443E+02 1.07361E-01
 4.60000E+01 1.52830E+02 1.06356E-01
 4.70000E+01 1.50384E+02 1.04776E-01
 4.80000E+01 1.48135E+02 1.03333E-01
 4.90000E+01 1.46145E+02 1.02072E-01
 5.00000E+01 1.44266E+02 1.00888E-01
