# d +  63Cu: Production of  62Co - Total
# Q-value    =-1.28867E+01 mass=  61.934058
# E-threshold= 1.32990E+01
# # energies =    50
#     E          xs
 1.00000E+00 0.00000E+00
 2.00000E+00 0.00000E+00
 3.00000E+00 0.00000E+00
 4.00000E+00 0.00000E+00
 5.00000E+00 0.00000E+00
 6.00000E+00 0.00000E+00
 7.00000E+00 0.00000E+00
 8.00000E+00 0.00000E+00
 9.00000E+00 0.00000E+00
 1.00000E+01 0.00000E+00
 1.10000E+01 0.00000E+00
 1.20000E+01 0.00000E+00
 1.30000E+01 0.00000E+00
 1.40000E+01 0.00000E+00
 1.50000E+01 0.00000E+00
 1.60000E+01 0.00000E+00
 1.70000E+01 0.00000E+00
 1.80000E+01 0.00000E+00
 1.90000E+01 0.00000E+00
 2.00000E+01 0.00000E+00
 2.10000E+01 0.00000E+00
 2.20000E+01 0.00000E+00
 2.30000E+01 0.00000E+00
 2.40000E+01 0.00000E+00
 2.50000E+01 1.50449E-03
 2.60000E+01 3.94089E-03
 2.70000E+01 8.56917E-03
 2.80000E+01 1.61239E-02
 2.90000E+01 2.82371E-02
 3.00000E+01 4.53351E-02
 3.10000E+01 7.09622E-02
 3.20000E+01 1.00834E-01
 3.30000E+01 1.40413E-01
 3.40000E+01 1.74556E-01
 3.50000E+01 2.14039E-01
 3.60000E+01 2.41256E-01
 3.70000E+01 2.58580E-01
 3.80000E+01 2.86147E-01
 3.90000E+01 3.04091E-01
 4.00000E+01 2.97042E-01
 4.10000E+01 3.07381E-01
 4.20000E+01 3.28937E-01
 4.30000E+01 3.37797E-01
 4.40000E+01 3.29458E-01
 4.50000E+01 3.50289E-01
 4.60000E+01 3.76577E-01
 4.70000E+01 4.04207E-01
 4.80000E+01 4.33694E-01
 4.90000E+01 4.19458E-01
 5.00000E+01 4.34564E-01
