# d +  65Cu: Production of  59Co - Total
# Q-value    =-1.73443E+01 mass=  58.933193
# E-threshold= 1.78821E+01
# # energies =    50
#     E          xs
 1.00000E+00 0.00000E+00
 2.00000E+00 0.00000E+00
 3.00000E+00 0.00000E+00
 4.00000E+00 0.00000E+00
 5.00000E+00 0.00000E+00
 6.00000E+00 0.00000E+00
 7.00000E+00 0.00000E+00
 8.00000E+00 0.00000E+00
 9.00000E+00 0.00000E+00
 1.00000E+01 0.00000E+00
 1.10000E+01 0.00000E+00
 1.20000E+01 0.00000E+00
 1.30000E+01 0.00000E+00
 1.40000E+01 0.00000E+00
 1.50000E+01 0.00000E+00
 1.60000E+01 0.00000E+00
 1.70000E+01 0.00000E+00
 1.80000E+01 0.00000E+00
 1.90000E+01 0.00000E+00
 2.00000E+01 0.00000E+00
 2.10000E+01 0.00000E+00
 2.20000E+01 0.00000E+00
 2.30000E+01 0.00000E+00
 2.40000E+01 0.00000E+00
 2.50000E+01 0.00000E+00
 2.60000E+01 0.00000E+00
 2.70000E+01 0.00000E+00
 2.80000E+01 0.00000E+00
 2.90000E+01 2.69459E-03
 3.00000E+01 7.11950E-03
 3.10000E+01 1.62225E-02
 3.20000E+01 3.08167E-02
 3.30000E+01 4.95814E-02
 3.40000E+01 7.24815E-02
 3.50000E+01 1.07035E-01
 3.60000E+01 1.60510E-01
 3.70000E+01 2.45822E-01
 3.80000E+01 4.48027E-01
 3.90000E+01 7.63194E-01
 4.00000E+01 1.39235E+00
 4.10000E+01 2.23099E+00
 4.20000E+01 3.21031E+00
 4.30000E+01 4.41677E+00
 4.40000E+01 5.49767E+00
 4.50000E+01 6.39867E+00
 4.60000E+01 7.83055E+00
 4.70000E+01 8.76665E+00
 4.80000E+01 9.74918E+00
 4.90000E+01 1.05103E+01
 5.00000E+01 1.10689E+01
