# d +  65Cu: Production of  62Co - Level  1     0.02200 MeV
# Q-value    =-2.43954E+00 mass=  61.934058
# E-threshold= 2.51519E+00
# # energies =    50
#     E          xs      Branching
 1.00000E+00 0.00000E+00 0.00000E+00
 2.00000E+00 0.00000E+00 0.00000E+00
 3.00000E+00 0.00000E+00 0.00000E+00
 4.00000E+00 0.00000E+00 0.00000E+00
 5.00000E+00 0.00000E+00 0.00000E+00
 6.00000E+00 0.00000E+00 0.00000E+00
 7.00000E+00 0.00000E+00 0.00000E+00
 8.00000E+00 0.00000E+00 0.00000E+00
 9.00000E+00 0.00000E+00 0.00000E+00
 1.00000E+01 0.00000E+00 0.00000E+00
 1.10000E+01 0.00000E+00 0.00000E+00
 1.20000E+01 0.00000E+00 0.00000E+00
 1.30000E+01 9.23828E-04 6.02206E-01
 1.40000E+01 3.83805E-03 5.88637E-01
 1.50000E+01 1.11169E-02 5.75337E-01
 1.60000E+01 2.51872E-02 5.63474E-01
 1.70000E+01 4.85561E-02 5.56460E-01
 1.80000E+01 8.46565E-02 5.55265E-01
 1.90000E+01 1.39647E-01 5.59608E-01
 2.00000E+01 2.17296E-01 5.69446E-01
 2.10000E+01 3.15432E-01 5.81963E-01
 2.20000E+01 4.17560E-01 5.95556E-01
 2.30000E+01 5.25575E-01 6.07133E-01
 2.40000E+01 5.58564E-01 6.23918E-01
 2.50000E+01 5.75156E-01 6.28821E-01
 2.60000E+01 5.71083E-01 6.27252E-01
 2.70000E+01 5.10290E-01 6.33475E-01
 2.80000E+01 4.58225E-01 6.30701E-01
 2.90000E+01 4.25460E-01 6.22232E-01
 3.00000E+01 3.81699E-01 6.03070E-01
 3.10000E+01 3.37810E-01 5.99147E-01
 3.20000E+01 3.07362E-01 5.94260E-01
 3.30000E+01 2.95509E-01 5.85849E-01
 3.40000E+01 2.82964E-01 5.73798E-01
 3.50000E+01 2.76780E-01 5.65454E-01
 3.60000E+01 2.71122E-01 5.65008E-01
 3.70000E+01 2.58513E-01 5.72867E-01
 3.80000E+01 2.55063E-01 5.72583E-01
 3.90000E+01 2.52774E-01 5.68509E-01
 4.00000E+01 2.52991E-01 5.67068E-01
 4.10000E+01 2.50587E-01 5.63290E-01
 4.20000E+01 2.55167E-01 5.66058E-01
 4.30000E+01 2.50536E-01 5.71049E-01
 4.40000E+01 2.38785E-01 5.80904E-01
 4.50000E+01 2.35577E-01 5.83153E-01
 4.60000E+01 2.33195E-01 5.79507E-01
 4.70000E+01 2.33776E-01 5.75836E-01
 4.80000E+01 2.41648E-01 5.78746E-01
 4.90000E+01 2.47482E-01 5.77488E-01
 5.00000E+01 2.59574E-01 5.78324E-01
