# d +  65Cu: Production of  64Zn - Total
# Q-value    =-1.23379E+01 mass=  63.929141
# E-threshold= 1.27205E+01
# # energies =    50
#     E          xs
 1.00000E+00 0.00000E+00
 2.00000E+00 0.00000E+00
 3.00000E+00 0.00000E+00
 4.00000E+00 0.00000E+00
 5.00000E+00 0.00000E+00
 6.00000E+00 0.00000E+00
 7.00000E+00 0.00000E+00
 8.00000E+00 0.00000E+00
 9.00000E+00 0.00000E+00
 1.00000E+01 0.00000E+00
 1.10000E+01 0.00000E+00
 1.20000E+01 0.00000E+00
 1.30000E+01 3.27258E-01
 1.40000E+01 6.84000E+00
 1.50000E+01 2.88365E+01
 1.60000E+01 7.01063E+01
 1.70000E+01 1.24010E+02
 1.80000E+01 1.86344E+02
 1.90000E+01 2.49075E+02
 2.00000E+01 3.04095E+02
 2.10000E+01 3.46957E+02
 2.20000E+01 3.73450E+02
 2.30000E+01 3.96436E+02
 2.40000E+01 4.07293E+02
 2.50000E+01 4.10693E+02
 2.60000E+01 4.06312E+02
 2.70000E+01 3.94475E+02
 2.80000E+01 3.76618E+02
 2.90000E+01 3.55643E+02
 3.00000E+01 3.33813E+02
 3.10000E+01 3.13853E+02
 3.20000E+01 2.94016E+02
 3.30000E+01 2.78250E+02
 3.40000E+01 2.64974E+02
 3.50000E+01 2.54917E+02
 3.60000E+01 2.45235E+02
 3.70000E+01 2.39982E+02
 3.80000E+01 2.34315E+02
 3.90000E+01 2.29987E+02
 4.00000E+01 2.24466E+02
 4.10000E+01 2.19571E+02
 4.20000E+01 2.15300E+02
 4.30000E+01 2.09970E+02
 4.40000E+01 2.05072E+02
 4.50000E+01 1.99294E+02
 4.60000E+01 1.92900E+02
 4.70000E+01 1.86269E+02
 4.80000E+01 1.79849E+02
 4.90000E+01 1.73487E+02
 5.00000E+01 1.66518E+02
