# Reaction: d +  63Cu Production of  62Zn Ground state
# Beam current:      1.00000 mA Energy range:   50.000 -->   45.000 MeV
# Irradiation time     :      0 years   1 days  0 hours  0 minutes  0 seconds 
# Cooling time         :      0 years   1 days  0 hours  0 minutes  0 seconds 
# Half life            :      0 years   0 days  9 hours 15 minutes 36 seconds 
# Maximum production at:      0 years   4 days  9 hours 20 minutes 49 seconds 
# Initial production rate:  1.52263E-10 [s^-1] Decay rate:  2.07928E-05 [s^-1]
# # time points =100
# Time [h] Activity [GBq] #isotopes [   ]  Yield [GBq/mAh]  Isotopic frac.
     0.5    1.82075E+01    8.75667E+14    3.64151E+01        0.49064
     1.0    3.57459E+01    1.71915E+15    3.50768E+01        0.53726
     1.5    5.26398E+01    2.53164E+15    3.37878E+01        0.57699
     2.0    6.89128E+01    3.31427E+15    3.25460E+01        0.61021
     2.5    8.45878E+01    4.06814E+15    3.13499E+01        0.63766
     3.0    9.96867E+01    4.79430E+15    3.01978E+01        0.66021
     3.5    1.14231E+02    5.49377E+15    2.90880E+01        0.67869
     4.0    1.28240E+02    6.16754E+15    2.80189E+01        0.69386
     4.5    1.41735E+02    6.81654E+15    2.69890E+01        0.70635
     5.0    1.54733E+02    7.44169E+15    2.59971E+01        0.71666
     5.5    1.67254E+02    8.04386E+15    2.50416E+01        0.72522
     6.0    1.79315E+02    8.62390E+15    2.41212E+01        0.73234
     6.5    1.90932E+02    9.18262E+15    2.32346E+01        0.73828
     7.0    2.02122E+02    9.72080E+15    2.23805E+01        0.74325
     7.5    2.12901E+02    1.02392E+16    2.15578E+01        0.74741
     8.0    2.23284E+02    1.07385E+16    2.07654E+01        0.75088
     8.5    2.33285E+02    1.12195E+16    2.00021E+01        0.75378
     9.0    2.42918E+02    1.16828E+16    1.92668E+01        0.75618
     9.5    2.52197E+02    1.21291E+16    1.85585E+01        0.75815
    10.0    2.61136E+02    1.25590E+16    1.78762E+01        0.75976
    10.5    2.69745E+02    1.29730E+16    1.72190E+01        0.76105
    11.0    2.78038E+02    1.33719E+16    1.65860E+01        0.76205
    11.5    2.86026E+02    1.37560E+16    1.59761E+01        0.76281
    12.0    2.93721E+02    1.41261E+16    1.53888E+01        0.76335
    12.5    3.01132E+02    1.44825E+16    1.48229E+01        0.76369
    13.0    3.08271E+02    1.48259E+16    1.42779E+01        0.76385
    13.5    3.15147E+02    1.51566E+16    1.37529E+01        0.76386
    14.0    3.21771E+02    1.54751E+16    1.32471E+01        0.76373
    14.5    3.28151E+02    1.57820E+16    1.27600E+01        0.76346
    15.0    3.34296E+02    1.60775E+16    1.22908E+01        0.76308
    15.5    3.40216E+02    1.63622E+16    1.18388E+01        0.76260
    16.0    3.45917E+02    1.66364E+16    1.14034E+01        0.76202
    16.5    3.51409E+02    1.69006E+16    1.09839E+01        0.76135
    17.0    3.56699E+02    1.71550E+16    1.05799E+01        0.76059
    17.5    3.61795E+02    1.74000E+16    1.01908E+01        0.75977
    18.0    3.66703E+02    1.76361E+16    9.81581E+00        0.75887
    18.5    3.71430E+02    1.78634E+16    9.45475E+00        0.75791
    19.0    3.75983E+02    1.80824E+16    9.10694E+00        0.75690
    19.5    3.80369E+02    1.82934E+16    8.77181E+00        0.75582
    20.0    3.84594E+02    1.84965E+16    8.44919E+00        0.75470
    20.5    3.88663E+02    1.86922E+16    8.13819E+00        0.75353
    21.0    3.92582E+02    1.88807E+16    7.83869E+00        0.75232
    21.5    3.96357E+02    1.90623E+16    7.55031E+00        0.75107
    22.0    3.99994E+02    1.92372E+16    7.27238E+00        0.74978
    22.5    4.03496E+02    1.94056E+16    7.00475E+00        0.74846
    23.0    4.06869E+02    1.95678E+16    6.74688E+00        0.74710
    23.5    4.10119E+02    1.97241E+16    6.49856E+00        0.74571
    24.0    4.13248E+02    1.98746E+16    6.25925E+00        0.74430
    24.1    4.11303E+02    1.97811E+16    0.00000E+00        0.74697
    24.1    4.09246E+02    1.96821E+16    0.00000E+00        0.74960
    24.2    4.07070E+02    1.95775E+16    0.00000E+00        0.75218
    24.3    4.04770E+02    1.94669E+16    0.00000E+00        0.75468
    24.4    4.02339E+02    1.93500E+16    0.00000E+00        0.75708
    24.4    3.99771E+02    1.92264E+16    0.00000E+00        0.75936
    24.5    3.97059E+02    1.90960E+16    0.00000E+00        0.76149
    24.6    3.94196E+02    1.89583E+16    0.00000E+00        0.76347
    24.7    3.91175E+02    1.88131E+16    0.00000E+00        0.76526
    24.8    3.87990E+02    1.86599E+16    0.00000E+00        0.76684
    25.0    3.84632E+02    1.84984E+16    0.00000E+00        0.76819
    25.1    3.81094E+02    1.83282E+16    0.00000E+00        0.76929
    25.2    3.77369E+02    1.81491E+16    0.00000E+00        0.77012
    25.4    3.73449E+02    1.79606E+16    0.00000E+00        0.77066
    25.5    3.69327E+02    1.77623E+16    0.00000E+00        0.77090
    25.7    3.64995E+02    1.75540E+16    0.00000E+00        0.77082
    25.8    3.60446E+02    1.73352E+16    0.00000E+00        0.77041
    26.0    3.55672E+02    1.71056E+16    0.00000E+00        0.76966
    26.2    3.50666E+02    1.68648E+16    0.00000E+00        0.76856
    26.4    3.45422E+02    1.66126E+16    0.00000E+00        0.76712
    26.6    3.39934E+02    1.63487E+16    0.00000E+00        0.76531
    26.8    3.34195E+02    1.60727E+16    0.00000E+00        0.76314
    27.1    3.28201E+02    1.57844E+16    0.00000E+00        0.76061
    27.3    3.21947E+02    1.54836E+16    0.00000E+00        0.75770
    27.6    3.15430E+02    1.51702E+16    0.00000E+00        0.75443
    27.9    3.08646E+02    1.48439E+16    0.00000E+00        0.75078
    28.2    3.01595E+02    1.45048E+16    0.00000E+00        0.74674
    28.5    2.94276E+02    1.41528E+16    0.00000E+00        0.74230
    28.9    2.86690E+02    1.37880E+16    0.00000E+00        0.73745
    29.3    2.78840E+02    1.34105E+16    0.00000E+00        0.73216
    29.6    2.70732E+02    1.30205E+16    0.00000E+00        0.72643
    30.1    2.62370E+02    1.26184E+16    0.00000E+00        0.72021
    30.5    2.53765E+02    1.22045E+16    0.00000E+00        0.71349
    31.0    2.44927E+02    1.17794E+16    0.00000E+00        0.70622
    31.5    2.35869E+02    1.13438E+16    0.00000E+00        0.69835
    32.0    2.26607E+02    1.08984E+16    0.00000E+00        0.68986
    32.6    2.17160E+02    1.04440E+16    0.00000E+00        0.68068
    33.2    2.07548E+02    9.98177E+15    0.00000E+00        0.67077
    33.8    1.97798E+02    9.51282E+15    0.00000E+00        0.66006
    34.5    1.87934E+02    9.03845E+15    0.00000E+00        0.64849
    35.3    1.77988E+02    8.56009E+15    0.00000E+00        0.63600
    36.0    1.67991E+02    8.07932E+15    0.00000E+00        0.62251
    36.8    1.57980E+02    7.59782E+15    0.00000E+00        0.60797
    37.7    1.47990E+02    7.11740E+15    0.00000E+00        0.59230
    38.6    1.38063E+02    6.63996E+15    0.00000E+00        0.57543
    39.6    1.28239E+02    6.16751E+15    0.00000E+00        0.55730
    40.7    1.18562E+02    5.70208E+15    0.00000E+00        0.53787
    41.8    1.09074E+02    5.24577E+15    0.00000E+00        0.51708
    43.0    9.98194E+01    4.80068E+15    0.00000E+00        0.49492
    44.2    9.08409E+01    4.36887E+15    0.00000E+00        0.47139
    45.6    8.21804E+01    3.95236E+15    0.00000E+00        0.44651
    47.0    7.38775E+01    3.55304E+15    0.00000E+00        0.42037
