# E, dE, CS, dCS
30.025789776248892,1.3462780074963447,2.459889887820042,0.4104948101274239
27.737712907864537,1.4284590121668579,0.6447026259773407,0.28938450123433956
25.323935170375858,1.5308013019241145,0.5670843305537903,0.1458307013261278
22.77265094402769,1.6480267805537778,1061.083330911023,155.1489445056183
20.570886590132957,1.7569763618868421,2.28984072793934,0.3685696872679914
18.141784634302134,1.917329129680141,0.6513104625521543,0.15181796962026936
15.433941560556464,2.1253761515281973,4500.201904948466,1803.961156704879
12.343245541024364,2.475124492363191,2.509652817670804,0.5096600702023261
8.676131444313562,3.0457177639771054,0.5077927667161454,0.19570185268760246
3.9384204651437367,4.472498093243427,3.37273690780348,0.6638495443339472
