# E, dE, CS, dCS
30.025789776248892,1.3462780074963447,0.021258832287390415,0.0030693710712834145
27.737712907864537,1.4284590121668579,0.024602392051570627,0.003356505504062719
25.323935170375858,1.5308013019241145,0.023559561134601358,0.006543611209915589
22.77265094402769,1.6480267805537778,0.023101043084904127,0.0031641198572417545
20.570886590132957,1.7569763618868421,0.0847118484273966,0.028688897141318274
18.141784634302134,1.917329129680141,0.020811651206663784,0.011355795481034261
15.433941560556464,2.1253761515281973,0.03214903563196278,0.010023737633415108
12.343245541024364,2.475124492363191,0.02612386231161467,0.005862693910632564
8.676131444313562,3.0457177639771054,0.036817254212256886,0.015746498355606275
3.9384204651437367,4.472498093243427,0.29262015123822355,0.025334511111296358
