# E, dE, CS, dCS
30.025789776248892,1.3462780074963447,0.16022546488122782,0.009559642168858903
27.737712907864537,1.4284590121668579,0.32464468486510567,0.021920015060737777
25.323935170375858,1.5308013019241145,0.11014752023246632,0.009001514298039418
22.77265094402769,1.6480267805537778,0.21942617645653845,0.01389905684369422
20.570886590132957,1.7569763618868421,0.0,0.0
18.141784634302134,1.917329129680141,0.0,0.0
15.433941560556464,2.1253761515281973,0.0,0.0
12.343245541024364,2.475124492363191,0.0,0.0
8.676131444313562,3.0457177639771054,0.0,0.0
3.9384204651437367,4.472498093243427,0.0,0.0
