# E, dE_l, dE_r, CS, dCS
29.77610598592641,0.6684716870950247,0.6854713174443745,171.8841296699103,7.8108995332708835
27.54140601420071,0.7036945735227462,0.7256903651096316,155.59820430836623,8.300902469896789
25.18643162644528,0.7514324483630901,0.7797875210957024,133.92472590536133,6.99947704369756
22.700808869908844,0.7992138754215219,0.8380998525581163,122.41469278805067,7.170690143118887
20.559418089323575,0.8547471494739511,0.8990316914521408,106.24389204588361,5.81793003450432
18.202385163553274,0.9298794580318024,0.9706720096990047,95.59197767319898,7.112230767407004
15.5836631781586,1.013772795179877,1.0740823469555547,123.7015282131095,6.6126319067892085
12.612802929281381,1.1663447566925491,1.24083520901649,159.44051784596957,8.349739899782794
9.133112530068727,1.3886249110211084,1.5669579003948488,231.56606904120954,11.994628010769029
4.567394006395868,1.9703961037307463,2.2508299759050168,83.59838380540113,6.402625051434391
