# E, dE_l, dE_r, CS, dCS
30.025789776248892,0.6718878040911171,0.6743902034052276,1.6226197274932517,0.09233330057819207
27.737712907864537,0.7065054078645332,0.7219536043023247,0.8230823337426278,0.06984482191196704
25.323935170375858,0.7592244241071988,0.7715768778169156,0.28862012087471567,0.05104415215850383
22.77265094402769,0.8154077694245139,0.832619011129264,0.0,0.0
20.570886590132957,0.8663337543120626,0.8906426075747795,0.0,0.0
18.141784634302134,0.9445570667345677,0.9727720629455732,0.0,0.0
15.433941560556464,1.0404113766809342,1.084964774847263,0.0,0.0
12.343245541024364,1.2039688923757144,1.2711555999874768,0.0,0.0
8.676131444313562,1.426726334181403,1.6189914297957024,0.0,0.0
3.9384204651437367,2.222549932094696,2.2499481611487306,0.0,0.0
