# E, dE_l, dE_r, CS, dCS
30.025789776248892,0.6718878040911171,0.6743902034052276,62.31577201442683,1.8108690526219042
27.737712907864537,0.7065054078645332,0.7219536043023247,75.16840685604078,2.398847688022762
25.323935170375858,0.7592244241071988,0.7715768778169156,99.02464310294737,2.790866677429483
22.77265094402769,0.8154077694245139,0.832619011129264,133.87867967696457,4.416835981413195
20.570886590132957,0.8663337543120626,0.8906426075747795,180.48556154469318,5.653933248455697
18.141784634302134,0.9445570667345677,0.9727720629455732,221.1241252256937,9.23424390670886
15.433941560556464,1.0404113766809342,1.084964774847263,253.1356136954409,8.05667063650229
12.343245541024364,1.2039688923757144,1.2711555999874768,235.68418624862937,7.778308231328438
8.676131444313562,1.426726334181403,1.6189914297957024,137.3867799441736,8.595296318276697
3.9384204651437367,2.222549932094696,2.2499481611487306,1.6671777511883594,0.4141209874415905
