# E, dE_l, dE_r, CS, dCS
30.025789776248892,0.6718878040911171,0.6743902034052276,111.76607853163155,9.281178340417064
27.737712907864537,0.7065054078645332,0.7219536043023247,135.49853435402105,11.246219935714425
25.323935170375858,0.7592244241071988,0.7715768778169156,173.09061406553434,13.857510569383088
22.77265094402769,0.8154077694245139,0.832619011129264,224.25580448036132,16.25168449460939
20.570886590132957,0.8663337543120626,0.8906426075747795,277.5439834689461,19.94267394481262
18.141784634302134,0.9445570667345677,0.9727720629455732,317.4763983350494,23.087667840653882
15.433941560556464,1.0404113766809342,1.084964774847263,298.28172082511503,21.485257792231753
12.343245541024364,1.2039688923757144,1.2711555999874768,161.03164781757283,11.66461946096003
8.676131444313562,1.426726334181403,1.6189914297957024,55.30078897443454,3.2843342155180304
3.9384204651437367,2.222549932094696,2.2499481611487306,0.0,0.0
