# E, dE, CS, dCS
30.025789776248892,1.3462780074963447,170.76093799974655,7.758801495415025
27.737712907864537,1.4284590121668579,153.78070903311206,8.198936275691624
25.323935170375858,1.5308013019241145,132.5623473006649,6.927059359119255
22.77265094402769,1.6480267805537778,121.53805692719634,7.116478188622473
20.570886590132957,1.7569763618868421,106.07081832151607,5.808395999148235
18.141784634302134,1.917329129680141,95.92381322056526,7.137451456553214
15.433941560556464,2.1253761515281973,123.79136294796639,6.6170956984870655
12.343245541024364,2.475124492363191,156.65372622639768,8.200210713756283
8.676131444313562,3.0457177639771054,209.3813996826921,11.272953043812157
3.9384204651437367,4.472498093243427,73.54023956243327,5.697046886499724
