# E, dE, CS, dCS
30.025789776248892,1.3462780074963447,9.494769713291396,0.5222179570484455
27.737712907864537,1.4284590121668579,11.382369672305025,0.5097294788835695
25.323935170375858,1.5308013019241145,12.016366869747468,0.5125886800580552
22.77265094402769,1.6480267805537778,11.356841837617882,0.4250739732330252
20.570886590132957,1.7569763618868421,9.267122381731431,0.4062688536244283
18.141784634302134,1.917329129680141,5.649414944710444,0.2626354166025294
15.433941560556464,2.1253761515281973,1.5338361902642592,0.1211321477509589
12.343245541024364,2.475124492363191,0.0,0.0
8.676131444313562,3.0457177639771054,0.0,0.0
3.9384204651437367,4.472498093243427,0.0,0.0
