# E, dE_l, dE_r, CS, dCS
29.77610598592641,0.6684716870950247,0.6854713174443745,9.55722220609808,0.5257017557345988
27.54140601420071,0.7036945735227462,0.7256903651096316,11.51689501836879,0.5162001222812654
25.18643162644528,0.7514324483630901,0.7797875210957024,12.139862277477361,0.5179928714581564
22.700808869908844,0.7992138754215219,0.8380998525581163,11.438757042390902,0.4285611192772859
20.559418089323575,0.8547471494739511,0.8990316914521408,9.282243367975871,0.4069379299845035
18.202385163553274,0.9298794580318024,0.9706720096990047,5.629871552537672,0.2616769365021813
15.5836631781586,1.013772795179877,1.0740823469555547,1.5327230934844442,0.12104707917353232
12.612802929281381,1.1663447566925491,1.24083520901649,0.0,0.0
9.133112530068727,1.3886249110211084,1.5669579003948488,0.0,0.0
4.567394006395868,1.9703961037307463,2.2508299759050168,0.0,0.0
