# E, dE, CS, dCS
31.29030625563129,1.3190202345505604,-19.496797213798295,-0.5446858236703587
29.08242619683099,1.3876673600346692,-10.27613516483434,-0.2868887807121474
26.74473020115101,1.4694931063143244,-5.765287681591483,-0.15255897046652106
24.281873556624827,1.5579920062352386,-1.9221790816958197,-0.05406083245767655
22.185486210931053,1.6733980209366948,-0.26078331636242114,-0.0032114663618380487
19.918353165898118,1.819017559210529,0.27894966763942997,0.012110527385854435
17.421106970827882,1.9746949389698685,0.47664413677934203,0.013880556577349603
14.633865763840744,2.2265589464232267,0.3709136192471918,0.01180753189257298
11.407884330749265,2.598717936507935,nan,-0.009055877285832226
7.398381488115191,3.387061332854304,nan,-0.003717779525188649
