# E, dE_l, dE_r, CS, dCS
30.389005647149215,0.7381945897474047,0.7488974483502346,87.21562445490827,2.907120838317173
28.191188584850153,0.7913798201442717,0.7928476446580426,63.53884057078505,2.1727907741935777
25.877617941598903,0.8132238415111068,0.8215234714445749,44.71844338775256,1.4828943613954433
23.44509761642972,0.873529790342765,0.8849325071966518,27.483124394594196,1.0309434168860205
21.349797430656043,0.9038453419745984,0.9233969680781335,18.76165507672737,0.7069232665598899
19.063729499973753,0.9675524616462283,0.9944513972225053,13.971138575898769,0.550546002355257
16.54495800966009,1.058069750447892,1.102615062769818,12.389323533840981,0.5112478537747132
13.728512924094742,1.1876362391632362,1.251036255272199,8.404191850144409,0.4327775850676863
10.470605352866043,1.3618183894320204,1.5054735152190624,0.0,0.0
6.276534286925757,1.7072731824481444,2.0883031268673458,0.0,0.0
