# E, dE, CS, dCS
30.653129405743066,1.5083772842001864,48.106968718559415,6.329341074456845
28.403392403211374,1.5870505475503194,46.78028937575894,2.1786286489057187
26.042481018273335,0.6323364218522869,55.67746335505093,2.1708939883375016
23.5456880354539,0.6956706360642286,51.790233554972055,2.1248503084158865
21.384003332369993,1.8625762478714876,58.313661430367844,1.9565879678869256
19.030173853997482,1.9871397995117093,77.97832634407922,2.8856473152963535
16.429391256644738,2.184790000364929,115.33455869129139,4.093591757827648
13.506411090381993,2.4994370894082554,148.9795088423699,5.536297908871432
10.093583306199674,2.954509404415978,56.17978415580846,2.851200704495074
5.6305484247613204,4.037426352015437,1.5539542452163306,0.11925917777678169
