# E, dE, CS, dCS
30.389005647149215,1.4870920380976393,150.0947420791308,7.867079006573512
28.191188584850153,1.5842274648023142,69.6807328330002,13.591584931710134
25.877617941598903,1.6347473129556818,-62.410516915010035,-0.8567358349784602
23.44509761642972,1.7584622975394169,-0.3097241867292091,2.7226277944943233
21.349797430656043,1.827242310052732,nan,-0.07158564309333712
19.063729499973753,1.9620038588687336,nan,-0.022295706057177296
16.54495800966009,2.16068481321771,nan,0.0
13.728512924094742,2.438672494435435,nan,0.0
10.470605352866043,2.8672919046510827,nan,0.0
6.276534286925757,3.79557630931549,nan,0.0
