# E, dE, CS, dCS
30.653129405743066,1.5083772842001864,486.46704564604886,21.86172033256196
28.403392403211374,1.5870505475503194,341.2411617946824,16.635873367536384
26.042481018273335,0.6323364218522869,172.10506303162873,8.029398874736192
23.5456880354539,0.6956706360642286,30.71794735168331,1.4833463122152375
21.384003332369993,1.8625762478714876,1.0377496326086875,0.07146858896451098
19.030173853997482,1.9871397995117093,0.08647426644451474,0.02237324058606761
16.429391256644738,2.184790000364929,0.0,0.0
13.506411090381993,2.4994370894082554,0.0,0.0
10.093583306199674,2.954509404415978,0.0,0.0
5.6305484247613204,4.037426352015437,0.0,0.0
