# E, dE, CS, dCS
30.389005647149215,1.4870920380976393,86.44743635167355,2.8852866344042973
28.191188584850153,1.5842274648023142,63.1010521717247,2.15988934511718
25.877617941598903,1.6347473129556818,44.46472702267662,1.4757009772194372
23.44509761642972,1.7584622975394169,27.382900425383237,1.0277067938247346
21.349797430656043,1.827242310052732,18.723013307663315,0.7056695924693043
19.063729499973753,1.9620038588687336,13.957098454969827,0.5500253071251031
16.54495800966009,2.16068481321771,12.384048789739168,0.5108463442482126
13.728512924094742,2.438672494435435,8.401707470102016,0.4324253942901588
10.470605352866043,2.8672919046510827,nan,-0.0002957181151996281
6.276534286925757,3.79557630931549,nan,-0.00013539769232821114
