# E, dE_l, dE_r, CS, dCS
30.389005647149215,0.7381945897474047,0.7488974483502346,601.0269460655061,16.66281729755303
28.191188584850153,0.7913798201442717,0.7928476446580426,489.3109770916378,13.980893778977547
25.877617941598903,0.8132238415111068,0.8215234714445749,357.62342391970384,9.770870580131938
23.44509761642972,0.873529790342765,0.8849325071966518,166.3132343342539,5.197017236711996
21.349797430656043,0.9038453419745984,0.9233969680781335,71.1628441496422,2.1945375622388315
19.063729499973753,0.9675524616462283,0.9944513972225053,77.26569317236319,2.557965294584236
16.54495800966009,1.058069750447892,1.102615062769818,128.14764596194144,4.030001438938228
13.728512924094742,1.1876362391632362,1.251036255272199,139.81586693592857,4.50385551099787
10.470605352866043,1.3618183894320204,1.5054735152190624,59.111576639664335,2.174027540989384
6.276534286925757,1.7072731824481444,2.0883031268673458,1.1939295716218175,0.06754792812419741
