# E, dE_l, dE_r, CS, dCS
30.389005647149215,0.7381945897474047,0.7488974483502346,334.6716072987866,24.36180668033657
28.191188584850153,0.7913798201442717,0.7928476446580426,240.64873851866267,17.651248483760153
25.877617941598903,0.8132238415111068,0.8215234714445749,92.42871702011372,5.5282723414695205
23.44509761642972,0.873529790342765,0.8849325071966518,19.364384324470045,2.667280324314367
21.349797430656043,0.9038453419745984,0.9233969680781335,0.0,0.0
19.063729499973753,0.9675524616462283,0.9944513972225053,0.0,0.0
16.54495800966009,1.058069750447892,1.102615062769818,0.0,0.0
13.728512924094742,1.1876362391632362,1.251036255272199,0.0,0.0
10.470605352866043,1.3618183894320204,1.5054735152190624,0.0,0.0
6.276534286925757,1.7072731824481444,2.0883031268673458,0.0,0.0
