# E, dE, CS, dCS
30.653129405743066,1.5083772842001864,188.43249851311694,5.273318222370724
28.403392403211374,1.5870505475503194,152.5493677219858,4.389804882621723
26.042481018273335,0.6323364218522869,124.33333402046338,3.418887807947627
23.5456880354539,0.6956706360642286,100.03322964576878,3.140645814233537
21.384003332369993,1.8625762478714876,90.4102609759296,2.798695894831215
19.030173853997482,1.9871397995117093,90.65186767612342,3.0125106879434536
16.429391256644738,2.184790000364929,99.61808929610444,3.144793091383841
13.506411090381993,2.4994370894082554,107.40878830991318,3.4767475394931497
10.093583306199674,2.954509404415978,64.27451572606805,2.5616735948064364
5.6305484247613204,4.037426352015437,6.671625932750424,0.3744505659116342
