# E, dE, CS, dCS
30.653129405743066,1.5083772842001864,0.0,0.0
28.403392403211374,1.5870505475503194,0.0,0.0
26.042481018273335,0.6323364218522869,0.7370069763625973,0.16603358071067495
23.5456880354539,0.6956706360642286,0.679815297030065,0.2554712496743082
21.384003332369993,1.8625762478714876,0.6514512787607655,0.13373641280522364
19.030173853997482,1.9871397995117093,0.6034645345318613,0.14337693816697697
16.429391256644738,2.184790000364929,0.4995542626160217,0.0946456076206411
13.506411090381993,2.4994370894082554,0.0,0.0
10.093583306199674,2.954509404415978,0.0,0.0
5.6305484247613204,4.037426352015437,0.0,0.0
