# E, dE, CS, dCS
30.653129405743066,1.5083772842001864,1.5191420483132458,0.12755663447449583
28.403392403211374,1.5870505475503194,1.040392989253194,0.06740708208409159
26.042481018273335,0.6323364218522869,0.9693592775490885,0.04604065819445784
23.5456880354539,0.6956706360642286,0.7779616474036384,0.05416972411722469
21.384003332369993,1.8625762478714876,0.8008910617518358,0.03737939896914662
19.030173853997482,1.9871397995117093,0.8454374039996998,0.040924490800261344
16.429391256644738,2.184790000364929,0.6288584294292028,0.03010504538473487
13.506411090381993,2.4994370894082554,3.5809864099397677,0.1817264329641427
10.093583306199674,2.954509404415978,3.851277320966398,0.29151542464438407
5.6305484247613204,4.037426352015437,2.5728656083661674,0.2078891070898726
