# E, dE_l, dE_r, CS, dCS
30.653129405743066,0.752574150030334,0.7558031341698523,50.92373625325951,2.2818750749745056
28.403392403211374,0.7907464079507065,0.7963041395996129,51.39202369793365,2.2869849717679
26.033404598908735,0.817197682831889,0.8244871974984527,61.37042474461907,2.3894526358149215
23.537535773413328,0.8745972019847592,0.8843242265866742,69.67868050566041,2.760571241833316
21.384003332369993,0.9249871293624707,0.9375891185090168,86.37806163195742,3.1820504689493316
19.030173853997482,0.9851623940633445,1.0019774054483648,97.78674210038967,3.991348345993557
16.429391256644738,1.0764695044323478,1.1083204959325812,121.54034599818684,4.53763871512181
13.506411090381993,1.2234112992592756,1.2760257901489798,143.2657085716789,5.517685400873024
10.093583306199674,1.4055342237735466,1.5489751806424312,92.7817084826001,4.208820203609914
5.6305484247613204,1.8284574585215063,2.208968893493931,6.3222669769771525,0.4163329815195586
