# E, dE, CS, dCS
30.653129405743066,1.5083772842001864,41.06921250306082,2.1979718780378676
28.403392403211374,1.5870505475503194,39.744596696164834,1.8176679604727874
26.042481018273335,0.6323364218522869,41.84899982898001,1.4909290312464911
23.5456880354539,0.6956706360642286,43.97923021104463,1.6012632216331288
21.384003332369993,1.8625762478714876,36.50587243554261,1.2814517053428387
19.030173853997482,1.9871397995117093,26.5969022614999,0.9611653613986932
16.429391256644738,2.184790000364929,27.25013892328181,1.7101301019751551
13.506411090381993,2.4994370894082554,16.153787245700013,0.7340992152858973
10.093583306199674,2.954509404415978,35.17914525232864,2.822876949493527
5.6305484247613204,4.037426352015437,14.81137576921184,1.2424143539150005
