# E, dE, CS, dCS
30.653129405743066,1.5083772842001864,10.563441717738646,0.6622048167631666
28.403392403211374,1.5870505475503194,16.097598158578755,1.6961402221520265
26.042481018273335,0.6323364218522869,3.8874244253545753,0.29475682077404697
23.5456880354539,0.6956706360642286,1.0625617060037018,0.17018484690844402
21.384003332369993,1.8625762478714876,3.9310250090916816,0.362068262758098
19.030173853997482,1.9871397995117093,0.8602286432568738,0.09909491072686012
16.429391256644738,2.184790000364929,2.4877902851060965,0.3509925776212245
13.506411090381993,2.4994370894082554,3.3785566712134805,0.17596170308056067
10.093583306199674,2.954509404415978,1.121643297532285,0.2754662798344783
5.6305484247613204,4.037426352015437,0.0,0.0
