# E, dE, CS, dCS
30.653129405743066,1.5083772842001864,0.4235695845905788,0.1631180964491914
28.403392403211374,1.5870505475503194,0.165563211626991,0.10844601290175189
26.033404598908735,1.6416848803303417,0.17431997459509171,0.08931262671995142
23.537535773413328,1.7589214285714334,nan,0.0
21.384003332369993,1.8625762478714876,nan,0.0
19.030173853997482,1.9871397995117093,nan,0.0
16.429391256644738,2.184790000364929,nan,0.0
13.506411090381993,2.4994370894082554,nan,0.0
10.093583306199674,2.954509404415978,nan,0.0
5.6305484247613204,4.037426352015437,nan,0.0
