# E, dE, CS, dCS
30.653129405743066,1.5083772842001864,75.85274671422742,2.363592037667004
28.403392403211374,1.5870505475503194,73.7368238246282,2.2184689065164584
26.042481018273335,0.6323364218522869,4.097665004542192,0.1370961246326299
23.5456880354539,0.6956706360642286,10.46473111546937,0.3628514995637657
21.384003332369993,1.8625762478714876,3.9701895725864795,0.15857003542010115
19.030173853997482,1.9871397995117093,5.445965635512321,0.19814369246237282
16.429391256644738,2.184790000364929,4.169776265274645,0.15106633298690988
13.506411090381993,2.4994370894082554,21.97676115217273,0.8909508419022337
10.093583306199674,2.954509404415978,6.611877154590496,0.3125382409229651
5.6305484247613204,4.037426352015437,0.0,0.0
