# E, dE_l, dE_r, CS, dCS
31.29030625563129,0.6559586151818486,0.6630616193687118,14.643955574931786,0.4610339463328051
29.08242619683099,0.6871919227193146,0.7004754373153546,17.822853409833304,0.567337888229638
26.74473020115101,0.7284995474653329,0.7409935588489915,20.74058649929027,0.6136723748518433
24.281873556624827,0.7721448339970891,0.7858471722381495,23.633322216331955,0.786746108991029
22.185486210931053,0.8285156771232209,0.8448823438134738,22.982268907093165,0.7783309995264285
19.918353165898118,0.8984450408981175,0.9205725183124116,19.09914311528814,0.6924660179329432
17.421106970827882,0.9706587705572431,1.0040361684126253,13.202645591042494,0.453250733731155
14.633865763840744,1.0880077871870455,1.1385511592361812,7.63912618981533,0.28089799113119035
11.407884330749265,1.2461000450349786,1.3526178914729563,0.7319827238303189,0.03466845195084708
7.398381488115191,1.5500398049468735,1.8370215279074307,0.19321788164284223,0.026884803884029095
