# E, dE, CS, dCS
31.29030625563129,1.3190202345505604,121.51186630845058,8.574346368161619
29.08242619683099,1.3876673600346692,136.08957557089397,9.968526329411603
26.74473020115101,1.4694931063143244,160.29553645168988,11.0679823872847
24.281873556624827,1.5579920062352386,191.23786219924608,11.221023959248132
22.185486210931053,1.6733980209366948,209.3788156231111,11.05243991774858
19.918353165898118,1.819017559210529,228.92601908136692,11.996427453562944
17.421106970827882,1.9746949389698685,222.63705136316688,11.5123493497353
14.633865763840744,2.2265589464232267,197.31138611666083,10.00446165322262
11.407884330749265,2.598717936507935,124.5819288036777,7.6756432256883835
7.398381488115191,3.387061332854304,24.015976958001865,3.8024161115470427
