# E, dE, CS, dCS
31.29030625563129,1.3190202345505604,0.0692592362161184,0.0017949615421382348
29.08242619683099,1.3876673600346692,0.08457022346699983,0.0018487479873531554
26.74473020115101,1.4694931063143244,0.06032856424055888,0.0013342522240715332
24.281873556624827,1.5579920062352386,0.035755548468909604,0.001101755390358422
22.185486210931053,1.6733980209366948,0.030276839905331254,0.0005663247859877055
19.918353165898118,1.819017559210529,0.018945922732982567,6.627947300730241e-05
17.421106970827882,1.9746949389698685,0.0033518902744192475,-0.00043512756963137895
14.633865763840744,2.2265589464232267,nan,0.021819810245895584
11.407884330749265,2.598717936507935,nan,0.0
7.398381488115191,3.387061332854304,nan,0.0
