# E, dE, CS, dCS
31.29030625563129,1.3190202345505604,21.17204455161826,0.6448343946261295
29.08242619683099,1.3876673600346692,15.110927432855581,0.7405258509623435
26.74473020115101,1.4694931063143244,9.5492191595293,0.3456591866936878
24.281873556624827,1.5579920062352386,5.418587453830083,0.29079436178468365
22.185486210931053,1.6733980209366948,1.232228468016636,0.08253735135874253
19.918353165898118,1.819017559210529,0.761770871202458,0.17444011913320834
17.421106970827882,1.9746949389698685,0.8100000798247511,0.2783183112518901
14.633865763840744,2.2265589464232267,0.7471062581352885,0.41632985072121437
11.407884330749265,2.598717936507935,0.5375063923370116,0.09920293447804544
7.398381488115191,3.387061332854304,0.0,0.0
