# E, dE_l, dE_r, CS, dCS
31.29030625563129,0.6559586151818486,0.6630616193687118,71.66536520206309,2.369028848937707
29.08242619683099,0.6871919227193146,0.7004754373153546,58.379450600443214,2.2143310284281745
26.74473020115101,0.7284995474653329,0.7409935588489915,41.161041605942565,1.3808833718023938
24.281873556624827,0.7721448339970891,0.7858471722381495,25.846711540071155,0.9521824749679481
22.185486210931053,0.8285156771232209,0.8448823438134738,14.794610970703452,0.6199407899536262
19.918353165898118,0.8984450408981175,0.9205725183124116,7.664464997486351,0.3596605511587911
17.421106970827882,0.9706587705572431,1.0040361684126253,4.223795984978185,0.1843212431593896
14.633865763840744,1.0880077871870455,1.1385511592361812,2.6117815406038685,0.15319461033036083
11.407884330749265,1.2461000450349786,1.3526178914729563,0.6481630053811523,0.051556994435029854
7.398381488115191,1.5500398049468735,1.8370215279074307,0.0,0.0
