# E, dE, CS, dCS
31.29030625563129,1.3190202345505604,14.643955574931786,0.4610339463328051
29.08242619683099,1.3876673600346692,17.822853409833304,0.567337888229638
26.74473020115101,1.4694931063143244,20.74058649929027,0.6136723748518433
24.281873556624827,1.5579920062352386,23.633322216331955,0.786746108991029
22.185486210931053,1.6733980209366948,22.982268907093165,0.7783309995264285
19.918353165898118,1.819017559210529,19.09914311528814,0.6924660179329432
17.421106970827882,1.9746949389698685,13.202645591042494,0.453250733731155
14.633865763840744,2.2265589464232267,7.63912618981533,0.28089799113119035
11.407884330749265,2.598717936507935,0.7319827238303189,0.03466845195084708
7.398381488115191,3.387061332854304,0.19321788164284223,0.026884803884029095
