# E, dE_l, dE_r, CS, dCS
31.29030625563129,0.6559586151818486,0.6630616193687118,51.50249045800978,8.588246123047876
29.08242619683099,0.6871919227193146,0.7004754373153546,58.668832122207796,9.722627457227478
26.74473020115101,0.7284995474653329,0.7409935588489915,58.022331200154525,10.709305808645224
24.281873556624827,0.7721448339970891,0.7858471722381495,72.68232774771793,10.592291705219752
22.185486210931053,0.8285156771232209,0.8448823438134738,99.09955974337221,10.517454896912806
19.918353165898118,0.8984450408981175,0.9205725183124116,113.57072853256422,11.359633450138118
17.421106970827882,0.9706587705572431,1.0040361684126253,112.77960647557202,10.979866463389527
14.633865763840744,1.0880077871870455,1.1385511592361812,99.07563834862789,9.481736108341268
11.407884330749265,1.2461000450349786,1.3526178914729563,64.6557843546948,7.298860120564205
7.398381488115191,1.5500398049468735,1.8370215279074307,11.360700312288586,3.738881019867547
