# E, dE_l, dE_r, CS, dCS
31.29030625563129,0.6559586151818486,0.6630616193687118,1.000024116700972,0.11556475618021644
29.08242619683099,0.6871919227193146,0.7004754373153546,0.7631403101298642,0.11261813054096115
26.74473020115101,0.7284995474653329,0.7409935588489915,0.35411314194440735,0.016224268767600167
24.281873556624827,0.7721448339970891,0.7858471722381495,0.29895604350540084,0.014049016776463643
22.185486210931053,0.8285156771232209,0.8448823438134738,0.03404124401444872,0.018968826001638243
19.918353165898118,0.8984450408981175,0.9205725183124116,0.04769353258583603,0.02155661043495358
17.421106970827882,0.9706587705572431,1.0040361684126253,0.0,0.0
14.633865763840744,1.0880077871870455,1.1385511592361812,0.0697906627906797,0.019933349354325065
11.407884330749265,1.2461000450349786,1.3526178914729563,0.11872483287228663,0.018446420761091736
7.398381488115191,1.5500398049468735,1.8370215279074307,0.0,0.0
