# E, dE, CS, dCS
31.29030625563129,1.3190202345505604,0.23828916871653058,0.026418413197265924
29.08242619683099,1.3876673600346692,0.0,0.0
26.74473020115101,1.4694931063143244,0.15236711841401757,0.08690955522998099
24.281873556624827,1.5579920062352386,0.0,0.0
22.185486210931053,1.6733980209366948,0.1111460111773036,0.03282134579396568
19.918353165898118,1.819017559210529,0.0,0.0
17.421106970827882,1.9746949389698685,0.0,0.0
14.633865763840744,2.2265589464232267,0.0,0.0
11.407884330749265,2.598717936507935,0.0,0.0
7.398381488115191,3.387061332854304,0.0,0.0
