# E, dE_l, dE_r, CS, dCS
31.29030625563129,0.6559586151818486,0.6630616193687118,402.1213794774967,11.701453068183909
29.08242619683099,0.6871919227193146,0.7004754373153546,362.5791532034464,10.85434084235756
26.74473020115101,0.7284995474653329,0.7409935588489915,315.9401616950884,9.055587695712783
24.281873556624827,0.7721448339970891,0.7858471722381495,240.6349338562025,7.73598500240575
22.185486210931053,0.8285156771232209,0.8448823438134738,158.9150199367877,5.171509648219094
19.918353165898118,0.8984450408981175,0.9205725183124116,84.14086587165222,3.082495442770254
17.421106970827882,0.9706587705572431,1.0040361684126253,36.78383466641041,1.2328086449958235
14.633865763840744,1.0880077871870455,1.1385511592361812,20.010878130745503,0.7523941350698264
11.407884330749265,1.2461000450349786,1.3526178914729563,5.026761301582964,0.2326564176859174
7.398381488115191,1.5500398049468735,1.8370215279074307,1.2906644614357747,0.28653223742140593
