# E, dE, CS, dCS
31.29030625563129,1.3190202345505604,3.2249663652428495,0.09376759933266605
29.08242619683099,1.3876673600346692,3.1709820578310173,0.09523710088743158
26.74473020115101,1.4694931063143244,2.5601963666584413,0.07278305942754604
24.281873556624827,1.5579920062352386,1.8279396805634942,0.06018114515711742
22.185486210931053,1.6733980209366948,1.1850809176055102,0.03904202390267772
19.918353165898118,1.819017559210529,0.5711662142632461,0.02121647210457306
17.421106970827882,1.9746949389698685,0.1283232563129639,0.008149553230302455
14.633865763840744,2.2265589464232267,0.047296534155009486,0.021819810245895584
11.407884330749265,2.598717936507935,0.0,0.0
7.398381488115191,3.387061332854304,0.0,0.0
