# E, dE, CS, dCS
31.29030625563129,1.3190202345505604,3.2128966901107017,0.09363941945685993
29.08242619683099,1.3876673600346692,3.1423455857910993,0.09508079097951377
26.74473020115101,1.4694931063143244,2.5451718615535355,0.07274364406788282
24.281873556624827,1.5579920062352386,1.8246631359138512,0.06015006084988699
22.185486210931053,1.6733980209366948,1.1757321092447353,0.03917297812735697
19.918353165898118,1.819017559210529,0.5622279490228707,0.02153348873097715
17.421106970827882,1.9746949389698685,0.12723616986208985,0.008740257381321354
14.633865763840744,2.2265589464232267,0.0,0.0
11.407884330749265,2.598717936507935,0.0,0.0
7.398381488115191,3.387061332854304,0.0,0.0
