# E, dE, CS, dCS
31.29030625563129,1.3190202345505604,12.938858877054788,0.4764950422842403
29.08242619683099,1.3876673600346692,20.256793142183394,2.2345333036348762
26.74473020115101,1.4694931063143244,18.912598124927623,1.237352252898347
24.281873556624827,1.5579920062352386,20.171622827333618,1.4386999466677792
22.185486210931053,1.6733980209366948,13.475606708277097,0.7748816956554198
19.918353165898118,1.819017559210529,11.251676521997439,0.9530968602443259
17.421106970827882,1.9746949389698685,9.638434447415529,0.9493842439140429
14.633865763840744,2.2265589464232267,7.689950239431894,1.5184030279870637
11.407884330749265,2.598717936507935,1.9387579465796796,0.50703880686433
7.398381488115191,3.387061332854304,0.0,0.0
