# E, dE, CS, dCS
31.29030625563129,1.3190202345505604,0.0,0.0
29.08242619683099,1.3876673600346692,0.0,0.0
26.74473020115101,1.4694931063143244,0.0,0.0
24.281873556624827,1.5579920062352386,0.0,0.0
22.185486210931053,1.6733980209366948,0.0,0.0
19.918353165898118,1.819017559210529,5.776325403341359,1.6574977393247132
17.421106970827882,1.9746949389698685,0.0,0.0
14.633865763840744,2.2265589464232267,13.687551985905193,6.635095944531512
11.407884330749265,2.598717936507935,7.987863785560249,1.1878391480961745
7.398381488115191,3.387061332854304,4.173063331053582,2.0188269770991276
