# E, dE_l, dE_r, CS, dCS
31.29030625563129,0.6559586151818486,0.6630616193687118,0.0,0.0
29.08242619683099,0.6871919227193146,0.7004754373153546,0.0,0.0
26.74473020115101,0.7284995474653329,0.7409935588489915,0.506428717834634,0.0550028286960662
24.281873556624827,0.7721448339970891,0.7858471722381495,0.612375325934757,0.04972731644341088
22.185486210931053,0.8285156771232209,0.8448823438134738,1.2088547275161452,0.23300501772640575
19.918353165898118,0.8984450408981175,0.9205725183124116,1.3525799669372063,0.24927560835554316
17.421106970827882,0.9706587705572431,1.0040361684126253,1.3547995514527031,0.2260157253496012
14.633865763840744,1.0880077871870455,1.1385511592361812,1.8300917110805275,0.2681055215198508
11.407884330749265,1.2461000450349786,1.3526178914729563,2.2297332723806704,0.2897251589923395
7.398381488115191,1.5500398049468735,1.8370215279074307,2.612548129868497,0.1913811256759089
