-5.9005e+07,NaN,NaN
-5.9005e+07,NaN,NaN
-5.9005e+07,NaN,NaN
-5.9005e+07,NaN,NaN
0.48333,5602.1,688.56
0.48333,5116.2,648.02
0.48333,5042.2,352.99
-5.9005e+07,NaN,NaN
-5.9005e+07,NaN,NaN
0.48333,5150.7,500.59
-5.9005e+07,NaN,NaN
-5.9005e+07,NaN,NaN
-5.9005e+07,NaN,NaN
0.48333,24909,3390
-5.9005e+07,NaN,NaN
-5.9005e+07,NaN,NaN
-5.9005e+07,NaN,NaN
-5.9005e+07,NaN,NaN
-5.9005e+07,NaN,NaN
5.8,4031.5,1825.7
5.8,43943,21960
5.8,5582.7,345.2
5.8,4792.5,311.14
5.8,5067.2,236.83
-5.9005e+07,NaN,NaN
-5.9005e+07,NaN,NaN
5.8,4735.6,252.09
5.8,5383.4,1465
-5.9005e+07,NaN,NaN
-5.9005e+07,NaN,NaN
5.8,36877,1871.1
5.8,4398,843.11
-5.9005e+07,NaN,NaN
-5.9005e+07,NaN,NaN
-5.9005e+07,NaN,NaN
-5.9005e+07,NaN,NaN
10.5,3914.8,799.26
10.5,32257,8047.8
10.5,5586.8,252.8
10.5,5101.8,235.74
10.5,5122,213.93
10.5,6700.4,2701
-5.9005e+07,NaN,NaN
10.5,4865.2,209.64
10.5,5643.4,673.26
-5.9005e+07,NaN,NaN
-5.9005e+07,NaN,NaN
10.5,36697,1583.4
10.5,4654.8,466.72
-5.9005e+07,NaN,NaN
-5.9005e+07,NaN,NaN
-5.9005e+07,NaN,NaN
-5.9005e+07,NaN,NaN
13.25,4292,788.2
13.25,23719,7442.3
13.25,5611.9,253.94
13.25,5069,229.34
13.25,5105.3,211.83
-5.9005e+07,NaN,NaN
-5.9005e+07,NaN,NaN
13.25,4842.8,206.93
13.25,5872.1,613.2
-5.9005e+07,NaN,NaN
-5.9005e+07,NaN,NaN
13.25,36902,1566.3
13.25,4782.4,453.62
-5.9005e+07,NaN,NaN
-5.9005e+07,NaN,NaN
-5.9005e+07,NaN,NaN
-5.9005e+07,NaN,NaN
15.983,4650.3,790.68
15.983,15208,7660.5
15.983,5663.5,256.27
15.983,5057.8,228.84
15.983,5099.2,212.98
-5.9005e+07,NaN,NaN
-5.9005e+07,NaN,NaN
15.983,4811,205.57
15.983,5210.9,651.11
-5.9005e+07,NaN,NaN
15.983,14489,770.81
15.983,36703,1570.4
15.983,5009,466.16
-5.9005e+07,NaN,NaN
-5.9005e+07,NaN,NaN
-5.9005e+07,NaN,NaN
-5.9005e+07,NaN,NaN
18.7,4449.9,717.79
18.7,21931,7533.8
18.7,5625.5,257.21
18.7,4990.9,228.17
18.7,5052.3,209.62
-5.9005e+07,NaN,NaN
18.7,6206.1,2767.3
18.7,4810.5,205.55
18.7,5375.3,636.24
-5.9005e+07,NaN,NaN
-5.9005e+07,NaN,NaN
18.7,36432,1558.8
18.7,4543.2,430.94
-5.9005e+07,NaN,NaN
-5.9005e+07,NaN,NaN
-5.9005e+07,NaN,NaN
-5.9005e+07,NaN,NaN
21.417,4841.4,701.66
21.417,19343,7029
21.417,5733.7,256.83
21.417,5091.4,228.04
21.417,5012.3,206.69
-5.9005e+07,NaN,NaN
-5.9005e+07,NaN,NaN
-5.9005e+07,NaN,NaN
-5.9005e+07,NaN,NaN
-5.9005e+07,NaN,NaN
-5.9005e+07,NaN,NaN
-5.9005e+07,NaN,NaN
-5.9005e+07,NaN,NaN
-5.9005e+07,NaN,NaN
-5.9005e+07,NaN,NaN
-5.9005e+07,NaN,NaN
-5.9005e+07,NaN,NaN
24.1,4486.2,714.98
24.1,14029,7038.9
24.1,5627.3,254.63
24.1,5021.7,224.92
24.1,5044.1,209.29
24.1,6703.7,2435.7
24.1,5599,2685.8
24.1,4852.3,209.09
24.1,5653,543.92
-5.9005e+07,NaN,NaN
24.1,13053,711.85
24.1,35553,1521.2
24.1,4753.1,425.48
-5.9005e+07,NaN,NaN
-5.9005e+07,NaN,NaN
-5.9005e+07,NaN,NaN
-5.9005e+07,NaN,NaN
26.783,4580.9,699.13
26.783,15073,6616.4
26.783,5598.8,255.99
26.783,4945.4,221.5
26.783,5006.9,206.47
-5.9005e+07,NaN,NaN
26.783,4947.9,2535.9
26.783,4796.2,204.94
26.783,4891.9,519.85
-5.9005e+07,NaN,NaN
26.783,11874,689.2
26.783,35508,1532.1
26.783,4716.7,413.92
-5.9005e+07,NaN,NaN
-5.9005e+07,NaN,NaN
-5.9005e+07,NaN,NaN
-5.9005e+07,NaN,NaN
29.467,4479.9,692.35
29.467,16163,6515.9
29.467,5624.2,259.9
29.467,5066.7,226.93
29.467,4988.9,205.73
-5.9005e+07,NaN,NaN
29.467,5350.2,2593.1
29.467,4828.5,204.67
29.467,5270.7,609.05
-5.9005e+07,NaN,NaN
29.467,11988,653.81
29.467,35582,1522.4
29.467,4538.6,459.19
-5.9005e+07,NaN,NaN
-5.9005e+07,NaN,NaN
-5.9005e+07,NaN,NaN
-5.9005e+07,NaN,NaN
61.833,4682.4,1659.4
-5.9005e+07,NaN,NaN
61.833,6256.5,358.79
61.833,4728.2,310.45
61.833,4848.3,223.79
-5.9005e+07,NaN,NaN
-5.9005e+07,NaN,NaN
61.833,4437.6,254.26
61.833,5219.2,1394.5
-5.9005e+07,NaN,NaN
61.833,7664.2,1049.9
61.833,32672,1738.6
61.833,4336.4,1014
-5.9005e+07,NaN,NaN
-5.9005e+07,NaN,NaN
-5.9005e+07,NaN,NaN
-5.9005e+07,NaN,NaN
83.133,4406.8,664.08
83.133,14712,6648.8
83.133,6032.4,281.82
83.133,5037.1,227.91
83.133,4865.4,201.88
83.133,5029.6,2573.4
83.133,5761.3,2523.2
83.133,4815,207.49
83.133,4924.8,624.67
-5.9005e+07,NaN,NaN
83.133,7004.6,488.03
83.133,31768,1382.9
83.133,4746.7,471.62
-5.9005e+07,NaN,NaN
-5.9005e+07,NaN,NaN
88.5,20151,3077.3
88.5,4054.4,1284.4
88.5,3928,335.8
88.5,12613,1016
88.5,5845.9,237.84
88.5,4966.9,199.59
88.5,4907.8,196.57
88.5,4576.1,395.48
88.5,5179.4,452.22
88.5,4732.7,189.87
88.5,5413.8,236.82
88.5,4304.3,471.3
88.5,6178,255.09
88.5,30435,1233
88.5,5126.7,230.86
88.5,5063.7,549.56
-5.9005e+07,NaN,NaN
-5.9005e+07,NaN,NaN
-5.9005e+07,NaN,NaN
201.3,4786.2,380.12
201.3,9784,3429
201.3,4949.2,204.43
201.3,4567,189.78
201.3,4595.1,185.24
201.3,4046.6,1181.3
201.3,5142.1,1211.2
201.3,4416.2,180.17
201.3,4831.8,316.46
-5.9005e+07,NaN,NaN
201.3,4870.8,279.21
201.3,23861,1005.1
201.3,4592.1,293.17
-5.9005e+07,NaN,NaN
-5.9005e+07,NaN,NaN
-5.9005e+07,NaN,NaN
-5.9005e+07,NaN,NaN
67.283,4725.4,1062.2
-5.9005e+07,NaN,NaN
67.283,5722.9,297.38
67.283,4624.8,265.34
67.283,4863.1,211.65
-5.9005e+07,NaN,NaN
-5.9005e+07,NaN,NaN
67.283,4834.3,241.97
67.283,5083.6,988.27
-5.9005e+07,NaN,NaN
67.283,7037.6,680.64
67.283,32503,1648.2
67.283,4664.2,735.71
-5.9005e+07,NaN,NaN
-5.9005e+07,NaN,NaN
688.22,4728.2,2724.8
688.22,3277.4,698.66
688.22,3865,187.74
688.22,5091.7,866.38
688.22,3938.1,159.05
688.22,3855.6,155.7
688.22,3852.4,154.54
688.22,3835.5,393.56
688.22,3549.7,426.9
688.22,3754.3,150.94
688.22,3970.8,202.02
688.22,3276.4,744.34
688.22,3721.2,168.32
688.22,5831.1,243.89
688.22,3597,167.63
688.22,3807.5,1110.8
-5.9005e+07,NaN,NaN
329.65,8345.9,1381.3
329.65,4251.9,399.31
329.65,4522.6,194.65
329.65,8721.2,615.23
329.65,4275.4,172.2
329.65,4341,175.3
329.65,4352.6,174.98
329.65,4477.9,273.03
329.65,4145.5,355.25
329.65,4269.1,172.7
329.65,4591,196.53
329.65,3904.8,335.83
-5.9005e+07,NaN,NaN
329.65,4301.6,182.57
329.65,4586,198.41
329.65,4754.6,346.49
329.65,4061,877.32
