-5.9005e+07,NaN,NaN
-5.9005e+07,NaN,NaN
-5.9005e+07,NaN,NaN
0.68333,6.9168e+05,56765
0.68333,6.64e+05,26645
-5.9005e+07,NaN,NaN
-5.9005e+07,NaN,NaN
-5.9005e+07,NaN,NaN
-5.9005e+07,NaN,NaN
0.68333,14117,1138.9
-5.9005e+07,NaN,NaN
-5.9005e+07,NaN,NaN
0.68333,12608,6600.6
-5.9005e+07,NaN,NaN
0.68333,13133,613.26
-5.9005e+07,NaN,NaN
0.68333,12175,3660.8
0.68333,11070,1380
-5.9005e+07,NaN,NaN
0.68333,15225,4005.5
0.68333,12538,1562.9
-5.9005e+07,NaN,NaN
-5.9005e+07,NaN,NaN
0.68333,12208,830.85
-5.9005e+07,NaN,NaN
-5.9005e+07,NaN,NaN
-5.9005e+07,NaN,NaN
2.2167,4.8231e+05,45117
2.2167,4.5006e+05,18060
-5.9005e+07,NaN,NaN
-5.9005e+07,NaN,NaN
2.2167,11687,6013.7
-5.9005e+07,NaN,NaN
2.2167,13258,1012.7
-5.9005e+07,NaN,NaN
-5.9005e+07,NaN,NaN
2.2167,12349,5296.1
-5.9005e+07,NaN,NaN
2.2167,12748,582.59
-5.9005e+07,NaN,NaN
2.2167,11849,3070.4
2.2167,13073,1193.9
-5.9005e+07,NaN,NaN
-5.9005e+07,NaN,NaN
2.2167,12765,1495
-5.9005e+07,NaN,NaN
-5.9005e+07,NaN,NaN
2.2167,12595,797.38
-5.9005e+07,NaN,NaN
-5.9005e+07,NaN,NaN
-5.9005e+07,NaN,NaN
3.6667,3.0942e+05,36051
3.6667,3.1096e+05,12478
-5.9005e+07,NaN,NaN
-5.9005e+07,NaN,NaN
3.6667,9427.5,4475.3
-5.9005e+07,NaN,NaN
3.6667,12730,940.1
-5.9005e+07,NaN,NaN
-5.9005e+07,NaN,NaN
3.6667,12272,4774.9
-5.9005e+07,NaN,NaN
3.6667,12394,566.39
-5.9005e+07,NaN,NaN
3.6667,11162,2463.1
3.6667,12397,1054.9
-5.9005e+07,NaN,NaN
3.6667,13871,2856.9
3.6667,11488,1302.4
-5.9005e+07,NaN,NaN
-5.9005e+07,NaN,NaN
3.6667,12024,789.47
-5.9005e+07,NaN,NaN
-5.9005e+07,NaN,NaN
-5.9005e+07,NaN,NaN
5.0667,2.0413e+05,30965
5.0667,2.1761e+05,8775.3
-5.9005e+07,NaN,NaN
-5.9005e+07,NaN,NaN
5.0667,12131,4683.8
-5.9005e+07,NaN,NaN
5.0667,12788,901.84
-5.9005e+07,NaN,NaN
-5.9005e+07,NaN,NaN
5.0667,11600,4663.3
-5.9005e+07,NaN,NaN
5.0667,12565,568.26
-5.9005e+07,NaN,NaN
5.0667,11474,2194.5
5.0667,11912,910.45
-5.9005e+07,NaN,NaN
5.0667,12579,2862.8
5.0667,11842,1199.8
-5.9005e+07,NaN,NaN
-5.9005e+07,NaN,NaN
5.0667,12135,777.65
-5.9005e+07,NaN,NaN
-5.9005e+07,NaN,NaN
-5.9005e+07,NaN,NaN
6.45,1.4807e+05,27774
6.45,1.5366e+05,6179.6
-5.9005e+07,NaN,NaN
-5.9005e+07,NaN,NaN
6.45,12063,3974.2
-5.9005e+07,NaN,NaN
6.45,12476,829.29
-5.9005e+07,NaN,NaN
-5.9005e+07,NaN,NaN
6.45,14876,4090.1
-5.9005e+07,NaN,NaN
6.45,12270,543.96
-5.9005e+07,NaN,NaN
6.45,13454,2011.2
6.45,11917,870.64
-5.9005e+07,NaN,NaN
6.45,11453,2370
6.45,11312,1177.3
-5.9005e+07,NaN,NaN
-5.9005e+07,NaN,NaN
6.45,12237,765.28
-5.9005e+07,NaN,NaN
-5.9005e+07,NaN,NaN
-5.9005e+07,NaN,NaN
7.8167,98684,24614
7.8167,1.1033e+05,4449.4
-5.9005e+07,NaN,NaN
-5.9005e+07,NaN,NaN
7.8167,10727,3512.9
-5.9005e+07,NaN,NaN
7.8167,12239,833.15
-5.9005e+07,NaN,NaN
-5.9005e+07,NaN,NaN
7.8167,11937,3861.6
-5.9005e+07,NaN,NaN
7.8167,12101,536.47
-5.9005e+07,NaN,NaN
7.8167,11069,1847.3
7.8167,12224,832.8
-5.9005e+07,NaN,NaN
7.8167,12257,2392.4
7.8167,12563,1069
-5.9005e+07,NaN,NaN
-5.9005e+07,NaN,NaN
7.8167,12120,767.3
-5.9005e+07,NaN,NaN
-5.9005e+07,NaN,NaN
-5.9005e+07,NaN,NaN
9.1667,61949,25958
9.1667,82739,3348.9
-5.9005e+07,NaN,NaN
-5.9005e+07,NaN,NaN
9.1667,11264,4002.1
-5.9005e+07,NaN,NaN
9.1667,11983,884.98
-5.9005e+07,NaN,NaN
-5.9005e+07,NaN,NaN
9.1667,11988,4187.6
-5.9005e+07,NaN,NaN
9.1667,12241,553.75
-5.9005e+07,NaN,NaN
9.1667,12732,1878.8
9.1667,12271,906.85
-5.9005e+07,NaN,NaN
9.1667,13197,2575.9
9.1667,11443,1201.6
-5.9005e+07,NaN,NaN
-5.9005e+07,NaN,NaN
9.1667,11257,793.76
-5.9005e+07,NaN,NaN
-5.9005e+07,NaN,NaN
-5.9005e+07,NaN,NaN
-5.9005e+07,NaN,NaN
59.283,11005,492.36
-5.9005e+07,NaN,NaN
-5.9005e+07,NaN,NaN
59.283,11675,4345.1
-5.9005e+07,NaN,NaN
59.283,10864,962.61
-5.9005e+07,NaN,NaN
-5.9005e+07,NaN,NaN
59.283,12437,3949.3
-5.9005e+07,NaN,NaN
59.283,11605,587.83
-5.9005e+07,NaN,NaN
59.283,10128,1680.4
59.283,11662,1013
-5.9005e+07,NaN,NaN
59.283,12578,2800.7
59.283,12295,1532.8
-5.9005e+07,NaN,NaN
-5.9005e+07,NaN,NaN
59.283,12255,1129.6
-5.9005e+07,NaN,NaN
-5.9005e+07,NaN,NaN
-5.9005e+07,NaN,NaN
-5.9005e+07,NaN,NaN
11.933,48567,2125.2
-5.9005e+07,NaN,NaN
-5.9005e+07,NaN,NaN
-5.9005e+07,NaN,NaN
-5.9005e+07,NaN,NaN
11.933,10762,1102.3
-5.9005e+07,NaN,NaN
-5.9005e+07,NaN,NaN
11.933,10834,5210.2
-5.9005e+07,NaN,NaN
11.933,11494,601.33
-5.9005e+07,NaN,NaN
11.933,12130,2600
11.933,10962,1083.5
-5.9005e+07,NaN,NaN
11.933,10853,2849.3
11.933,11598,1533.1
-5.9005e+07,NaN,NaN
-5.9005e+07,NaN,NaN
11.933,11971,1055.1
-5.9005e+07,NaN,NaN
-5.9005e+07,NaN,NaN
-5.9005e+07,NaN,NaN
-5.9005e+07,NaN,NaN
81.983,10926,466.95
-5.9005e+07,NaN,NaN
-5.9005e+07,NaN,NaN
81.983,12270,3677.4
-5.9005e+07,NaN,NaN
81.983,11080,754.32
-5.9005e+07,NaN,NaN
-5.9005e+07,NaN,NaN
81.983,12040,2692.6
-5.9005e+07,NaN,NaN
81.983,11580,523.78
-5.9005e+07,NaN,NaN
81.983,11778,1334.9
81.983,12175,849.26
-5.9005e+07,NaN,NaN
81.983,10613,1999
81.983,13191,1228.5
-5.9005e+07,NaN,NaN
-5.9005e+07,NaN,NaN
81.983,12379,945.38
-5.9005e+07,NaN,NaN
-5.9005e+07,NaN,NaN
-5.9005e+07,NaN,NaN
-5.9005e+07,NaN,NaN
46.9,11224,514.44
-5.9005e+07,NaN,NaN
-5.9005e+07,NaN,NaN
46.9,15113,5219.5
-5.9005e+07,NaN,NaN
46.9,11076,992.19
-5.9005e+07,NaN,NaN
-5.9005e+07,NaN,NaN
46.9,10489,3653.7
-5.9005e+07,NaN,NaN
46.9,11193,575.58
-5.9005e+07,NaN,NaN
46.9,11420,1740.7
46.9,11009,986.64
-5.9005e+07,NaN,NaN
46.9,10595,2861.1
46.9,10482,1517.3
-5.9005e+07,NaN,NaN
-5.9005e+07,NaN,NaN
-5.9005e+07,NaN,NaN
-5.9005e+07,NaN,NaN
153.07,10248,5307.3
153.07,10870,1779.9
153.07,11661,1239.4
153.07,10723,430.11
-5.9005e+07,NaN,NaN
153.07,9765,5069.8
153.07,10637,540.16
153.07,8186.3,4409.9
153.07,10918,446.45
153.07,12096,2884.6
153.07,11048,3761.3
153.07,11256,499.33
-5.9005e+07,NaN,NaN
153.07,10973,442.77
-5.9005e+07,NaN,NaN
153.07,11160,477.76
153.07,11353,467.55
153.07,11570,798.93
153.07,11449,509.04
153.07,11459,480.58
153.07,12460,1302.2
153.07,15513,4755
153.07,11411,477.29
-5.9005e+07,NaN,NaN
-5.9005e+07,NaN,NaN
320.58,11020,4104.7
320.58,10984,2717.9
320.58,9954.5,400.16
-5.9005e+07,NaN,NaN
-5.9005e+07,NaN,NaN
320.58,9783.1,772.92
-5.9005e+07,NaN,NaN
320.58,10282,433.43
-5.9005e+07,NaN,NaN
-5.9005e+07,NaN,NaN
320.58,10921,761.06
-5.9005e+07,NaN,NaN
320.58,10570,427.98
-5.9005e+07,NaN,NaN
320.58,10148,502.17
320.58,10902,463.97
320.58,11625,1460.9
320.58,11197,659.08
320.58,11122,499.26
320.58,11964,2525.4
-5.9005e+07,NaN,NaN
320.58,11376,482.86
-5.9005e+07,NaN,NaN
-5.9005e+07,NaN,NaN
-5.9005e+07,NaN,NaN
-5.9005e+07,NaN,NaN
66.033,10991,469.76
-5.9005e+07,NaN,NaN
-5.9005e+07,NaN,NaN
66.033,10785,3542.7
-5.9005e+07,NaN,NaN
66.033,10960,711.22
-5.9005e+07,NaN,NaN
-5.9005e+07,NaN,NaN
66.033,12188,2474.2
-5.9005e+07,NaN,NaN
66.033,11248,514.12
-5.9005e+07,NaN,NaN
66.033,10197,1174.9
66.033,11130,767.3
-5.9005e+07,NaN,NaN
66.033,10415,1778.8
66.033,10625,1028
-5.9005e+07,NaN,NaN
-5.9005e+07,NaN,NaN
66.033,11284,804.94
-5.9005e+07,NaN,NaN
-5.9005e+07,NaN,NaN
454.1,10236,4219.9
454.1,9378.7,2617.1
454.1,9514.5,382.48
-5.9005e+07,NaN,NaN
-5.9005e+07,NaN,NaN
454.1,9959.2,821.36
-5.9005e+07,NaN,NaN
454.1,9894.9,420.28
-5.9005e+07,NaN,NaN
-5.9005e+07,NaN,NaN
454.1,10648,699.12
-5.9005e+07,NaN,NaN
454.1,10082,408.18
-5.9005e+07,NaN,NaN
454.1,10020,501.77
454.1,10435,444.08
454.1,10097,1471.2
454.1,10478,624.48
454.1,10597,485.51
454.1,11150,2594.5
-5.9005e+07,NaN,NaN
454.1,10947,468.37
-5.9005e+07,NaN,NaN
593.4,12844,7137.4
593.4,10751,2125.8
593.4,11711,1641.6
593.4,9048.8,362.41
-5.9005e+07,NaN,NaN
-5.9005e+07,NaN,NaN
593.4,9273.2,513.12
-5.9005e+07,NaN,NaN
593.4,9273.2,379.19
593.4,9536.8,3697.8
593.4,8911.6,4850
593.4,10079,492.84
593.4,18370,8633.2
593.4,9586.9,384.94
-5.9005e+07,NaN,NaN
593.4,9431.4,407.18
593.4,10040,409.57
593.4,10038,811.3
593.4,10016,458.97
593.4,10230,426.22
593.4,10374,1346
-5.9005e+07,NaN,NaN
593.4,10482,428.3
-5.9005e+07,NaN,NaN
-5.9005e+07,NaN,NaN
-5.9005e+07,NaN,NaN
39.117,12248,4937.5
39.117,11375,462.92
-5.9005e+07,NaN,NaN
39.117,42954,20808
39.117,11779,1446.5
-5.9005e+07,NaN,NaN
39.117,11324,503.42
-5.9005e+07,NaN,NaN
-5.9005e+07,NaN,NaN
39.117,11402,1051.4
-5.9005e+07,NaN,NaN
39.117,11312,462.88
39.117,30863,11061
39.117,12215,659.03
39.117,11615,517.28
39.117,13882,2049.8
39.117,11547,796.55
39.117,11310,574.81
-5.9005e+07,NaN,NaN
39.117,36901,13571
39.117,11987,527.55
