# d +  58Fe: Production of  58Co - Total
# Q-value    =-5.31488E+00 mass=  57.935751
# E-threshold= 5.49961E+00
# # energies =    40
#     E          xs
 1.00000E+00 0.00000E+00
 2.00000E+00 0.00000E+00
 3.00000E+00 0.00000E+00
 4.00000E+00 0.00000E+00
 5.00000E+00 0.00000E+00
 6.00000E+00 4.16192E+01
 7.00000E+00 2.00544E+02
 8.00000E+00 4.10852E+02
 9.00000E+00 5.42423E+02
 1.00000E+01 6.61967E+02
 1.10000E+01 7.28792E+02
 1.20000E+01 7.69297E+02
 1.30000E+01 7.90043E+02
 1.40000E+01 8.09319E+02
 1.50000E+01 8.09968E+02
 1.60000E+01 7.81034E+02
 1.70000E+01 7.04993E+02
 1.80000E+01 6.21897E+02
 1.90000E+01 5.38778E+02
 2.00000E+01 4.56669E+02
 2.10000E+01 3.91678E+02
 2.20000E+01 3.43593E+02
 2.30000E+01 3.05854E+02
 2.40000E+01 2.68978E+02
 2.50000E+01 2.50134E+02
 2.60000E+01 2.24007E+02
 2.70000E+01 2.12574E+02
 2.80000E+01 1.92808E+02
 2.90000E+01 1.82367E+02
 3.00000E+01 1.71694E+02
 3.10000E+01 1.57526E+02
 3.20000E+01 1.49893E+02
 3.30000E+01 1.41828E+02
 3.40000E+01 1.27186E+02
 3.50000E+01 1.20618E+02
 3.60000E+01 1.14570E+02
 3.70000E+01 1.05922E+02
 3.80000E+01 9.50970E+01
 3.90000E+01 8.90193E+01
 4.00000E+01 8.41901E+01
