# d +  57Fe: Production of  56Mn - Total
# Q-value    =-5.06579E+00 mass=  55.938902
# E-threshold= 5.24494E+00
# # energies =    40
#     E          xs
 1.00000E+00 0.00000E+00
 2.00000E+00 0.00000E+00
 3.00000E+00 0.00000E+00
 4.00000E+00 0.00000E+00
 5.00000E+00 0.00000E+00
 6.00000E+00 0.00000E+00
 7.00000E+00 0.00000E+00
 8.00000E+00 0.00000E+00
 9.00000E+00 0.00000E+00
 1.00000E+01 0.00000E+00
 1.10000E+01 0.00000E+00
 1.20000E+01 1.12012E-03
 1.30000E+01 8.54532E-03
 1.40000E+01 4.22432E-02
 1.50000E+01 1.35002E-01
 1.60000E+01 3.04778E-01
 1.70000E+01 5.45502E-01
 1.80000E+01 8.58490E-01
 1.90000E+01 1.23115E+00
 2.00000E+01 1.74032E+00
 2.10000E+01 2.48075E+00
 2.20000E+01 3.56449E+00
 2.30000E+01 5.21342E+00
 2.40000E+01 7.12900E+00
 2.50000E+01 9.15319E+00
 2.60000E+01 1.17721E+01
 2.70000E+01 1.47193E+01
 2.80000E+01 1.75130E+01
 2.90000E+01 2.02437E+01
 3.00000E+01 2.23813E+01
 3.10000E+01 2.40859E+01
 3.20000E+01 2.58234E+01
 3.30000E+01 2.72414E+01
 3.40000E+01 2.74679E+01
 3.50000E+01 2.75998E+01
 3.60000E+01 2.88247E+01
 3.70000E+01 2.97312E+01
 3.80000E+01 3.07323E+01
 3.90000E+01 3.06865E+01
 4.00000E+01 3.07971E+01
