# d +  54Fe: Production of  52Fe - Total
# Q-value    =-1.78095E+01 mass=  51.948115
# E-threshold= 1.84744E+01
# # energies =    40
#     E          xs
 1.00000E+00 0.00000E+00
 2.00000E+00 0.00000E+00
 3.00000E+00 0.00000E+00
 4.00000E+00 0.00000E+00
 5.00000E+00 0.00000E+00
 6.00000E+00 0.00000E+00
 7.00000E+00 0.00000E+00
 8.00000E+00 0.00000E+00
 9.00000E+00 0.00000E+00
 1.00000E+01 0.00000E+00
 1.10000E+01 0.00000E+00
 1.20000E+01 0.00000E+00
 1.30000E+01 0.00000E+00
 1.40000E+01 0.00000E+00
 1.50000E+01 0.00000E+00
 1.60000E+01 0.00000E+00
 1.70000E+01 0.00000E+00
 1.80000E+01 0.00000E+00
 1.90000E+01 0.00000E+00
 2.00000E+01 0.00000E+00
 2.10000E+01 0.00000E+00
 2.20000E+01 0.00000E+00
 2.30000E+01 6.48892E-03
 2.40000E+01 2.36424E-02
 2.50000E+01 5.43959E-02
 2.60000E+01 9.63941E-02
 2.70000E+01 1.45529E-01
 2.80000E+01 1.97658E-01
 2.90000E+01 2.48276E-01
 3.00000E+01 3.06404E-01
 3.10000E+01 3.69610E-01
 3.20000E+01 4.72351E-01
 3.30000E+01 6.19634E-01
 3.40000E+01 8.67255E-01
 3.50000E+01 1.19692E+00
 3.60000E+01 1.61352E+00
 3.70000E+01 2.11937E+00
 3.80000E+01 2.62060E+00
 3.90000E+01 3.14450E+00
 4.00000E+01 3.64899E+00
