# d +  54Fe: Production of  56Co - Total
# Q-value    = 1.29216E+01 mass=  55.939838
# E-threshold= 0.00000E+00
# # energies =    40
#     E          xs
 1.00000E+00 1.00000E-07
 2.00000E+00 1.00000E-07
 3.00000E+00 5.03949E-03
 4.00000E+00 3.40053E-02
 5.00000E+00 7.96416E-02
 6.00000E+00 7.85814E-02
 7.00000E+00 9.15158E-02
 8.00000E+00 9.06644E-02
 9.00000E+00 8.18326E-02
 1.00000E+01 6.80097E-02
 1.10000E+01 5.21293E-02
 1.20000E+01 3.68028E-02
 1.30000E+01 2.40428E-02
 1.40000E+01 1.46894E-02
 1.50000E+01 8.68044E-03
 1.60000E+01 5.05758E-03
 1.70000E+01 3.00045E-03
 1.80000E+01 1.84627E-03
 1.90000E+01 1.19855E-03
 2.00000E+01 8.32277E-04
 2.10000E+01 6.09629E-04
 2.20000E+01 4.71701E-04
 2.30000E+01 3.78105E-04
 2.40000E+01 3.14050E-04
 2.50000E+01 2.65233E-04
 2.60000E+01 2.29086E-04
 2.70000E+01 1.99332E-04
 2.80000E+01 1.75009E-04
 2.90000E+01 1.52692E-04
 3.00000E+01 1.08341E-04
 3.10000E+01 9.91043E-05
 3.20000E+01 9.07914E-05
 3.30000E+01 8.39383E-05
 3.40000E+01 7.75066E-05
 3.50000E+01 8.61706E-05
 3.60000E+01 5.70451E-05
 3.70000E+01 7.72773E-05
 3.80000E+01 5.74103E-05
 3.90000E+01 6.69782E-05
 4.00000E+01 1.29210E-05
