# d +  54Fe Total triton   production
# Q-value    =-7.12104E+00
# 
# # energies =    40
#    E         xs         Yield
 1.00000E+00 0.00000E+00 0.00000E+00
 2.00000E+00 0.00000E+00 0.00000E+00
 3.00000E+00 0.00000E+00 0.00000E+00
 4.00000E+00 0.00000E+00 0.00000E+00
 5.00000E+00 0.00000E+00 0.00000E+00
 6.00000E+00 0.00000E+00 0.00000E+00
 7.00000E+00 0.00000E+00 0.00000E+00
 8.00000E+00 1.83317E-19 2.19355E-22
 9.00000E+00 5.53253E-07 5.91774E-10
 1.00000E+01 2.96203E-04 2.92341E-07
 1.10000E+01 5.35077E-03 4.98053E-06
 1.20000E+01 2.14897E-02 1.91399E-05
 1.30000E+01 5.42359E-02 4.66898E-05
 1.40000E+01 1.75559E-01 1.47121E-04
 1.50000E+01 4.47844E-01 3.67156E-04
 1.60000E+01 9.17543E-01 7.38693E-04
 1.70000E+01 1.64879E+00 1.30769E-03
 1.80000E+01 2.30542E+00 1.80619E-03
 1.90000E+01 3.00237E+00 2.32858E-03
 2.00000E+01 3.30693E+00 2.54324E-03
 2.10000E+01 3.99547E+00 3.05094E-03
 2.20000E+01 4.67720E+00 3.54984E-03
 2.30000E+01 5.36068E+00 4.04766E-03
 2.40000E+01 6.03061E+00 4.53378E-03
 2.50000E+01 6.69469E+00 5.01494E-03
 2.60000E+01 7.55008E+00 5.63881E-03
 2.70000E+01 8.18864E+00 6.10054E-03
 2.80000E+01 8.81031E+00 6.55032E-03
 2.90000E+01 9.41877E+00 6.99132E-03
 3.00000E+01 1.02267E+01 7.58172E-03
 3.10000E+01 1.07187E+01 7.93983E-03
 3.20000E+01 1.11158E+01 8.22990E-03
 3.30000E+01 1.16525E+01 8.62539E-03
 3.40000E+01 1.21753E+01 9.01261E-03
 3.50000E+01 1.26815E+01 9.38924E-03
 3.60000E+01 1.31812E+01 9.76263E-03
 3.70000E+01 1.38519E+01 1.02650E-02
 3.80000E+01 1.42580E+01 1.05734E-02
 3.90000E+01 1.46577E+01 1.08791E-02
 4.00000E+01 1.50459E+01 1.11786E-02
