# d +  64Ni Elastic cross sections
# 
# 
# # energies =    50
#    E      Cross section
 1.00000E+00 0.00000E+00
 2.00000E+00 1.16312E-07
 3.00000E+00 2.54206E-04
 4.00000E+00 7.41515E-03
 5.00000E+00 1.12436E-02
 6.00000E+00 1.54867E-02
 7.00000E+00 1.08243E-02
 8.00000E+00 6.12326E-03
 9.00000E+00 3.20583E-03
 1.00000E+01 1.63517E-03
 1.10000E+01 8.35468E-04
 1.20000E+01 4.30915E-04
 1.30000E+01 2.24340E-04
 1.40000E+01 1.17936E-04
 1.50000E+01 6.25562E-05
 1.60000E+01 3.34745E-05
 1.70000E+01 1.80582E-05
 1.80000E+01 9.86812E-06
 1.90000E+01 3.20266E-06
 2.00000E+01 1.81923E-06
 2.10000E+01 1.06278E-06
 2.20000E+01 6.42334E-07
 2.30000E+01 4.07384E-07
 2.40000E+01 2.75445E-07
 2.50000E+01 2.00839E-07
 2.60000E+01 1.58317E-07
 2.70000E+01 1.33937E-07
 2.80000E+01 1.19833E-07
 2.90000E+01 1.11651E-07
 3.00000E+01 1.06884E-07
 3.10000E+01 1.04082E-07
 3.20000E+01 1.02434E-07
 3.30000E+01 1.01448E-07
 3.40000E+01 1.00869E-07
 3.50000E+01 1.00523E-07
 3.60000E+01 1.00316E-07
 3.70000E+01 1.00191E-07
 3.80000E+01 1.00116E-07
 3.90000E+01 1.00071E-07
 4.00000E+01 1.00043E-07
 4.10000E+01 1.00026E-07
 4.20000E+01 1.00016E-07
 4.30000E+01 1.00010E-07
 4.40000E+01 1.00006E-07
 4.50000E+01 1.00004E-07
 4.60000E+01 1.00002E-07
 4.70000E+01 1.00001E-07
 4.80000E+01 1.00001E-07
 4.90000E+01 1.00001E-07
 5.00000E+01 1.00000E-07
