# d +  58Ni: Production of  52Fe - Level 10     6.95800 MeV
# Q-value    =-3.11667E+01 mass=  51.948115
# E-threshold= 3.22499E+01
# # energies =    50
#     E          xs      Branching
 1.00000E+00 0.00000E+00 0.00000E+00
 2.00000E+00 0.00000E+00 0.00000E+00
 3.00000E+00 0.00000E+00 0.00000E+00
 4.00000E+00 0.00000E+00 0.00000E+00
 5.00000E+00 0.00000E+00 0.00000E+00
 6.00000E+00 0.00000E+00 0.00000E+00
 7.00000E+00 0.00000E+00 0.00000E+00
 8.00000E+00 0.00000E+00 0.00000E+00
 9.00000E+00 0.00000E+00 0.00000E+00
 1.00000E+01 0.00000E+00 0.00000E+00
 1.10000E+01 0.00000E+00 0.00000E+00
 1.20000E+01 0.00000E+00 0.00000E+00
 1.30000E+01 0.00000E+00 0.00000E+00
 1.40000E+01 0.00000E+00 0.00000E+00
 1.50000E+01 0.00000E+00 0.00000E+00
 1.60000E+01 0.00000E+00 0.00000E+00
 1.70000E+01 0.00000E+00 0.00000E+00
 1.80000E+01 0.00000E+00 0.00000E+00
 1.90000E+01 0.00000E+00 0.00000E+00
 2.00000E+01 0.00000E+00 0.00000E+00
 2.10000E+01 0.00000E+00 0.00000E+00
 2.20000E+01 0.00000E+00 0.00000E+00
 2.30000E+01 0.00000E+00 0.00000E+00
 2.40000E+01 0.00000E+00 0.00000E+00
 2.50000E+01 0.00000E+00 0.00000E+00
 2.60000E+01 0.00000E+00 0.00000E+00
 2.70000E+01 0.00000E+00 0.00000E+00
 2.80000E+01 0.00000E+00 0.00000E+00
 2.90000E+01 0.00000E+00 0.00000E+00
 3.00000E+01 0.00000E+00 0.00000E+00
 3.10000E+01 0.00000E+00 0.00000E+00
 3.20000E+01 0.00000E+00 0.00000E+00
 3.30000E+01 0.00000E+00 0.00000E+00
 3.40000E+01 0.00000E+00 0.00000E+00
 3.50000E+01 0.00000E+00 0.00000E+00
 3.60000E+01 0.00000E+00 0.00000E+00
 3.70000E+01 0.00000E+00 0.00000E+00
 3.80000E+01 0.00000E+00 0.00000E+00
 3.90000E+01 0.00000E+00 0.00000E+00
 4.00000E+01 0.00000E+00 0.00000E+00
 4.10000E+01 0.00000E+00 0.00000E+00
 4.20000E+01 9.55503E-08 6.21234E-05
 4.30000E+01 8.04157E-07 3.15970E-04
 4.40000E+01 3.16410E-06 8.22052E-04
 4.50000E+01 1.12449E-05 2.10293E-03
 4.60000E+01 2.63030E-05 3.67889E-03
 4.70000E+01 4.81132E-05 4.87730E-03
 4.80000E+01 8.51569E-05 5.71561E-03
 4.90000E+01 1.10955E-04 5.13987E-03
 5.00000E+01 1.57614E-04 5.18178E-03
