# d +  61Ni: Production of  62Cu - Total
# Q-value    = 3.62992E+00 mass=  61.932594
# E-threshold= 0.00000E+00
# # energies =    50
#     E          xs
 1.00000E+00 0.00000E+00
 2.00000E+00 1.37877E-01
 3.00000E+00 6.51554E+00
 4.00000E+00 5.50583E+01
 5.00000E+00 1.63979E+02
 6.00000E+00 2.26663E+02
 7.00000E+00 2.15048E+02
 8.00000E+00 1.74113E+02
 9.00000E+00 1.30100E+02
 1.00000E+01 9.45955E+01
 1.10000E+01 6.93859E+01
 1.20000E+01 5.25712E+01
 1.30000E+01 4.07304E+01
 1.40000E+01 3.29292E+01
 1.50000E+01 2.72987E+01
 1.60000E+01 2.35025E+01
 1.70000E+01 2.04221E+01
 1.80000E+01 1.82695E+01
 1.90000E+01 1.63571E+01
 2.00000E+01 1.48913E+01
 2.10000E+01 1.36244E+01
 2.20000E+01 1.24729E+01
 2.30000E+01 1.15334E+01
 2.40000E+01 1.06608E+01
 2.50000E+01 9.93182E+00
 2.60000E+01 9.21013E+00
 2.70000E+01 8.61864E+00
 2.80000E+01 8.05307E+00
 2.90000E+01 7.56435E+00
 3.00000E+01 7.10039E+00
 3.10000E+01 6.69685E+00
 3.20000E+01 6.30693E+00
 3.30000E+01 5.95817E+00
 3.40000E+01 5.62559E+00
 3.50000E+01 5.15821E+00
 3.60000E+01 4.92019E+00
 3.70000E+01 4.69140E+00
 3.80000E+01 4.48365E+00
 3.90000E+01 4.31669E+00
 4.00000E+01 3.97745E+00
 4.10000E+01 3.92067E+00
 4.20000E+01 3.64606E+00
 4.30000E+01 3.59565E+00
 4.40000E+01 3.39283E+00
 4.50000E+01 3.31096E+00
 4.60000E+01 3.16098E+00
 4.70000E+01 3.04312E+00
 4.80000E+01 2.91243E+00
 4.90000E+01 2.80211E+00
 5.00000E+01 2.71363E+00
