# d +  60Ni: Production of  58Cu - Total
# Q-value    =-3.19550E+01 mass=  57.944532
# E-threshold= 3.30286E+01
# # energies =    50
#     E          xs
 1.00000E+00 0.00000E+00
 2.00000E+00 0.00000E+00
 3.00000E+00 0.00000E+00
 4.00000E+00 0.00000E+00
 5.00000E+00 0.00000E+00
 6.00000E+00 0.00000E+00
 7.00000E+00 0.00000E+00
 8.00000E+00 0.00000E+00
 9.00000E+00 0.00000E+00
 1.00000E+01 0.00000E+00
 1.10000E+01 0.00000E+00
 1.20000E+01 0.00000E+00
 1.30000E+01 0.00000E+00
 1.40000E+01 0.00000E+00
 1.50000E+01 0.00000E+00
 1.60000E+01 0.00000E+00
 1.70000E+01 0.00000E+00
 1.80000E+01 0.00000E+00
 1.90000E+01 0.00000E+00
 2.00000E+01 0.00000E+00
 2.10000E+01 0.00000E+00
 2.20000E+01 0.00000E+00
 2.30000E+01 0.00000E+00
 2.40000E+01 0.00000E+00
 2.50000E+01 0.00000E+00
 2.60000E+01 0.00000E+00
 2.70000E+01 0.00000E+00
 2.80000E+01 0.00000E+00
 2.90000E+01 0.00000E+00
 3.00000E+01 0.00000E+00
 3.10000E+01 0.00000E+00
 3.20000E+01 0.00000E+00
 3.30000E+01 0.00000E+00
 3.40000E+01 0.00000E+00
 3.50000E+01 0.00000E+00
 3.60000E+01 2.25489E-03
 3.70000E+01 6.71783E-03
 3.80000E+01 1.41512E-02
 3.90000E+01 2.32075E-02
 4.00000E+01 3.43360E-02
 4.10000E+01 4.48111E-02
 4.20000E+01 5.43679E-02
 4.30000E+01 6.08230E-02
 4.40000E+01 6.58393E-02
 4.50000E+01 6.82051E-02
 4.60000E+01 6.96726E-02
 4.70000E+01 7.14100E-02
 4.80000E+01 7.25793E-02
 4.90000E+01 7.28641E-02
 5.00000E+01 7.26682E-02
