# d +  58Ni: Production of  55Fe - Total
# Q-value    = 6.74396E-01 mass=  54.938291
# E-threshold= 0.00000E+00
# # energies =    50
#     E          xs
 1.00000E+00 0.00000E+00
 2.00000E+00 1.00000E-07
 3.00000E+00 1.00000E-07
 4.00000E+00 1.00000E-07
 5.00000E+00 1.00000E-07
 6.00000E+00 1.00000E-07
 7.00000E+00 2.36374E-02
 8.00000E+00 2.64938E-01
 9.00000E+00 1.38138E+00
 1.00000E+01 4.15686E+00
 1.10000E+01 8.45345E+00
 1.20000E+01 1.33172E+01
 1.30000E+01 1.84462E+01
 1.40000E+01 2.40227E+01
 1.50000E+01 3.04371E+01
 1.60000E+01 3.70513E+01
 1.70000E+01 4.31977E+01
 1.80000E+01 4.83487E+01
 1.90000E+01 5.26132E+01
 2.00000E+01 5.56185E+01
 2.10000E+01 5.78356E+01
 2.20000E+01 5.87984E+01
 2.30000E+01 5.85060E+01
 2.40000E+01 5.68794E+01
 2.50000E+01 5.40459E+01
 2.60000E+01 5.02590E+01
 2.70000E+01 4.54400E+01
 2.80000E+01 4.14231E+01
 2.90000E+01 3.76375E+01
 3.00000E+01 3.38624E+01
 3.10000E+01 3.10792E+01
 3.20000E+01 2.91138E+01
 3.30000E+01 2.75003E+01
 3.40000E+01 2.62756E+01
 3.50000E+01 2.51913E+01
 3.60000E+01 2.44922E+01
 3.70000E+01 2.40450E+01
 3.80000E+01 2.39207E+01
 3.90000E+01 2.38045E+01
 4.00000E+01 2.39168E+01
 4.10000E+01 2.45334E+01
 4.20000E+01 2.58966E+01
 4.30000E+01 2.82202E+01
 4.40000E+01 3.16930E+01
 4.50000E+01 3.63086E+01
 4.60000E+01 4.18709E+01
 4.70000E+01 4.82384E+01
 4.80000E+01 5.62922E+01
 4.90000E+01 6.35169E+01
 5.00000E+01 7.09417E+01
