# d +  62Ni: Production of  54Mn - Total
# Q-value    =-1.90454E+01 mass=  53.940356
# E-threshold= 1.96647E+01
# # energies =    50
#     E          xs
 1.00000E+00 0.00000E+00
 2.00000E+00 0.00000E+00
 3.00000E+00 0.00000E+00
 4.00000E+00 0.00000E+00
 5.00000E+00 0.00000E+00
 6.00000E+00 0.00000E+00
 7.00000E+00 0.00000E+00
 8.00000E+00 0.00000E+00
 9.00000E+00 0.00000E+00
 1.00000E+01 0.00000E+00
 1.10000E+01 0.00000E+00
 1.20000E+01 0.00000E+00
 1.30000E+01 0.00000E+00
 1.40000E+01 0.00000E+00
 1.50000E+01 0.00000E+00
 1.60000E+01 0.00000E+00
 1.70000E+01 0.00000E+00
 1.80000E+01 0.00000E+00
 1.90000E+01 0.00000E+00
 2.00000E+01 0.00000E+00
 2.10000E+01 0.00000E+00
 2.20000E+01 0.00000E+00
 2.30000E+01 0.00000E+00
 2.40000E+01 0.00000E+00
 2.50000E+01 0.00000E+00
 2.60000E+01 0.00000E+00
 2.70000E+01 0.00000E+00
 2.80000E+01 0.00000E+00
 2.90000E+01 0.00000E+00
 3.00000E+01 0.00000E+00
 3.10000E+01 0.00000E+00
 3.20000E+01 0.00000E+00
 3.30000E+01 0.00000E+00
 3.40000E+01 1.60280E-03
 3.50000E+01 6.10596E-03
 3.60000E+01 1.65899E-02
 3.70000E+01 3.93454E-02
 3.80000E+01 8.00869E-02
 3.90000E+01 1.73593E-01
 4.00000E+01 3.02131E-01
 4.10000E+01 4.39746E-01
 4.20000E+01 5.81770E-01
 4.30000E+01 7.23026E-01
 4.40000E+01 8.65702E-01
 4.50000E+01 9.96592E-01
 4.60000E+01 1.09115E+00
 4.70000E+01 1.19529E+00
 4.80000E+01 1.23938E+00
 4.90000E+01 1.25572E+00
 5.00000E+01 1.21413E+00
